id	text
ParlaMint-UA_2003-09-16-m0.u1.p1.sent1	Доброго ранку шановні народні депутати, запрошені та гості Верховної Ради України.
ParlaMint-UA_2003-09-16-m0.u1.p2.sent1	Прошу народних депутатів підготуватися до реєстрації.
ParlaMint-UA_2003-09-16-m0.u1.p2.sent2	Ввімкніть систему "Рада".
ParlaMint-UA_2003-09-16-m0.u1.p3.sent1	Зареєструвалося -381
ParlaMint-UA_2003-09-16-m0.u1.p4.sent1	У залі зареєструвалося 381 народних депутатів.
ParlaMint-UA_2003-09-16-m0.u1.p4.sent2	Ранкове засідання Верховної Ради України оголошую відкритим.
ParlaMint-UA_2003-09-16-m0.u1.p5.sent1	Шановні колеги, сьогодні день народження народних депутатів України Шепетіна Володимира Леонідовича, Шкляра Володимира Борисовича.
ParlaMint-UA_2003-09-16-m0.u1.p5.sent2	Давайте їх привітаємо і побажаємо.
ParlaMint-UA_2003-09-16-m0.u1.p5.sent3	А у неділю у нашої колеги народного депутата була ювілейна дата.
ParlaMint-UA_2003-09-16-m0.u1.p5.sent4	Давайте її щиро привітаємо, побажаємо їй натхнення, здоров’я і успіхів.
ParlaMint-UA_2003-09-16-m0.u1.p6.sent1	З процедури, будь ласка, Микола Томенко.
ParlaMint-UA_2003-09-16-m0.u1.p6.sent2	Мікрофон Томенка, будь ласка.
ParlaMint-UA_2003-09-16-m0.u2.p1.sent1	Шановні колеги, сьогодні рівно три роки, як з нами немає відомого українського журналіста Георгія Гонгадзе.
ParlaMint-UA_2003-09-16-m0.u2.p1.sent2	На жаль, за ці три роки ми так і не почули імена змовників і вбивць Георгія.
ParlaMint-UA_2003-09-16-m0.u2.p1.sent3	Але я переконаний, що ми пам’ятаємо цю історію.
ParlaMint-UA_2003-09-16-m0.u2.p1.sent4	І ця історія стане відомою не тільки для нас, а й для світу, який контролює і цікавиться цим вбивством.
ParlaMint-UA_2003-09-16-m0.u2.p1.sent5	За пропозицією журналістських організацій пропоную вшанувати пам’ять Георгія Гонгадзе і всіх українських журналістів, які загинули в боротьбі за свободу слова в Україні хвилиною мовчання.
ParlaMint-UA_2003-09-16-m0.u3.p1.sent1	Прошу встати.
ParlaMint-UA_2003-09-16-m0.u3.p2.sent1	Прошу сідати.
ParlaMint-UA_2003-09-16-m0.u3.p3.sent1	Шановні народні депутати!
ParlaMint-UA_2003-09-16-m0.u3.p3.sent2	Учора на Погоджувальній раді було прийнято рішення, що сьогодні розгляд інформації Кабінету Міністрів України щодо підготовки та можливих геополітичних соціально-економічних наслідків для України підписання договору між Російською Федерацією, Україною, Республікою Бєларусь та Казахстаном про створення єдиного економічного простору провести в режимі Дня уряду.
ParlaMint-UA_2003-09-16-m0.u3.p3.sent3	Присутній Прем’єр-міністр України Віктор Федорович Янукович, члени уряду, які безпосередньо мають відношення до цієї проблеми.
ParlaMint-UA_2003-09-16-m0.u3.p4.sent1	Пропонується такий порядок розгляду цього питання.
ParlaMint-UA_2003-09-16-m0.u3.p4.sent2	Для доповіді або точніше сказати інформації першого віце-прем’єр-міністра України Миколи Яновича Азарова надати до 15 хвилин, 10 хвилин - відповіді на запитання.
ParlaMint-UA_2003-09-16-m0.u3.p4.sent3	Мало?
ParlaMint-UA_2003-09-16-m0.u3.p4.sent4	Давайте 15 хвилин.
ParlaMint-UA_2003-09-16-m0.u3.p4.sent5	Нормально буде?
ParlaMint-UA_2003-09-16-m0.u3.p4.sent6	Шановні народні депутати, давайте якщо будуть запитання, давайте визначимося, далі продовжимо.
ParlaMint-UA_2003-09-16-m0.u3.p4.sent7	Немає проблеми.
ParlaMint-UA_2003-09-16-m0.u3.p4.sent8	Потім попросити, як ми домовлялися, щоб з інформацією виступили короткою до 5 хвилин міністр закордонних справ, міністр з питань економіки і європейської інтеграції, а також від Міністерства юстиції.
ParlaMint-UA_2003-09-16-m0.u3.p4.sent9	Потім від комітетів двох до 7 хвилин кожен, голова комітету Сташевський Станіслав Телісфорович у закордонних справах та з питань європейської інтеграції Тарасюк Борис Іванович.
ParlaMint-UA_2003-09-16-m0.u3.p4.sent10	Потім провести виступ від фракцій і груп до п’яти хвилин.
ParlaMint-UA_2003-09-16-m0.u3.p4.sent11	Немає заперечень?
ParlaMint-UA_2003-09-16-m0.u3.p4.sent12	Будь ласка, Зварич.
ParlaMint-UA_2003-09-16-m0.u4.p1.sent1	Шановний Володимире Михайловичу!
ParlaMint-UA_2003-09-16-m0.u4.p1.sent2	Шановні колеги!
ParlaMint-UA_2003-09-16-m0.u4.p1.sent3	Мною та народним депутатом України Ключковським Юрієм Богдановичем зареєстрований проект постанови Верховної Ради України про зміну часу голосування при прийнятті рішення за підсумками розгляду інформації Кабміну і далі по тексту.
ParlaMint-UA_2003-09-16-m0.u4.p1.sent4	Реєстраційний номер 4158.
ParlaMint-UA_2003-09-16-m0.u4.p1.sent5	У постанові йде мова про те, щоб ми уже сьогодні після обговорення цього питання, заслухавши інформацію Кабміну, прийняли відповідне рішення щодо заслуханої інформації.
ParlaMint-UA_2003-09-16-m0.u4.p2.sent1	Причина полягає в тому, що це питання розглядатиметься завтра на засіданні Кабінету Міністрів України та післязавтра заплановане підписання відповідної угоди.
ParlaMint-UA_2003-09-16-m0.u4.p2.sent2	Якщо ми будемо щойно в четвер приймати рішення з цього приводу, вибачте за таку грубість, але це практично зводитеметься до "моштарди по обіду", тобто Верховна Рада не зможе таким чином висловити своє ставлення до цієї угоди.
ParlaMint-UA_2003-09-16-m0.u4.p3.sent1	Тому як суб’єкт законодавчої ініціативи, я все ж таки наполягаю на тому, щоб ця постанова сьогодні уже була проголосована, щоб таким чином надати можливість законодавчому органу висловити своє ставлення, офіційну позицію Верховної Ради України.
ParlaMint-UA_2003-09-16-m0.u5.p1.sent1	Дякую.
ParlaMint-UA_2003-09-16-m0.u5.p2.sent1	Шановні колеги, якщо немає заперечень, коли ми завершим розгляд цього питання, обговорення, тоді ми визначимось щодо пропозиції народного депутата Зварича.
ParlaMint-UA_2003-09-16-m0.u5.p2.sent2	Дійсно, така постанова є за номером 4158.
ParlaMint-UA_2003-09-16-m0.u5.p2.sent3	Тоді ми проголосуєм.
ParlaMint-UA_2003-09-16-m0.u5.p2.sent4	Я думаю, що в процесі обговорення ми якраз підійдем до необхідності прийняття відповідного рішення.
ParlaMint-UA_2003-09-16-m0.u5.p3.sent1	Анатолій Матвієнко, будь ласка.
ParlaMint-UA_2003-09-16-m0.u5.p3.sent2	Шановні колеги, ми перейшли в режим розгляду.
ParlaMint-UA_2003-09-16-m0.u6.p1.sent1	Анатолій Матвієнко, українська республіканська партія "Собор", блок Юлії Тимошенко.
ParlaMint-UA_2003-09-16-m0.u6.p2.sent1	Володимире Михайловичу!
ParlaMint-UA_2003-09-16-m0.u6.p2.sent2	Щодо прийняття рішень я хочу вам заперечити, поскільки ми зараз обговорюємо процедуру, і я наполягаю на тому, щоб ми зараз прийняли рішення про те, що ми з приводу обговореного питання сьогодні повинні прийняти постанову.
ParlaMint-UA_2003-09-16-m0.u6.p3.sent1	Друге питання.
ParlaMint-UA_2003-09-16-m0.u6.p3.sent2	Я є автором слухань проекту, який я зняв в результати того, що ми замінили сьогоднішнім порядком денним і автором однієї з постанов.
ParlaMint-UA_2003-09-16-m0.u6.p4.sent1	Вчора на засіданні Узгоджувальної ради, Володимир Михайлович, я піднімав це питання, наскільки зрозуміло, не було заперечень, щоб мені бодай хоч три хвилин як автору проекту постанови також надати слово.
ParlaMint-UA_2003-09-16-m0.u6.p4.sent2	Дякую.
ParlaMint-UA_2003-09-16-m0.u7.p1.sent1	Шановні колеги, коли ми перейдемо до розгляду проектів постанови, які запропоновані, тут є альтернативні, і автори будуть мати право для виступу.
ParlaMint-UA_2003-09-16-m0.u7.p2.sent1	Народний депутат Мироненко, будь ласка, фракція комуністів, потім Кириленко В’ячеслав, і будемо працювати.
ParlaMint-UA_2003-09-16-m0.u8.p1.sent1	Уважаемые коллеги!
ParlaMint-UA_2003-09-16-m0.u8.p2.sent1	Депутат Мироненко, фракция коммунистов.
ParlaMint-UA_2003-09-16-m0.u8.p3.sent1	Как автор постановления Верховной Рады Украины о создании единого экономического пространства, я хотел бы обратить внимание на следующее, что постановление принято, и это постановление должны выполнять Президент, правительство Украины и все мы.
ParlaMint-UA_2003-09-16-m0.u8.p4.sent1	Но вместе с тем обращаю ваше внимание, что необходимо хотя бы увеличить до 30 минут на вопросы-ответы время, потому что, фактически, включаются в состав выступающих те, кто против и даже от правительства Украины.
ParlaMint-UA_2003-09-16-m0.u8.p4.sent2	И это, фактически, может блокировать очень важное решение для Украины, для народа Украины.
ParlaMint-UA_2003-09-16-m0.u8.p5.sent1	Нам необходимо подписывать соглашения и необходимо устанавливать выгодные экономические связь с Россией, Белоруссией, необходимо обеспечивать свободное прохождение товаров, рабочей силы, людей, капитала и так далее.
ParlaMint-UA_2003-09-16-m0.u8.p5.sent2	Без этого мы не обеспечим то, что необходимо.
ParlaMint-UA_2003-09-16-m0.u9.p1.sent1	Дякую.
ParlaMint-UA_2003-09-16-m0.u9.p2.sent1	В’ячеслав Кириленко, потім Мельничук - і все.
ParlaMint-UA_2003-09-16-m0.u9.p2.sent2	Все, шановні колеги, розминка - 5 хвилин.
ParlaMint-UA_2003-09-16-m0.u9.p3.sent1	У виступі, у виступі, будь ласка.
ParlaMint-UA_2003-09-16-m0.u10.p1.sent1	В’ячеслав Кириленко, "Наша Україна", Українська народна партія.
ParlaMint-UA_2003-09-16-m0.u10.p2.sent1	Шановні колеги, шановний Володимир Михайлович!
ParlaMint-UA_2003-09-16-m0.u10.p3.sent1	Я думаю, що питання є настільки важливим, що Верховна Рада повинна подбати про пряму телетрансляцію сьогоднішнього Дня уряду по одному з загальнонаціональних каналів.
ParlaMint-UA_2003-09-16-m0.u10.p3.sent2	Я прошу вас дати таке доручення, щоб виборці могли спостерігати у прямому телеефірі за позицією як депутатів, так і особливо урядовців.
ParlaMint-UA_2003-09-16-m0.u10.p4.sent1	І друга пропозиція, з процедури.
ParlaMint-UA_2003-09-16-m0.u10.p4.sent2	Мені здається, що 15 хвилин для відповідей від першого віце-прем’єра Азарова, який уже має стійку позицію і уже від імені всіх нас парафував цю угоду, явно недостатньо.
ParlaMint-UA_2003-09-16-m0.u10.p4.sent3	Пропоную 45 хвилин, а всім іншим міністрам - 20 хвилин.
ParlaMint-UA_2003-09-16-m0.u11.p1.sent1	Шановні народні депутати, відносно трансляції.
ParlaMint-UA_2003-09-16-m0.u11.p1.sent2	Я попрошу Олександра Зінченка з’ясувати можливості, наскільки можливо вирішити цю проблему.
ParlaMint-UA_2003-09-16-m0.u11.p2.sent1	Відносно регламенту.
ParlaMint-UA_2003-09-16-m0.u11.p2.sent2	Ми домовилися: 15 хвилин, до 15 хвилин для доповіді і, ми там говорили, 20, якщо буде більше запитань, ми будемо продовжувати обмін думками.
ParlaMint-UA_2003-09-16-m0.u11.p2.sent3	А все інше - тоді нам треба ставити на голосування, але я переконаний тоді, що результату ми не отримаємо.
ParlaMint-UA_2003-09-16-m0.u11.p2.sent4	Давайте погодимось з такою процедурою.
ParlaMint-UA_2003-09-16-m0.u11.p3.sent1	Михайло Мельничук, будь ласка, фракція соціалістів.
ParlaMint-UA_2003-09-16-m0.u11.p3.sent2	Шкіль - і закінчуємо.
ParlaMint-UA_2003-09-16-m0.u12.p1.sent1	Михайло Мельничук, фракція Соціалістичної партії України, Чернівецька область.
ParlaMint-UA_2003-09-16-m0.u12.p2.sent1	Шановний Володимире Михайловичу, шановний Вікторе Федоровичу.
ParlaMint-UA_2003-09-16-m0.u12.p2.sent2	Поясніть, будь ласка, все-таки, що відбувається у країні?
ParlaMint-UA_2003-09-16-m0.u12.p2.sent3	Я щойно приїхав з Чернівецької області, я об’їхав практично 6 сільських районів.
ParlaMint-UA_2003-09-16-m0.u12.p2.sent4	Ніде не можливо купити дизпаливо, шановні!
ParlaMint-UA_2003-09-16-m0.u12.p2.sent5	Ми кажемо про допомогу селу, завтра уже не буде, кому допомагати.
ParlaMint-UA_2003-09-16-m0.u12.p2.sent6	Не сіється озимина, шановні!
ParlaMint-UA_2003-09-16-m0.u12.p3.sent1	Якщо це йде полювання за урядом Януковича, то треба, щоб Україна знала цих мисливців, де вони засіли, в яких кабінетах.
ParlaMint-UA_2003-09-16-m0.u12.p3.sent2	Віктор Федорович заявив, що ціна буде, і договорено все, 1 гривня 70.
ParlaMint-UA_2003-09-16-m0.u12.p4.sent1	Вчора я персонально бачив, як з колгоспу у Новоселицькому районі з Костичан купували за 2 гривні в каністри дизпаливо.
ParlaMint-UA_2003-09-16-m0.u12.p4.sent2	І того немає!
ParlaMint-UA_2003-09-16-m0.u12.p4.sent3	Сказали так: "Поступила команда дизпаливо припрятати".
ParlaMint-UA_2003-09-16-m0.u12.p4.sent4	Давайте ми будемо обговорювати це питання, важливе для України.
ParlaMint-UA_2003-09-16-m0.u12.p4.sent5	Але село гине, шановні, кінець-кінцем!
ParlaMint-UA_2003-09-16-m0.u12.p4.sent6	Що ж це робиться?!
ParlaMint-UA_2003-09-16-m0.u12.p4.sent7	І давайте ми дамо відповідь на це питання.
ParlaMint-UA_2003-09-16-m0.u12.p4.sent8	Дякую.
ParlaMint-UA_2003-09-16-m0.u13.p1.sent1	Дякую.
ParlaMint-UA_2003-09-16-m0.u13.p2.sent1	Я ще раз прошу Івана Федоровича Томича врахувати зауваження Михайла Мельничука і при доопрацюванні проекту постанови за результатами Дня уряду нам також передбачити відповідні позиції.
ParlaMint-UA_2003-09-16-m0.u13.p3.sent1	Андрій Шкіль, будь ласка, фракція Блоку Юлії Тимошенко.
ParlaMint-UA_2003-09-16-m0.u14.p1.sent1	Дякую, Володимире Михайловичу.
ParlaMint-UA_2003-09-16-m0.u14.p2.sent1	А попередньому виступаючому хочу нагадати, що гине Україна, розумієте, позаяк невідомо, хто буде збирати цей врожай: яка країна, які економічні структури будуть збирати врожай, який ми можемо посіяти чи ні.
ParlaMint-UA_2003-09-16-m0.u14.p3.sent1	Тому от мені подобається питання, яке стоїть, наступне.
ParlaMint-UA_2003-09-16-m0.u14.p3.sent2	Закон про міжнародну технічну допомогу.
ParlaMint-UA_2003-09-16-m0.u14.p3.sent3	Яка міжнародна технічна допомога?
ParlaMint-UA_2003-09-16-m0.u14.p3.sent4	Нам буде допомагати Киргизстан і Узбекистан, ці всі дві міжнародні структури залишаються до співпраці України.
ParlaMint-UA_2003-09-16-m0.u14.p4.sent1	Володимире Михайловичу, я закликаю вас, дуже важливе питання стоїть на розгляді, підписувати цей ЄЕП, іти в ту Азопу чи ні?
ParlaMint-UA_2003-09-16-m0.u14.p4.sent2	Тому я хотів би, щоб всі народні депутати мали можливість висловитися.
ParlaMint-UA_2003-09-16-m0.u14.p4.sent3	Це надзвичайної ваги питання.
ParlaMint-UA_2003-09-16-m0.u14.p4.sent4	Всі решта відходить на другий план.
ParlaMint-UA_2003-09-16-m0.u14.p4.sent5	То я вношу пропозицію, щоб всі не тільки лідери фракцій, не тільки ті, хто там записався першими, але просто, щоб всі бажаючі мали можливість хоча би в хвилинному режимі висловити своє ставлення, висловити свої побажання і висловити свою позицію щодо зради українських інтересів.
ParlaMint-UA_2003-09-16-m0.u14.p4.sent6	Дякую.
ParlaMint-UA_2003-09-16-m0.u15.p1.sent1	Шановні народні депутати, ми обмінялися думками, тепер давайте я ще раз чітко скажу про регламент, щоб ми з вами домовились і потім до безконечності не доводили.
ParlaMint-UA_2003-09-16-m0.u15.p2.sent1	Пропонується такий регламент, він запропонований двома комітетами, підтриманий Погоджувальною радою.
ParlaMint-UA_2003-09-16-m0.u15.p2.sent2	Для доповідача Першого віце-прем’єра до 15 хвилин, відповіді на запитання - 20 хвилин, якщо будуть запитання, то до 30 хвилин.
ParlaMint-UA_2003-09-16-m0.u15.p2.sent3	Інформація від 3 міністерств: закордонних справ, економіки, європейської інтеграції, юстиції, до 5 хвилин інформація без відповіді на запитання.
ParlaMint-UA_2003-09-16-m0.u15.p2.sent4	Співдоповіді, з якими виступлять два голови комітетів.
ParlaMint-UA_2003-09-16-m0.u15.p2.sent5	Це Сташевський Станіслав Телісфорович і Тарасюк Борис Іванович - до 7 хвилин.
ParlaMint-UA_2003-09-16-m0.u15.p2.sent6	Після того виступи керівників депутатських груп і фракцій - до 5 хвилин, після того, коли ми перейдемо до розгляду проектів постанов, автори постанов будуть мати право для виступів.
ParlaMint-UA_2003-09-16-m0.u15.p3.sent1	Немає заперечень?
ParlaMint-UA_2003-09-16-m0.u15.p4.sent1	Які ще пропозиції?
ParlaMint-UA_2003-09-16-m0.u15.p4.sent2	Я ставлю на голосування цю пропозицію, прошу голосувати.
ParlaMint-UA_2003-09-16-m0.u15.p4.sent3	Одну хвилинку, не кричіть.
ParlaMint-UA_2003-09-16-m0.u15.p5.sent1	Ви, достатньо, навіть більше, ніж відвели часу, ніж потрібно.
ParlaMint-UA_2003-09-16-m0.u15.p6.sent1	Будь ласка, голосуйте, будь ласка.
ParlaMint-UA_2003-09-16-m0.u15.p7.sent1	За-258
ParlaMint-UA_2003-09-16-m0.u15.p8.sent1	Рішення прийнято.
ParlaMint-UA_2003-09-16-m0.u15.p9.sent1	Слово для доповіді має перший віце-прем’єр-міністр України Азаров Микола Янович.
ParlaMint-UA_2003-09-16-m0.u15.p9.sent2	Миколо Яновичу, будь ласка.
ParlaMint-UA_2003-09-16-m0.u15.p10.sent1	Я прошу шановних колег увагу забезпечити, прошу уваги.
ParlaMint-UA_2003-09-16-m0.u16.p1.sent1	Уважаемые народные депутат!
ParlaMint-UA_2003-09-16-m0.u17.p1.sent1	Шановні колеги!
ParlaMint-UA_2003-09-16-m0.u17.p1.sent2	Я прошу, давайте по суті питання.
ParlaMint-UA_2003-09-16-m0.u17.p1.sent3	Я розумію, але давайте сутність питання.
ParlaMint-UA_2003-09-16-m0.u17.p2.sent1	Заспокойтеся, я прошу.
ParlaMint-UA_2003-09-16-m0.u17.p2.sent2	Я прошу, шановні колеги, ми зараз зірвемо розгляд цього питання.
ParlaMint-UA_2003-09-16-m0.u17.p2.sent3	Взагалі не будемо його розглядати, шановні колеги.
ParlaMint-UA_2003-09-16-m0.u17.p3.sent1	Шановні народні депутати!
ParlaMint-UA_2003-09-16-m0.u17.p3.sent2	Або давайте таким чином домовимося, що ми будемо розглядати питання по суті, або ми зараз влаштуємо з’ясування політичних стосунків.
ParlaMint-UA_2003-09-16-m0.u17.p3.sent3	Нам потрібно розглянути питання по суті.
ParlaMint-UA_2003-09-16-m0.u17.p3.sent4	Я прошу вас, давайте врахуємо саме цю тезу - по суті.
ParlaMint-UA_2003-09-16-m0.u17.p3.sent5	Я прошу вас.
ParlaMint-UA_2003-09-16-m0.u17.p3.sent6	Йде виступ.
ParlaMint-UA_2003-09-16-m0.u17.p3.sent7	Після того, коли закінчиться.
ParlaMint-UA_2003-09-16-m0.u17.p4.sent1	Будь ласка, Миколо Яновичу.
ParlaMint-UA_2003-09-16-m0.u18.p1.sent1	Уважаемые народные депутаты!
ParlaMint-UA_2003-09-16-m0.u18.p1.sent2	Правительство Украины в своих переговорах о создании Единого экономического пространства исходило из заявы Верховной Рады Украины "про формування Єдиного економічного простору України, Реслубліки Білорусь, Російської Федерації, Республіки Казахстан", где четко сказано, что Верховна Рада видзначает, что "формування Єдиного економічного простору має здійснюватися у формах і межах, що не повинно суперечити курсу України на європейську.
ParlaMint-UA_2003-09-16-m0.u18.p1.sent3	євроатлантичну інтеграцію та мають сприяти її найшвидкішому вступу до Світової організації торгівлі".
ParlaMint-UA_2003-09-16-m0.u18.p2.sent1	В оценках Единого экономического пространства нужны национальный прагматизм и вера в незыблемость национального государственного суверенитета.
ParlaMint-UA_2003-09-16-m0.u18.p2.sent2	Мы сделали существенный шаг на пути к взятию на себя обязательств по выполнению всех трех групп копенгагенских критериев членства Украины в Европейском союзе, политической, экономической и, так называемой,.
ParlaMint-UA_2003-09-16-m0.u18.p2.sent3	комментарии, признание выполнения совокупности правовых документов, наработанных в период существования Европейского союза.
ParlaMint-UA_2003-09-16-m0.u18.p3.sent1	Я не вижу никакого противоречия между осуществлением проекта Единого экономического пространства и его ответственностью за обеспечение оптимального курса украинского государства на сближение и в перспективе членства в Европейском союзе.
ParlaMint-UA_2003-09-16-m0.u18.p3.sent2	Более того, имею основание считать, что Единое экономической пространство, действуя на прагматических принципах: защита национальных интересов, общими усилиями и средствами может ускорить приближение Украины и других сторон-участниц к выполнению копенгагенских критериев членства в Европейском союзе.
ParlaMint-UA_2003-09-16-m0.u18.p3.sent3	Свои аргументации я не буду пространно повторять ранее высказанное, сделаю только беглое и кратко сжатое упоминание по наиболее важным направлениям искажений оценок подписанных нами документов.
ParlaMint-UA_2003-09-16-m0.u18.p4.sent1	Первое.
ParlaMint-UA_2003-09-16-m0.u18.p4.sent2	Украина и другие участники проекта получают правовую возможность для восстановления и оживления всех отраслей промышленности и отдельных предприятий, которые остановились или попали в стагнацию в следствии разрыва годами создававшихся кооперативных связей.
ParlaMint-UA_2003-09-16-m0.u18.p4.sent3	За это время машиностроение, производство металлорежущих станков упало в 40 раз, сократилось с 37 тысяч до 900; тракторов - в 30 раз, сократилось с 25,1 тысячи до 2 тысяч; цемента - в 3 раза, ткани - с миллиона метров квадратных до 90 тысяч.
ParlaMint-UA_2003-09-16-m0.u18.p4.sent4	Мы уменьшили производство телевизоров в 25 раз.
ParlaMint-UA_2003-09-16-m0.u18.p4.sent5	Я мог бы и дальше называть вот эту характеристику стагнации отраслей промышленности, стагнации потому, что мы разорвали годами сложившиеся экономические связи.
ParlaMint-UA_2003-09-16-m0.u18.p5.sent1	По крайней мере впервые за полтора десятилетия соответствующих разговоров появилась практическая возможность, подчеркиваю, только перейти от разговоров к делу.
ParlaMint-UA_2003-09-16-m0.u18.p6.sent1	Подписывая соглашение формирования ЕЭП, мы надеемся на снятие тарифных и нетарифных ограничений, подчеркиваю, как специалист говорю, которые сегодня применяются обеими сторонами, принося ощутимые убытки предприятиям и их работникам.
ParlaMint-UA_2003-09-16-m0.u18.p7.sent1	Так например, Российская Федерация частично или полностью применяет квотирование и специальную защитную пошлину в отношении украинских труб, арматуры, оцинкованного проката, компрессоров для холодильного оборудования, подшипников, карамели, крахмала и так далее.
ParlaMint-UA_2003-09-16-m0.u18.p7.sent2	А страдают от этого украинские производители, и в первую очередь данные обстоятельства негативно сказываются на заработках трудящихся соответствующих отраслей предприятий.
ParlaMint-UA_2003-09-16-m0.u18.p8.sent1	С учетом рыночной направленности концепции и соглашения формирования единого экономического пространства следует принимать и самое главное конкурентные преимущества отдельных украинских производителей товаров и услуг, что без создания условий для свободного обмена в рамках зоны свободной торговли делает эти преимущества эфемерно бумажными и уж никак не сулящими новых достойно оплачиваемых рабочих мест украинским трудящимся.
ParlaMint-UA_2003-09-16-m0.u18.p8.sent2	Реализация плана создания зоны свободной торговли как первичного приоритета позволяет увидеть эти результаты уже в ближайшее время.
ParlaMint-UA_2003-09-16-m0.u18.p8.sent3	Это тем более важно, что на нынешнем этапе нашего развития и договоренности с Европейским союзом надеются на быстрое завоевание европейских рынков не приходится.
ParlaMint-UA_2003-09-16-m0.u18.p9.sent1	Третье.
ParlaMint-UA_2003-09-16-m0.u18.p9.sent2	Что касается планируемой унификации цен на энергоносители, а также тарифов на транспортные перевозки в рамках стран-участниц дает целесообразность прежде всего легко понятна любому, кто осознает важность снижения производственных затрат.
ParlaMint-UA_2003-09-16-m0.u18.p9.sent3	И тем самым снова таки повышения конкурентоспособности украинских товаров на международных рынках сбыта.
ParlaMint-UA_2003-09-16-m0.u18.p9.sent4	Противники проекта, утверждающие, что присоединение к ЕЭП Украина якобы подрывает свой государственный суверенитет через согласие некоего надгосударственного управляющего органа, попросил бы отказаться, во-первых, от оценок наших соседей как неких заведомых носителей зла в отношение Украины.
ParlaMint-UA_2003-09-16-m0.u18.p9.sent5	Во-вторых, от национального нигилизма, проявляющегося в постоянном страхе и соответственно отказе от стабильных отношений со своими ближайшими соседями.
ParlaMint-UA_2003-09-16-m0.u18.p9.sent6	В-третьих, от вредных для национальной экономики и грозящих социальной стагнацией иллюзий, о возможности едва ли немедленному присоединению к Европейскому союзу.
ParlaMint-UA_2003-09-16-m0.u18.p9.sent7	Мы исходили из программы интеграции Украины в Европейский союз, утвержденной указом Президента от 14 сентября.
ParlaMint-UA_2003-09-16-m0.u18.p9.sent8	года.
ParlaMint-UA_2003-09-16-m0.u18.p10.sent1	Шестое.
ParlaMint-UA_2003-09-16-m0.u18.p10.sent2	В обстоятельных разработках украинских ученых специалистов по региональной интеграции в отношение указанной правительственной программы содержится следующее критическое положение.
ParlaMint-UA_2003-09-16-m0.u18.p10.sent3	Украинская сторона в оценках соответствия своих действий копенгагенским критериям нередко подменяет понятия на основе примеров формального соответствия определенным внутренним правовым нормам, игнорируя существующую практику.
ParlaMint-UA_2003-09-16-m0.u18.p10.sent4	Чтобы этого не случилось, как раз и нужен практический опыт.
ParlaMint-UA_2003-09-16-m0.u18.p10.sent5	Членство в европейском едином экономическом пространстве несомненно имеет смысл рассматривать, как возможность получения соответствующего опыта.
ParlaMint-UA_2003-09-16-m0.u18.p10.sent6	Тезис противников ЕЭПа в том, что Украина таким образом, таким путем практически отказывается от европейского выбора вообще не выдерживает никакой критики.
ParlaMint-UA_2003-09-16-m0.u18.p10.sent7	Ситуация излагается в данном случае с точностью до наоборот.
ParlaMint-UA_2003-09-16-m0.u18.p11.sent1	Что касается меня, то национальные интересы государства Украина - главное в процессе ведения переговоров.
ParlaMint-UA_2003-09-16-m0.u18.p12.sent1	Еще несколько слов.
ParlaMint-UA_2003-09-16-m0.u18.p12.sent2	Критерии создания единого экономического пространства соответствуют главным копенгагенским критериям членства в ЕЭС.
ParlaMint-UA_2003-09-16-m0.u18.p12.sent3	Напомню вам, какие они.
ParlaMint-UA_2003-09-16-m0.u18.p12.sent4	Это, прежде всего, макроэкономическая стабильность, осуществление структурных реформ, либерализация торговых режимов, улучшение условий конкуренции, улучшение структуры и диферсификации экспорта, осуществление промышленной политики, направленной на снижение материалов энергоемкости.
ParlaMint-UA_2003-09-16-m0.u18.p12.sent5	Как экономист-практик имею достаточно оснований утверждать, что без воплощения в жизнь текущих интеграционных проектов, реализовать эту часть копенгагенских критериев мы даже в отдаленном будущем не сумеем.
ParlaMint-UA_2003-09-16-m0.u18.p12.sent6	Главный инструмент ЕЭП - это повышение жизненного уровня нашего населения, главный инструмент ЕЭП - это обеспечение дополнительных рабочих мест.
ParlaMint-UA_2003-09-16-m0.u18.p13.sent1	Еще несколько аргументов.
ParlaMint-UA_2003-09-16-m0.u18.p13.sent2	В Западной Европе отсутствует регламентируемое увязывание европейской интеграции исключительно с Европейским Союзом в его нынешнем представлении.
ParlaMint-UA_2003-09-16-m0.u18.p14.sent1	В общих положениях договора о Европейском Союзе в самом начале, статья первая, сказано, что речь идет о начале нового этапа в процессе создания еще более тесного союза народов Европы.
ParlaMint-UA_2003-09-16-m0.u18.p15.sent1	Далее.
ParlaMint-UA_2003-09-16-m0.u18.p15.sent2	Раздел пятый.
ParlaMint-UA_2003-09-16-m0.u18.p15.sent3	В положениях об общей внешней политике, политике безопасности недвусмысленно говорится о такой основной цели европейского союза, как содействие международному сотрудничеству.
ParlaMint-UA_2003-09-16-m0.u18.p15.sent4	В работе над документами о формировании единого экономического пространства, украинской стороной учитывались и другие статьи договора о едином европейском союзе, в частности та, в которой определенно утверждается право любого государства, признающего и уважающего критерии членства на подачу соответствующей заявки.
ParlaMint-UA_2003-09-16-m0.u18.p16.sent1	Любое государство имеет право из единого экономического пространства.
ParlaMint-UA_2003-09-16-m0.u18.p16.sent2	Это означает только одно: если даже гипотетически появятся угрозы суверенному принятию стратегических решений, Украина имеет правовые возможности отказаться от членства в ЕЭП, урегулировав свои предыдущие обязательства.
ParlaMint-UA_2003-09-16-m0.u18.p17.sent1	Много слов, мне трудно говорить, уважаемые.
ParlaMint-UA_2003-09-16-m0.u18.p17.sent2	Я вернулся среди ночи, участвовал в заседании в министерстве конференции СОТ, где украинская делегация последовательно проводила роботу и отстаивала интересы Украины, а не ваши.
ParlaMint-UA_2003-09-16-m0.u18.p18.sent1	. последовательно проводила политику на вступление Украины во Всемирную организацию СОТ.
ParlaMint-UA_2003-09-16-m0.u18.p18.sent2	Это ложь, что угода про создание единого экономического пространства препятствует вступлению Украины в СОТ.
ParlaMint-UA_2003-09-16-m0.u18.p18.sent3	Ни на одних из переговоров даже не поднимался вопрос о едином экономическом пространстве.
ParlaMint-UA_2003-09-16-m0.u19.p1.sent1	Я прошу уваги, шановні колеги, прошу уваги.
ParlaMint-UA_2003-09-16-m0.u20.p1.sent1	Более того, уж если говорить серьезно, то рамочное соглашение, каким является угода, подчеркиваю - рамочное, не содержащее ни одной цифры, не содержащее ни одного конкретного обязательства, никакой.
ParlaMint-UA_2003-09-16-m0.u20.p2.sent1	. никакой угрозы для невступления в СОТ, ни для членства Украины, возможного когда-либо в Европейском союзе, не грозит.
ParlaMint-UA_2003-09-16-m0.u20.p3.sent1	Теперь, если тот народный депутат, кто внимательно читал соглашение, он увидит, что каждый пункт соглашения требует разработки дополнительных международных договоров, которые уже конкретно обозначают ту или иную степень участия Украины в том или ином конкретном проекте.
ParlaMint-UA_2003-09-16-m0.u20.p4.sent1	Более того, ни один международный договор никогда не предполагает, что страна добровольно не передает или не ограничивает свой суверенитет в той или иной части.
ParlaMint-UA_2003-09-16-m0.u20.p4.sent2	Достаточно посмотреть любой из протоколов СОТ, где мы увидим, какие обязательства на себя берет Украина.
ParlaMint-UA_2003-09-16-m0.u20.p4.sent3	И это уже реальные обязательства, реальные обязательства, которые реально повлияют на нашу экономику, на наш жизненный уровень и так далее.
ParlaMint-UA_2003-09-16-m0.u20.p5.sent1	Я готов, Владимир Михайлович, ответить на все вопросы.
ParlaMint-UA_2003-09-16-m0.u21.p1.sent1	Будь ласка, питання.
ParlaMint-UA_2003-09-16-m0.u21.p1.sent2	Запишіться, шановні колеги.
ParlaMint-UA_2003-09-16-m0.u21.p1.sent3	Тут є письмові питання.
ParlaMint-UA_2003-09-16-m0.u21.p1.sent4	І будемо чергувати.
ParlaMint-UA_2003-09-16-m0.u21.p2.sent1	Я прошу вас заспокоїтися, підійти до голови Комітету з питань євроінтеграції, він вам розкаже.
ParlaMint-UA_2003-09-16-m0.u21.p2.sent2	Або давайте будемо слухати, або будемо працювати!
ParlaMint-UA_2003-09-16-m0.u21.p2.sent3	Давайте будемо нормально йти за процедурою.
ParlaMint-UA_2003-09-16-m0.u21.p3.sent1	Будь ласка, на табло прізвища народних депутатів.
ParlaMint-UA_2003-09-16-m0.u21.p3.sent2	Катерина Ващук, фракція Аграрної партії України.
ParlaMint-UA_2003-09-16-m0.u22.p1.sent1	Шановний Миколо Яновичу.
ParlaMint-UA_2003-09-16-m0.u22.p1.sent2	Ми сьогодні на фракції дуже детально аналізували цю угоду, і нам хочеться вірити в те, що вона не буде шкодити нашому вступу в ЄС.
ParlaMint-UA_2003-09-16-m0.u22.p1.sent3	Але є таке запитання.
ParlaMint-UA_2003-09-16-m0.u22.p2.sent1	У статті 2-ій, пункт 2-й, в ньому говориться про те, що ми не зможемо або ми не матимемо права односторонньо проводити антидемпінгові розслідування дотувати, підтримувати виробництво окремих видів товарів.
ParlaMint-UA_2003-09-16-m0.u22.p2.sent2	Я вас хочу запитати чи це не позначиться на тому, що ми не зможемо підтримувати, скажімо, нашу галузь тваринництва , аби це не трактувалося, як таке, що ми працюємо проти даної угоди.
ParlaMint-UA_2003-09-16-m0.u22.p2.sent3	Це не сприятиме її розвитку.
ParlaMint-UA_2003-09-16-m0.u22.p2.sent4	Тому я хочу вас запитати, чи відносно цього буде окрема угода, чи ми дійсно нічого не зможемо дотувати в АПК?
ParlaMint-UA_2003-09-16-m0.u23.p1.sent1	Я еще раз подчеркиваю.
ParlaMint-UA_2003-09-16-m0.u23.p1.sent2	Соглашение рамочное, Катерина Тимофеевна, и главное, что мы добились в процессе очень непростых переговоров, а я подчеркиваю, что угода носила компромиссный характер, и поэтому многим критикам, я с уважением отношусь к критической позиции, но надо понимать, что угода - это компромисс.
ParlaMint-UA_2003-09-16-m0.u23.p1.sent3	Где-то мы пошли навстречу, где-то нам пошли навстречу.
ParlaMint-UA_2003-09-16-m0.u23.p1.sent4	Так вот, главное, где нам пошли.
ParlaMint-UA_2003-09-16-m0.u23.p1.sent5	главное, впервые за все годы переговоров в Россией нам удалось добиться формулировки, только вдумайтесь, я ее зачитаю, потому что может быть некоторые не читали ж угоду.
ParlaMint-UA_2003-09-16-m0.u23.p2.sent1	Первым этапом формирования зоны свободной торговли без изъятий и ограничений, предлагающей неприменение во взаимной торговле антидемпинговых, компенсационных и специальных защитных мер на базе проведения единой политики в области тарифного и нетарифного регулирования единых правил конкуренции , единых правил конкуренции.
ParlaMint-UA_2003-09-16-m0.u23.p2.sent2	Вот от сюда и вытекает ответ на ваш вопрос.
ParlaMint-UA_2003-09-16-m0.u23.p2.sent3	Никаких ни антидемпинговых.
ParlaMint-UA_2003-09-16-m0.u23.p3.sent1	Владимир Михайлович, если будут так кричать, я уйду с трибуны.
ParlaMint-UA_2003-09-16-m0.u23.p3.sent2	Я достаточно себя уважаю.
ParlaMint-UA_2003-09-16-m0.u23.p4.sent1	.чтобы иметь право на выступление в этом зале.
ParlaMint-UA_2003-09-16-m0.u24.p1.sent1	Миколо Яновичу, одну хвилинку.
ParlaMint-UA_2003-09-16-m0.u24.p2.sent1	Шановні народні депутати!
ParlaMint-UA_2003-09-16-m0.u24.p2.sent2	Або давайте будемо слухати один одного, або давайте припинимо розгляд цього питання.
ParlaMint-UA_2003-09-16-m0.u24.p2.sent3	Ну, потім в виступах ви дасте свою оцінку.
ParlaMint-UA_2003-09-16-m0.u25.p1.sent1	Я за все эти годы не давал основания никому тут упрекать, что я изменил интересам Украины.
ParlaMint-UA_2003-09-16-m0.u26.p1.sent1	Прошу заспокоїтися, ну я прошу, сядте, будь ласка, ну будьте ви людьми, ну що таке.
ParlaMint-UA_2003-09-16-m0.u26.p1.sent2	Ну, я прошу вас.
ParlaMint-UA_2003-09-16-m0.u26.p1.sent3	Я прошу заспокоїтись, шановні.
ParlaMint-UA_2003-09-16-m0.u27.p1.sent1	Я вовсе не боюсь вас, потому что я действовал и буду действовать в интересах Украины, а не вас.
ParlaMint-UA_2003-09-16-m0.u28.p1.sent1	Шановні колеги, я прошу, давайте демонструвати свій рівень, свою цивілізованість, но я прошу вас, потім будете виступати, ну, я прошу вас дайте нормально.
ParlaMint-UA_2003-09-16-m0.u28.p2.sent1	Шановні колеги, я прошу вас заспокоїтися.
ParlaMint-UA_2003-09-16-m0.u28.p2.sent2	Заспокойтеся, будь ласка.
ParlaMint-UA_2003-09-16-m0.u28.p3.sent1	Косінов, позафракційний, будь ласка.
ParlaMint-UA_2003-09-16-m0.u28.p4.sent1	Є народний депутат Косінов?
ParlaMint-UA_2003-09-16-m0.u29.p1.sent1	Я закончу ответ на вопросы Катерины Тимофеевны.
ParlaMint-UA_2003-09-16-m0.u29.p1.sent2	Поэтому, вот это важнейшее положение, оно пока еще рамочное, его надо будет потом конкретизовать, но оно говорит о том, что в рамках единого экономического пространства будут единые правила конкуренции, применение субсидий и иных форм государственной поддержки.
ParlaMint-UA_2003-09-16-m0.u29.p1.sent3	Наше село и наш агропромышленный комплекс не далеко ушел от российского и казахского и нам нужны примерно одинаковые формы поддержки, чтобы наша продукция конкурировала на нашем общем рынке.
ParlaMint-UA_2003-09-16-m0.u29.p2.sent1	Что такое ЕЭП?
ParlaMint-UA_2003-09-16-m0.u29.p2.sent2	Это общий рынок наших государств, общий рынок подчеркиваю, это то, к чему и с чего начинался Европейский союз, прежде всего общий рынок.
ParlaMint-UA_2003-09-16-m0.u29.p2.sent3	И поэтому вот это важнейшее положение, которое нам удалось отстоять, я считаю главным продвижением вперед.
ParlaMint-UA_2003-09-16-m0.u30.p1.sent1	Народний депутат Косінов, позафракційний, будь ласка.
ParlaMint-UA_2003-09-16-m0.u31.p1.sent1	Уважаемый Николай Янович, дебаты, которые сегодня идут в зале, они наверное связаны и с политическим, и с юридическим аспектом этой проблемы.
ParlaMint-UA_2003-09-16-m0.u31.p1.sent2	Почему сегодня Кабинетом Министров не сделана сравнительная таблица, которая бы состояла с трех столбцов: по СОТ, по ЕС и по ЕЭП.
ParlaMint-UA_2003-09-16-m0.u31.p1.sent3	Чтобы сегодня мы могли посмотреть где есть юридические несоответствия и большая часть, я уверен, смогла бы самостоятельно разобраться и принять решение.
ParlaMint-UA_2003-09-16-m0.u31.p1.sent4	У меня просьба чтобы к четвергу такая сравнительная таблица, а противоречия есть, поскольку сегодня и есть и заявления фракции, есть проект постановления, внесенный членами комитета Европейской интеграции, где есть упор ставится на юридический аспект.
ParlaMint-UA_2003-09-16-m0.u31.p1.sent5	У меня просьба, подготовьте такую сравнительную таблицу, которую бы мог специалист Кабинета Министров уже давно сделать.
ParlaMint-UA_2003-09-16-m0.u31.p2.sent1	Спасибо.
ParlaMint-UA_2003-09-16-m0.u32.p1.sent1	Уважаемый народный депутат Косинов, еще раз подчеркиваю, сравнивать нечего, потому что, если протоколы вступления в СОТ, а я показываю только маленькую часть от этих протоколов, содержат детальную разработку наших позиций на переговорах, ну например, там предположим в течение 4 лет переходного периода мы должны привести свои экспортные пошлины и указывается конкретные параметры этих пошлин, то не на переговорах с ЕС, не на переговорах с ЕЭП даже близко не обсуждались никакие конкретные параметры.
ParlaMint-UA_2003-09-16-m0.u32.p1.sent2	И там кто говорит, что там какие-то мытные союзы, общая валюта и прочее, прочее, это попытки сорвать процесс или еще что-то.
ParlaMint-UA_2003-09-16-m0.u32.p1.sent3	Я не буду сейчас говорить.
ParlaMint-UA_2003-09-16-m0.u32.p1.sent4	Но они ничего общего не имеют с реальными договоренностями.
ParlaMint-UA_2003-09-16-m0.u32.p2.sent1	Второе.
ParlaMint-UA_2003-09-16-m0.u32.p2.sent2	Второе наиболее важное.
ParlaMint-UA_2003-09-16-m0.u32.p2.sent3	Сейчас слушается информация, по сути рассматривается документ неподписаный.
ParlaMint-UA_2003-09-16-m0.u32.p2.sent4	Он поступит на ратификацию, как и любой международный договор, поступит на ратификацию в парламент.
ParlaMint-UA_2003-09-16-m0.u32.p2.sent5	И право парламента вот тогда уже давать оценку этому документу: принимать его или не принимать.
ParlaMint-UA_2003-09-16-m0.u32.p2.sent6	Сейчас на этой стадии мы только информируем о том, что заложено в основу этого рамочного соглашения.
ParlaMint-UA_2003-09-16-m0.u32.p3.sent1	Поэтому представить, уважаемый народный депутат Косинов, такие таблицы-сравнения невозможно по той простой причине, что речь идет о несравнимых по характеру документах.
ParlaMint-UA_2003-09-16-m0.u33.p1.sent1	Володимир Єщенко, фракція комунстів.
ParlaMint-UA_2003-09-16-m0.u34.p1.sent1	Прошу передать слово Александровской Алле Александровне.
ParlaMint-UA_2003-09-16-m0.u35.p1.sent1	Алла Александровська, да?
ParlaMint-UA_2003-09-16-m0.u35.p1.sent2	Будь ласка.
ParlaMint-UA_2003-09-16-m0.u36.p1.sent1	Александровская, фракция коммунистов, город Харьков.
ParlaMint-UA_2003-09-16-m0.u36.p2.sent1	Николай Янович, совершенно правильно вы даете оценку предполагаемому документу, который, я думаю, что Верховна Рада ратифицирует в обязательном порядке.
ParlaMint-UA_2003-09-16-m0.u36.p3.sent1	Я в этом убеждена потому, что мы видим стоят заводы сельхозмашиностроения, стоят заводы приборостроительные.
ParlaMint-UA_2003-09-16-m0.u36.p3.sent2	Харьковские заводы могут производить сегодня и способны производить телевизоры хорошего качества, но в Европе они неконкурентноспособны, а россияне просят эту продукцию.
ParlaMint-UA_2003-09-16-m0.u36.p3.sent3	Я думаю, харьковчане, которые сегодня слушают ваш доклад и слушают то, что происходит в Верховной Раде, прекрасно понимают, что в едином экономическом пространстве их рабочие места, повышение их благосостояния, и я уверена, что они поддерживают намерение правительства заключить подобное соглашение.
ParlaMint-UA_2003-09-16-m0.u36.p4.sent1	Спасибо вам за вашу работу.
ParlaMint-UA_2003-09-16-m0.u37.p1.sent1	Василь Гаврилюк, група "Народовладдя".
ParlaMint-UA_2003-09-16-m0.u38.p1.sent1	Спасибо Владимир Михайлович.
ParlaMint-UA_2003-09-16-m0.u38.p1.sent2	Уважаемый Николай Янович, сегодня в рамках соглашения про режим свободной торговли с Россией изъяты такие товары, как трубы, сахар, кондитерские изделия, ряд других.
ParlaMint-UA_2003-09-16-m0.u38.p1.sent3	Скажите, пожалуйста, первый вопрос, как будет при вступлении в единое экономическое пространство?
ParlaMint-UA_2003-09-16-m0.u38.p2.sent1	Второй вопрос.
ParlaMint-UA_2003-09-16-m0.u38.p2.sent2	Сегодня включает ли Российская Федерация в режим свободной торговли для ЕЭП.
ParlaMint-UA_2003-09-16-m0.u38.p2.sent3	Энергоносители - газ, нефть и другие.
ParlaMint-UA_2003-09-16-m0.u38.p2.sent4	Спасибо.
ParlaMint-UA_2003-09-16-m0.u39.p1.sent1	Уважаемые народные депутаты!
ParlaMint-UA_2003-09-16-m0.u39.p1.sent2	Я уже сказал, что самое главное достижение, я считаю, это то, что мы договорились, и я еще раз зачитаю: на первом этапе , и я говорил, шановни, если мы не создадим зону свободной торговли в полной объеме, без изъятия ограничений, и мы это записали и так далее по тексту, мы никуда далее не продвинемся.
ParlaMint-UA_2003-09-16-m0.u39.p1.sent3	Это был одним из главных противоречий в наших переговорах.
ParlaMint-UA_2003-09-16-m0.u39.p1.sent4	Потому что Россия прекрасно понимает, что это на самом деле означает.
ParlaMint-UA_2003-09-16-m0.u39.p1.sent5	Это на самом деле означает единые цены на энергоносители.
ParlaMint-UA_2003-09-16-m0.u39.p1.sent6	И я понимал, насколько тяжело России пойти на эту формулировку.
ParlaMint-UA_2003-09-16-m0.u39.p1.sent7	Хотя это, еще раз подчеркиваю, соглашение рамочное, и от него еще длинная и далекая дорога до реального договора о создании такой зоны свободной торговли, который тоже должен будет ратифицирован как парламентом нашей страны, так и трех стран-участников.
ParlaMint-UA_2003-09-16-m0.u39.p2.sent1	Но, подчеркиваю, никаких изъятий в зоне свободной торговли, мы договорились, не будет.
ParlaMint-UA_2003-09-16-m0.u39.p2.sent2	И эту позицию подтвердил президент Путин.
ParlaMint-UA_2003-09-16-m0.u39.p2.sent3	Цены на энергоносители будут единые.
ParlaMint-UA_2003-09-16-m0.u39.p2.sent4	Это колоссальный выигрыш для нашей экономики.
ParlaMint-UA_2003-09-16-m0.u39.p2.sent5	Колоссальный выигрыш.
ParlaMint-UA_2003-09-16-m0.u39.p2.sent6	Теперь.
ParlaMint-UA_2003-09-16-m0.u40.p1.sent1	Я прошу заспокоїтися.
ParlaMint-UA_2003-09-16-m0.u40.p1.sent2	Шановні колеги, прошу уваги.
ParlaMint-UA_2003-09-16-m0.u40.p1.sent3	Іван Олександрович, будь ласка, прошу уваги.
ParlaMint-UA_2003-09-16-m0.u41.p1.sent1	Теперь я не говорил в своем выступлении, скажу сейчас.
ParlaMint-UA_2003-09-16-m0.u41.p1.sent2	Мне вообще непонятен здравый смысл, он отсутствует.
ParlaMint-UA_2003-09-16-m0.u41.p1.sent3	Во многих подходах в оценках этого соглашения.
ParlaMint-UA_2003-09-16-m0.u41.p1.sent4	Ведь киевская формула, над которой мы работали очень долго, говорит о главном принципе создания единого экономического пространства: это - принцип разноскоростной и разноуровневой интеграции.
ParlaMint-UA_2003-09-16-m0.u41.p2.sent1	Далее.
ParlaMint-UA_2003-09-16-m0.u41.p2.sent2	Мы в соглашении четко записали, что каждая сторона самостоятельно принимает решение об объеме и скорости продвижения на пути интеграции.
ParlaMint-UA_2003-09-16-m0.u41.p2.sent3	Что вызывает у нас сомнение?
ParlaMint-UA_2003-09-16-m0.u41.p2.sent4	Мы на любом этапе, на любом этапе продвижения вперед можем остановиться.
ParlaMint-UA_2003-09-16-m0.u41.p2.sent5	На любом этапе.
ParlaMint-UA_2003-09-16-m0.u41.p2.sent6	Теперь.
ParlaMint-UA_2003-09-16-m0.u42.p1.sent1	Прошу уваги, шановні колеги!
ParlaMint-UA_2003-09-16-m0.u42.p1.sent2	Прошу уваги.
ParlaMint-UA_2003-09-16-m0.u43.p1.sent1	Теперь.
ParlaMint-UA_2003-09-16-m0.u43.p1.sent2	Мы четко записали, что все наши последующие соглашения будут строиться на базе общепризнанных принципов, норм международного права, а также правил и принципов Всемирной торговой организации.
ParlaMint-UA_2003-09-16-m0.u43.p2.sent1	Мы записали, что единое экономическое пространство формируется постепенно, путем повышения уровня интеграции - далее по тексту, с учетом общепризнанных норм, принципов международного права, а также опыта и законодательства Европейского Союза.
ParlaMint-UA_2003-09-16-m0.u43.p2.sent2	Послушайте и вдумайтесь в эти фразы, уважаемые критики!
ParlaMint-UA_2003-09-16-m0.u44.p1.sent1	Прошу уваги!
ParlaMint-UA_2003-09-16-m0.u44.p1.sent2	Прошу уваги, шановні колеги!
ParlaMint-UA_2003-09-16-m0.u44.p1.sent3	Я прошу вас, ну дайте можливість відповідати на запитання.
ParlaMint-UA_2003-09-16-m0.u44.p1.sent4	Ну, я прошу.
ParlaMint-UA_2003-09-16-m0.u44.p1.sent5	Шановні колеги!
ParlaMint-UA_2003-09-16-m0.u44.p1.sent6	Прошу уваги, шановні колеги!
ParlaMint-UA_2003-09-16-m0.u44.p1.sent7	Ну час же іде, ми перепалку тільки влаштовуємо.
ParlaMint-UA_2003-09-16-m0.u44.p1.sent8	Я прошу, шановні колеги!
ParlaMint-UA_2003-09-16-m0.u44.p1.sent9	Ну прошу уваги!
ParlaMint-UA_2003-09-16-m0.u44.p1.sent10	Микола Янович, ви закінчили відповідь на запитання?
ParlaMint-UA_2003-09-16-m0.u44.p1.sent11	Да?
ParlaMint-UA_2003-09-16-m0.u44.p1.sent12	Закінчили відповідь?
ParlaMint-UA_2003-09-16-m0.u44.p1.sent13	Наступне?
ParlaMint-UA_2003-09-16-m0.u44.p1.sent14	Сергій Ратушняк, депутатська група "Демократичні ініціативи".
ParlaMint-UA_2003-09-16-m0.u45.p1.sent1	Уважаемый Николай Янович!
ParlaMint-UA_2003-09-16-m0.u45.p1.sent2	Вопрос в том, что подготавливается проект в закрытом режиме некоторыми адвокатами и сейчас уже готовится заявление, а пакета никто не видел.
ParlaMint-UA_2003-09-16-m0.u45.p1.sent3	Это напоминает осуждение трудов Солженицына, не видя трудов.
ParlaMint-UA_2003-09-16-m0.u45.p2.sent1	Я что хотел пожелать, чтобы.
ParlaMint-UA_2003-09-16-m0.u45.p2.sent2	почему не перейти на конкретные по трудовым ресурсам, по энергоресурсам и так далее, договора, почему мы хочем опять обниматься с Россией?
ParlaMint-UA_2003-09-16-m0.u45.p2.sent3	Мы 500 лет с ними были в объятиях, и, в принципе процветания так и не дождались.
ParlaMint-UA_2003-09-16-m0.u45.p2.sent4	Кто сегодня мешает России покупать наши товары?
ParlaMint-UA_2003-09-16-m0.u45.p2.sent5	Это вопрос.
ParlaMint-UA_2003-09-16-m0.u45.p3.sent1	Дальше, завтра.
ParlaMint-UA_2003-09-16-m0.u45.p3.sent2	в этом договоре бесплатный транзит энергоресурсов России, получается уничтожение металлопродукции и продукции химического производства, потому что Российский производитель работает на 30 долларов за тысячу кубов газа, а наши работают по 100 долларов. Какая конкурентоспособность?
ParlaMint-UA_2003-09-16-m0.u45.p3.sent3	Нас уничтожат.
ParlaMint-UA_2003-09-16-m0.u45.p3.sent4	Я не понимаю, где же выгода?
ParlaMint-UA_2003-09-16-m0.u45.p3.sent5	Спасибо.
ParlaMint-UA_2003-09-16-m0.u46.p1.sent1	Еще раз повторяю, договор рамочный.
ParlaMint-UA_2003-09-16-m0.u46.p1.sent2	К этому договоры должно быть приложено более 50-ти конкретных соглашений по тем или иным вопросам.
ParlaMint-UA_2003-09-16-m0.u46.p1.sent3	Мы не успели даже близко подойти к так называемому комплексу мер, которые подлежит разработать нашим правительством для реализации этого проекта.
ParlaMint-UA_2003-09-16-m0.u46.p2.sent1	Еще раз обращаю ваше внимание: вам всем розданы соглашения, прочитайте их, прочитайте концепцию, вдумайтесь в каждую фразу.
ParlaMint-UA_2003-09-16-m0.u46.p3.sent1	Так вот, что касается железнодорожных тарифов и вообще тарифной политики на транспорте, еще раз повторяю, что формирование зоны свободной торговли без изъятий и ограничений будет осуществляться на базе проведения единой политики в области тарифного и нетарифного регулирования единых правил конкуренции.
ParlaMint-UA_2003-09-16-m0.u46.p3.sent2	Это будет означать, что, безусловно, мы будет отстаивать свои интересы для обеспечения таких транспортных тарифов, чтобы наши товары были конкурентоспособны в Российской Федерации.
ParlaMint-UA_2003-09-16-m0.u46.p3.sent3	Это главный принцип, который был заложен в создании, вот в эту формулировку по созданию зоны свободной торговли.
ParlaMint-UA_2003-09-16-m0.u46.p4.sent1	И еще раз подчеркиваю, что это все потребует очень детальной разработки при принятии конкретных уже договоров, так называемого комплекса мер.
ParlaMint-UA_2003-09-16-m0.u47.p1.sent1	Володимир Левцун, фракція Блоку Юлії Тимошенко.
ParlaMint-UA_2003-09-16-m0.u48.p1.sent1	Прошу передати слово Андрію Шкілю.
ParlaMint-UA_2003-09-16-m0.u49.p1.sent1	Андрій Шкіль.
ParlaMint-UA_2003-09-16-m0.u50.p1.sent1	Дякую.
ParlaMint-UA_2003-09-16-m0.u50.p1.sent2	По-перше, я хотів би тут сказати, що Микола Азаров тут, виступаючи з трибуни, виступає вже державною мовою, ви його не сваріть.
ParlaMint-UA_2003-09-16-m0.u50.p1.sent3	Тому що він виступає мовою тої держави, в якій він хоче жити, і хоче, щоб ми жили в ній.
ParlaMint-UA_2003-09-16-m0.u50.p1.sent4	Це перше.
ParlaMint-UA_2003-09-16-m0.u50.p2.sent1	Друге.
ParlaMint-UA_2003-09-16-m0.u50.p2.sent2	Володимире Михайловичу, до вас.
ParlaMint-UA_2003-09-16-m0.u50.p2.sent3	Ви кажете, що тут культури в залі немає.
ParlaMint-UA_2003-09-16-m0.u50.p2.sent4	Куди рухаємося - така і культура.
ParlaMint-UA_2003-09-16-m0.u50.p2.sent5	Рухаємося в "Азопу" - така і культура буде в цій сесійній залі.
ParlaMint-UA_2003-09-16-m0.u50.p3.sent1	І я вас прошу, Микола Янович, без ритуальних заклинань про те, що "як добре", і цитувань цієї домовленості.
ParlaMint-UA_2003-09-16-m0.u50.p3.sent2	На відміну від вас, ми знаємо іншу іноземну мову, наприклад, російську, і вміємо прочитати все, що там написано.
ParlaMint-UA_2003-09-16-m0.u50.p3.sent3	Не треба тут цих цитат.
ParlaMint-UA_2003-09-16-m0.u50.p4.sent1	Стосовно СОТу і ЄЕПу.
ParlaMint-UA_2003-09-16-m0.u50.p4.sent2	Це, я вам скажу, те ж саме, що жінці і коханці пояснювати, як ми рівно одна одну любимо, жінці казати, як я люблю коханку, коханці - як я люблю жінку.
ParlaMint-UA_2003-09-16-m0.u50.p4.sent3	Це те ж саме пояснювати поїхати в Європу і казати, що ми любимо Європейську економічну співдружність, вступаючи в іншу.
ParlaMint-UA_2003-09-16-m0.u50.p5.sent1	І друге.
ParlaMint-UA_2003-09-16-m0.u50.p5.sent2	Я хотів би, щоб ви зацитували і показали сторінку, де записано, що ціни на енергоносії будуть єдиними.
ParlaMint-UA_2003-09-16-m0.u50.p5.sent3	Будь ласка.
ParlaMint-UA_2003-09-16-m0.u51.p1.sent1	Во время переговоров с российской, белорусской и казахской стороной ни разу не поднимался вопрос, который бы ущемлял экономические интересы Украины.
ParlaMint-UA_2003-09-16-m0.u51.p1.sent2	В отличие от тех переговоров, которые я только что провел, на которых жестко ставились требования Украине и на которые мы будем искать адекватные ответы, ну, например: полностью отменить экспортные пошлины на вывоз металлолома в другие страны.
ParlaMint-UA_2003-09-16-m0.u51.p1.sent3	Я говорю своему собеседнику , я говорю: "Что такое 500 тысяч металлолома вывезти из Украины сейчас - это остановить работу одного из заводов металлургических".
ParlaMint-UA_2003-09-16-m0.u51.p1.sent4	Так или не так?
ParlaMint-UA_2003-09-16-m0.u51.p1.sent5	Вот здесь металлург Гуров сидит.
ParlaMint-UA_2003-09-16-m0.u51.p1.sent6	Так Вадим?.
ParlaMint-UA_2003-09-16-m0.u51.p1.sent7	Так.
ParlaMint-UA_2003-09-16-m0.u51.p2.sent1	Вот какие требования к нам, друзья мои, выставляются, это вам не вот эти вот разговоры, пока самые общие.
ParlaMint-UA_2003-09-16-m0.u51.p2.sent2	Или, например, разрешить ввоз куриного мяса без ограничений и так далее.
ParlaMint-UA_2003-09-16-m0.u51.p2.sent3	Где ж мы защитники национального суверенитета, вот здесь на переговорах и мы.
ParlaMint-UA_2003-09-16-m0.u51.p3.sent1	Я мог мы многое еще рассказать, но мы исходили и будем исходить прежде всего из национальных интересов Украины.
ParlaMint-UA_2003-09-16-m0.u51.p3.sent2	И то, что вы сейчас так боитесь, это означает, что я больше вас верю в государственный суверенитет Украины чем вы в него верите.
ParlaMint-UA_2003-09-16-m0.u51.p4.sent1	Вы в нем сомневаетесь, а я не сомневаюсь в нем.
ParlaMint-UA_2003-09-16-m0.u52.p1.sent1	Анатолій Грязєв, Фракція Соціалістичної партії України.
ParlaMint-UA_2003-09-16-m0.u52.p1.sent2	Останнє запитання.
ParlaMint-UA_2003-09-16-m0.u53.p1.sent1	Прошу передать слово Вінському.
ParlaMint-UA_2003-09-16-m0.u54.p1.sent1	Йосип Вінський.
ParlaMint-UA_2003-09-16-m0.u55.p1.sent1	Вінський.
ParlaMint-UA_2003-09-16-m0.u55.p1.sent2	Фракцій Соціалістичної партії України.
ParlaMint-UA_2003-09-16-m0.u55.p2.sent1	Микола Янович, я хотів би все-таки з ваших уст чітко отримати відповідь, що ціна на газ і на нафту після підписання цієї угоди і в Росії, і в Україні буде однаковою.
ParlaMint-UA_2003-09-16-m0.u55.p2.sent2	Це перше.
ParlaMint-UA_2003-09-16-m0.u55.p3.sent1	І друге.
ParlaMint-UA_2003-09-16-m0.u55.p3.sent2	Які би ми тут емоційні виступи не вислуховували, все-таки доказує істину цифра, ми сьогодні не маємо реальних цифр, що з цього Україна одержить і що Україна втратить.
ParlaMint-UA_2003-09-16-m0.u55.p3.sent3	І хочете ви цього чи не хочете, для того, щоб голосування в Верховній Раді, позиція в Верховній Раді депутатів була адекватною, ми маємо отримати широкі розрахунки.
ParlaMint-UA_2003-09-16-m0.u55.p4.sent1	Цих розрахунків немає на сьогоднішній день.
ParlaMint-UA_2003-09-16-m0.u55.p4.sent2	Треба, щоб вони були, і тоді вам буде простіше вести розмову, і нам буде простіше приймати рішення.
ParlaMint-UA_2003-09-16-m0.u55.p4.sent3	Я просив би вас чітко дати відповіді на цих два питання: будуть розрахунки, і яка буде ціна на нафту?
ParlaMint-UA_2003-09-16-m0.u55.p4.sent4	Без емоцій.
ParlaMint-UA_2003-09-16-m0.u56.p1.sent1	Уважаемый Иосиф Викентиевич!
ParlaMint-UA_2003-09-16-m0.u56.p1.sent2	Я стоя на этой трибуне, ответственно заявляю, что если не будет единых цен на энергоносители, не будет и единого экономического пространства.
ParlaMint-UA_2003-09-16-m0.u56.p1.sent3	Это любому экономисту понятно и ясно, любому.
ParlaMint-UA_2003-09-16-m0.u56.p2.sent1	Теперь второе.
ParlaMint-UA_2003-09-16-m0.u56.p2.sent2	Нам говорят, что что-то препятствует нашей европейской интеграции.
ParlaMint-UA_2003-09-16-m0.u56.p2.sent3	Я задаю себе вопрос простой и понятный: Почему мы так ратуем за сторонняя единого экономичного простора с Португалией, с которой имеем крохотный товарооборот и не ломаем голову, как нам ликвидировать отрицательное сальдо платежного баланса в Россией и с этими четырьмя странами?"
ParlaMint-UA_2003-09-16-m0.u56.p2.sent4	Мы имеем минус 2,7 миллиарда долларов отрицательного сальдо платежного баланса по внешней торговле.
ParlaMint-UA_2003-09-16-m0.u56.p2.sent5	Вот, Иосиф Викентиев, наш расчет.
ParlaMint-UA_2003-09-16-m0.u56.p2.sent6	С Россией только за 6 месяцев этого года мы имеем минус 1,9 миллиарда долларов отрицательного сальдо нашей внешней торговли.
ParlaMint-UA_2003-09-16-m0.u56.p2.sent7	Разве это не достойная цена за создание такого механизма.
ParlaMint-UA_2003-09-16-m0.u56.p3.sent1	Поэтому мы вступили в эти переговоры, исходя из понимания выгод для Украины, участия в общем рынке вот этих четырех стран, прежде всего выход.
ParlaMint-UA_2003-09-16-m0.u56.p4.sent1	Конечно, никто из наших участников переговоров не согласится на односторонние уступки, это абсолютно очевидно.
ParlaMint-UA_2003-09-16-m0.u56.p4.sent2	Должны быть взаимные комментаторы, должны быть взаимные меры.
ParlaMint-UA_2003-09-16-m0.u56.p4.sent3	Все это, если мы реально хотим процветания и экономического развития, мы должны будем разработать уже на следующих этапах.
ParlaMint-UA_2003-09-16-m0.u56.p4.sent4	Потому что, еще раз подчеркну, это соглашение только открывает путь.
ParlaMint-UA_2003-09-16-m0.u56.p4.sent5	В чем его смысл?
ParlaMint-UA_2003-09-16-m0.u56.p5.sent1	Четыре стороны сели и поставили перед собой вопрос: что мешает развитию нашей экономики?
ParlaMint-UA_2003-09-16-m0.u56.p5.sent2	Мы сейчас находимся на стадии экономического роста, а я бы сказал, заполнение уже имеющихся производственных мощностей.
ParlaMint-UA_2003-09-16-m0.u56.p5.sent3	Куда мы будем дополнительные 7-8 процентов ВВП, на какие рынки мы будем выходить?
ParlaMint-UA_2003-09-16-m0.u56.p5.sent4	Вот над чем ломали голову мы - как обеспечить выход наших товаров, который бы обеспечивал источниками экономическое развитие страны, потому что надежда на внешние инвестиции - за 12 лет мы получили крохи - иллюзорные.
ParlaMint-UA_2003-09-16-m0.u56.p5.sent5	Значит, максимально надо содействовать развитию внешних рынков.
ParlaMint-UA_2003-09-16-m0.u56.p5.sent6	Вот Иосиф Викентиев откуда мы исходили, из чего исходили.
ParlaMint-UA_2003-09-16-m0.u57.p1.sent1	Так, дякую, Микола Янович.
ParlaMint-UA_2003-09-16-m0.u57.p1.sent2	Час вичерпаний, сідайте, будь ласка.
ParlaMint-UA_2003-09-16-m0.u57.p2.sent1	Я запрошую для співдоповіді міністра закордонних справ України Грищенка Костянтина Івановича.
ParlaMint-UA_2003-09-16-m0.u57.p2.sent2	Як ми домовлялися, 5 хвилин, Костянтин Іванович.
ParlaMint-UA_2003-09-16-m0.u57.p3.sent1	Підготуватися міністру економіки та з питань європейської інтеграції Валерію Івановичу Хорошковському.
ParlaMint-UA_2003-09-16-m0.u57.p4.sent1	З позиції уряду?
ParlaMint-UA_2003-09-16-m0.u57.p4.sent2	Так це ж урядовці виступають.
ParlaMint-UA_2003-09-16-m0.u57.p5.sent1	Шановні колеги!
ParlaMint-UA_2003-09-16-m0.u57.p5.sent2	Давайте привітаємо вже нового міністра закордонних справ та побажаємо успіхів і уважно послухаємо його.
ParlaMint-UA_2003-09-16-m0.u58.p1.sent1	Шановний Володимире Михайловичу!
ParlaMint-UA_2003-09-16-m0.u58.p1.sent2	Шановний Вікторе Федоровичу!
ParlaMint-UA_2003-09-16-m0.u58.p1.sent3	Шановні депутати!
ParlaMint-UA_2003-09-16-m0.u58.p2.sent1	Я дякую за оплески, це моє перше.
ParlaMint-UA_2003-09-16-m0.u58.p2.sent2	мій перший виступ у Верховній Раді.
ParlaMint-UA_2003-09-16-m0.u58.p2.sent3	І як людина, яка виступає вперше.
ParlaMint-UA_2003-09-16-m0.u58.p2.sent4	як людина, яка виступає вперше, я буду доволі стислий в своєму виступі.
ParlaMint-UA_2003-09-16-m0.u58.p3.sent1	Оскільки Микола Янович детально висвітлив бачення питання і насамперед його економічну сторону, я зосереджусь на політично-правовому аспекті.
ParlaMint-UA_2003-09-16-m0.u58.p3.sent2	Тим більше, що сам він викликає найбільшу дискусію.
ParlaMint-UA_2003-09-16-m0.u58.p3.sent3	Розглядаючи проект угоди по формуванню ЄЕП, ми стоїмо перед складним вибором.
ParlaMint-UA_2003-09-16-m0.u58.p3.sent4	Це питання, у якому переплелися багато факторів, пов’язаних, як із зовнішньою, так із внутрішньою політикою.
ParlaMint-UA_2003-09-16-m0.u58.p4.sent1	З формально-правової точки зору це документ, який можна удосконалювати.
ParlaMint-UA_2003-09-16-m0.u58.p4.sent2	Про недоліки вже багато заявлялося, в тому числі і Міністерством закордонних справ.
ParlaMint-UA_2003-09-16-m0.u58.p4.sent3	Тому я на цьому не буду зупинятися.
ParlaMint-UA_2003-09-16-m0.u58.p5.sent1	Із змістовної точки зору перед нами документ, у якому міститься суттєво привабливий для України момент: зона вільної торгівлі.
ParlaMint-UA_2003-09-16-m0.u58.p5.sent2	Усунення перешкод для взаємної торгівлі з державами колишнього СРСР Україна прагнула з перших пострадянських років, коли наші підприємства надовго зупинилися в наслідок зруйнованих економічних зв’язків.
ParlaMint-UA_2003-09-16-m0.u58.p6.sent1	Іван., я прошу, буквально у мене.
ParlaMint-UA_2003-09-16-m0.u58.p6.sent2	Я спеціально зробив півтори сторінки.
ParlaMint-UA_2003-09-16-m0.u58.p6.sent3	Думаю, ну, може півтори можна буде вислухати.
ParlaMint-UA_2003-09-16-m0.u59.p1.sent1	Ви звикайте і говоріть, звикайте.
ParlaMint-UA_2003-09-16-m0.u59.p1.sent2	Це робоча атмосфера.
ParlaMint-UA_2003-09-16-m0.u59.p1.sent3	Будь ласка, говоріть.
ParlaMint-UA_2003-09-16-m0.u60.p1.sent1	Дякую.
ParlaMint-UA_2003-09-16-m0.u60.p1.sent2	Беру до уваги і виконання.
ParlaMint-UA_2003-09-16-m0.u60.p2.sent1	З політичної точки зору документ викликає і у нашому суспільстві, і у наших західних партнерів певні питання.
ParlaMint-UA_2003-09-16-m0.u60.p2.sent2	Нам важливо втримати баланс інтересів в Україні на тій лінії, що відділяє відновлення зруйнованих економічних зв’язків від відновлення зруйнованої союзної держави.
ParlaMint-UA_2003-09-16-m0.u60.p3.sent1	Переконаний, що всі кроки по реалізації угоди ми маємо звіряти з курсом на європейську інтеграцію.
ParlaMint-UA_2003-09-16-m0.u60.p3.sent2	Зона вільної торгівлі - це та економічна риска, яка нас влаштовує.
ParlaMint-UA_2003-09-16-m0.u60.p3.sent3	Наші подальші дії, я переконаний, залежатимуть від того, наскільки нам вдасться реалізувати цей проект і наскільки наші партнери будуть здатні іти на зустріч нашим інтересам у сферах, де раніше такої готовності попри всі зусилля України не спостерігалося.
ParlaMint-UA_2003-09-16-m0.u60.p3.sent4	За будь-яких умов всі наші подальші кроки Україна має здійснювати відповідно до визначеного Президентом та Верховної Ради України стратегічного курсу на європейську інтеграції.
ParlaMint-UA_2003-09-16-m0.u60.p4.sent1	Ми прийшли до угоди в результаті складного тривалого процесу, про який вже багато писалося, і про який доповів уже сьогодні перший віце-прем’єр.
ParlaMint-UA_2003-09-16-m0.u60.p4.sent2	Підписання угоди із застереженнями, суть яких гарантує дотримання норм Конституції України, надасть нам необхідний правовий захист і одночасно створить реальні можливості для формування зони вільної торгівлі.
ParlaMint-UA_2003-09-16-m0.u60.p5.sent1	На мою думку, ситуація навколо єдиного економічного простору прояснила одне.
ParlaMint-UA_2003-09-16-m0.u60.p5.sent2	Європейська ідея стала реальністю українського політичного життя.
ParlaMint-UA_2003-09-16-m0.u60.p5.sent3	Вона носить свідомий характер для мільйонів українців - від міністрів до студентів.
ParlaMint-UA_2003-09-16-m0.u60.p5.sent4	І я переконаний, що ця нова європейська свідомість є запорукою того, що ЄЕП не перетвориться на шлагбаум для європейської України.
ParlaMint-UA_2003-09-16-m0.u60.p5.sent5	Адже насправді тільки від нас залежить наше майбутнє.
ParlaMint-UA_2003-09-16-m0.u60.p5.sent6	І жодна угода не може обмежити права свідомого вибору українського народу!
ParlaMint-UA_2003-09-16-m0.u60.p5.sent7	Дякую.
ParlaMint-UA_2003-09-16-m0.u61.p1.sent1	Будь ласка, сідайте.
ParlaMint-UA_2003-09-16-m0.u61.p1.sent2	Костянтин Іванович, сідайте, будь ласка.
ParlaMint-UA_2003-09-16-m0.u61.p1.sent3	Немає запитань, не передбачено.
ParlaMint-UA_2003-09-16-m0.u61.p2.sent1	Міністр з питань економіки і євроінтеграції Хорошковський Валерій Іванович.
ParlaMint-UA_2003-09-16-m0.u62.p1.sent1	Шановні колеги!
ParlaMint-UA_2003-09-16-m0.u62.p1.sent2	Шановні народні депутати!
ParlaMint-UA_2003-09-16-m0.u62.p1.sent3	В силу того, що Регламент достатньо невеликий, я спробую коротко обговорити ті питання, які, мабуть, хвилюють зал. І вони полягають у наступному.
ParlaMint-UA_2003-09-16-m0.u62.p1.sent4	Взагалі давайте відійдемо може від додаткової політизації цього питання і пробуємо поговорити професійно.
ParlaMint-UA_2003-09-16-m0.u62.p2.sent1	Якщо говорити професійно, то от знаєте, зараз виникає питання: ви за ЄЕП чи не за ЄЕП?
ParlaMint-UA_2003-09-16-m0.u62.p2.sent2	І я чую з різних боків залу різне до цього відношення.
ParlaMint-UA_2003-09-16-m0.u62.p2.sent3	Давайте все-таки, може, вдумаємось в цю абревіатуру, зрозуміємо, що стоїть за нею.
ParlaMint-UA_2003-09-16-m0.u62.p2.sent4	І власне тоді кожен із нас може сказати: за що він особисто?
ParlaMint-UA_2003-09-16-m0.u62.p3.sent1	Ми говоримо про економічну інтеграцію.
ParlaMint-UA_2003-09-16-m0.u62.p3.sent2	Хто проти?
ParlaMint-UA_2003-09-16-m0.u62.p3.sent3	Всі за!
ParlaMint-UA_2003-09-16-m0.u62.p3.sent4	Крім того, ми вважаємо, що Росія це дійсно наш дуже важливий партнер, і в цьому плані ми маємо додавати максимальних зусиль для налагодження якомога тісніших економічних зв’язків з Російською Федерацією.
ParlaMint-UA_2003-09-16-m0.u62.p4.sent1	Але економічна інтеграція України має виходити з чотирьох принципів, я хочу просто їх проголосити, якщо будуть заперечення.
ParlaMint-UA_2003-09-16-m0.u62.p4.sent2	Економічна інтеграція повинна відбуватися у відповідності з правилами міжнародної торгівлі, визначеними СОТ.
ParlaMint-UA_2003-09-16-m0.u62.p4.sent3	Економічна інтеграція не може загрожувати національному суверенітету України.
ParlaMint-UA_2003-09-16-m0.u62.p4.sent4	Економічна інтеграція не може порушувати чинне законодавство України, а також економічна інтеграція не може суперечити проголошеному Президентом курсу на європейську інтеграцію.
ParlaMint-UA_2003-09-16-m0.u62.p4.sent5	І це - головні умови, з яких Міністерство економіки і уряд, до речі, виходить у своєму баченні.
ParlaMint-UA_2003-09-16-m0.u62.p5.sent1	Ви знаєте, що уряд двічі розглядав цю ситуацію і має певні застереження.
ParlaMint-UA_2003-09-16-m0.u62.p5.sent2	В цьому плані ми говоримо лише про професійний рівень спілкування, ні про що більше.
ParlaMint-UA_2003-09-16-m0.u62.p5.sent3	Давайте йти далі.
ParlaMint-UA_2003-09-16-m0.u62.p5.sent4	Головне питання, яке я зараз почув на протязі виступу Миколи Яновича Азарова: ціни на енергоносії.
ParlaMint-UA_2003-09-16-m0.u62.p5.sent5	Шановні колеги, що нам дев’ять років заважало створити зону вільної торгівлі?
ParlaMint-UA_2003-09-16-m0.u62.p5.sent6	Є певні питання.
ParlaMint-UA_2003-09-16-m0.u62.p6.sent1	Друге питання.
ParlaMint-UA_2003-09-16-m0.u62.p6.sent2	Вважаємо, що ми маємо ціни на енергоносії російські.
ParlaMint-UA_2003-09-16-m0.u62.p6.sent3	Вважаємо.
ParlaMint-UA_2003-09-16-m0.u62.p6.sent4	Наприклад.
ParlaMint-UA_2003-09-16-m0.u62.p6.sent5	Це існує.
ParlaMint-UA_2003-09-16-m0.u62.p6.sent6	Ідем далі.
ParlaMint-UA_2003-09-16-m0.u62.p6.sent7	Ви знаєте, що головною умовою по стриманню руху Росії до СОТ є ціни на енергоносії?
ParlaMint-UA_2003-09-16-m0.u62.p6.sent8	Реальні.
ParlaMint-UA_2003-09-16-m0.u62.p6.sent9	І це є питання переговорного процесу, що заважає Росії вступати в Світову організацію торгівлі, тому що перш за все Світова організація торгівлі виходить з рівних конкурентних умов.
ParlaMint-UA_2003-09-16-m0.u62.p7.sent1	Друге питання.
ParlaMint-UA_2003-09-16-m0.u62.p7.sent2	Чи вигідно Україні мати сьогодні дешеві енергоносії?
ParlaMint-UA_2003-09-16-m0.u62.p7.sent3	На перший погляд, звичайно так, але це злочин перед майбутніми поколіннями, колеги.
ParlaMint-UA_2003-09-16-m0.u62.p7.sent4	І я хочу сказати наступне, що якщо ми, дійсно захищаємо економічну позицію України, то ми маємо підтримати все, що піде на користь із цієї угоди, і це абсолютно справедливо.
ParlaMint-UA_2003-09-16-m0.u62.p7.sent5	Але хто і як сприймає рух наш до ЄЕП.
ParlaMint-UA_2003-09-16-m0.u62.p7.sent6	Якщо ми послухаємо російських політиків, в тому числі, в тому числі найвищого рівня, вони вважають мінімальним рівнем інтеграції митний союз.
ParlaMint-UA_2003-09-16-m0.u62.p7.sent7	Ми вважаємо максимальним рівнем інтеграції зону вільної торгівлі.
ParlaMint-UA_2003-09-16-m0.u62.p8.sent1	І я хочу зазначити, що принципом нашої політики має бути реалістичність цілей і виконання взятих на себе зобов’язань.
ParlaMint-UA_2003-09-16-m0.u62.p9.sent1	Підписання документів про ЄЕП в нинішній редакції буде мати певні наслідки і певні проблеми, тому уряд надає застереження.
ParlaMint-UA_2003-09-16-m0.u62.p9.sent2	І я просив би зал розглянути ці застереження і підтримати нас в цьому питанні.
ParlaMint-UA_2003-09-16-m0.u62.p10.sent1	Я хочу, я зазначаю, що уряд провів два засідання і висловив застереження, дав право трьом міністерствам підготувати з цієї позиції зауваження.
ParlaMint-UA_2003-09-16-m0.u62.p10.sent2	Ми виконали протокольне доручення уряду.
ParlaMint-UA_2003-09-16-m0.u62.p10.sent3	І. будь ласка, нема питань, роздамо.
ParlaMint-UA_2003-09-16-m0.u62.p11.sent1	І останнє, що я хотів сказати: Росія - наш політичний і економічний проблем, у нас сьогодні немає проблем з Російською Федерацією.
ParlaMint-UA_2003-09-16-m0.u62.p11.sent2	Підписуючи цю угоду і не виконуючи її потім, і це звучить як аргумент, ми створимо проблеми з Російською Федерацією.
ParlaMint-UA_2003-09-16-m0.u62.p11.sent3	Навіщо ми це робимо?
ParlaMint-UA_2003-09-16-m0.u62.p12.sent1	Тому у мене пропозиція дуже проста: угода про ЄЕП має бути підписана в тих межах і тих рамках, які не суперечать Конституції України, чинному законодавству, міжнародним угодам, і в цьому плані ми будемо рухатися в таку інтеграцію економічного характеру.
ParlaMint-UA_2003-09-16-m0.u62.p12.sent2	Я дякую за увагу.
ParlaMint-UA_2003-09-16-m0.u63.p1.sent1	Сідайте, будь ласка.
ParlaMint-UA_2003-09-16-m0.u63.p2.sent1	Слово надається першому заступнику міністра юстиції України Супрун Василю Федоровичу.
ParlaMint-UA_2003-09-16-m0.u63.p2.sent2	Будь ласка.
ParlaMint-UA_2003-09-16-m0.u63.p3.sent1	Заспокойтесь, будь ласка.
ParlaMint-UA_2003-09-16-m0.u63.p3.sent2	Міністр у відрядженні.
ParlaMint-UA_2003-09-16-m0.u63.p3.sent3	Слухаємо.
ParlaMint-UA_2003-09-16-m0.u64.p1.sent1	Міністр перебуває в закордонному відрядженні, шановні народні депутати.
ParlaMint-UA_2003-09-16-m0.u64.p2.sent1	Шановний пане Голово, шановні народні депутати, присутні.
ParlaMint-UA_2003-09-16-m0.u64.p2.sent2	У Міністерстві юстиції за дорученням Кабінету Міністрів здійснено правову експертизу проектів угоди і концепції про створення єдиного економічного простору.
ParlaMint-UA_2003-09-16-m0.u64.p3.sent1	На думку Міністерства юстиції, проекти вищеназваних документів у переважній більшості положень відповідають Конституції і законам України.
ParlaMint-UA_2003-09-16-m0.u64.p3.sent2	Разом з тим, окремі положення майбутньої угоди і концепції потребують, на думку Міністерства юстиції уточнення з метою приведення положень зазначених документів у відповідність з вимогами Конституції і законів України.
ParlaMint-UA_2003-09-16-m0.u64.p4.sent1	Передусім, якщо говорити про деякі проблемні запитання, то дуже коротко.
ParlaMint-UA_2003-09-16-m0.u64.p4.sent2	Це стосується, передусім, статусу єдиного регулюючого органу, який передбачено проектом угоди.
ParlaMint-UA_2003-09-16-m0.u64.p5.sent1	Шановні народні депутати, ну, повірте, я перший раз виступаю в цьому поважному залі, мені досить важко говорити.
ParlaMint-UA_2003-09-16-m0.u64.p6.sent1	Виходячи з того, що проектом угоди передбачено, що сторони "учреждают единый регулирующий орган, которому они на основе международных договоров делегируют часть своих полномочий, и решение этого органа является обязательными для выполнения всеми государствами-участниками", то у зв’язку з цим необхідно зазначити, що Конституція України не передбачає можливості делегування повноважень державних органів якимось іншим інституціям.
ParlaMint-UA_2003-09-16-m0.u64.p7.sent1	У зв’язку з цим, на думку Міністерства юстиції, статус регулюючого органу потребує уточнення у підписанні цієї угоди, уточнення з точки зору того, що у проекті угоди стосовно статусу, проти якого ніхто не заперечує, як можливої інституції, має бути цей статус приведений з положеннями Конституції з точки зору того, щоб він відповідав положенням про непердбаченість Конституції, можливості делегування якихось повноважень на рівень інших органів ніж визначення Конституцією України.
ParlaMint-UA_2003-09-16-m0.u64.p8.sent1	Друге питання стосується можливої заборони застережень, які будуть міститися у майбутніх угодах.
ParlaMint-UA_2003-09-16-m0.u64.p8.sent2	Ну, на нашу думку, це положення також потребує певного уточнення, це виходячи з того, що Віденська конвенція про право міжнародних договорів, вона не виключає можливості застережень стосовно певних договорів.
ParlaMint-UA_2003-09-16-m0.u64.p8.sent3	Віденська конвенція допускає, що конкретний договір може містити заборону застережень, але це не поширюється на договори майбутні, про які ще сторонам не відомо.
ParlaMint-UA_2003-09-16-m0.u64.p8.sent4	Це те уточнення, яке може бути зроблено відповідно до угоди.
ParlaMint-UA_2003-09-16-m0.u64.p9.sent1	І ще одне питання, яке на нашу думку заслуговує увагу, це виходячи із курсу України на європейську інтеграцію, необхідно посилити положення угоди, де мова йде про необхідність дотримання принципу міжнародного права, з посиланням на необхідність узгодження позиції з законодавством ЄЕС.
ParlaMint-UA_2003-09-16-m0.u64.p10.sent1	Оце, власне, 3 позиції, які на думку Міністерства юстиції підлягають уточненню і можуть бути предметом певних застережень при підписанні цієї угоди.
ParlaMint-UA_2003-09-16-m0.u64.p11.sent1	Хотів би також наголосити при цьому, що угода може бути підписана і без застережень, але потім при наданні згоди Верховною Радою на обов’язковість цієї угоди необхідно враховувати положення статті 9-ї Конституції України, де у такому випадку потрібно відповідний висновок Конституційного Суду України.
ParlaMint-UA_2003-09-16-m0.u64.p11.sent2	Дякую за увагу.
ParlaMint-UA_2003-09-16-m0.u65.p1.sent1	Сідайте, будь ласка.
ParlaMint-UA_2003-09-16-m0.u65.p2.sent1	Співдоповідає голова Комітету з питань європейської інтеграції Тарасюк Борис Іванович, будь ласка.
ParlaMint-UA_2003-09-16-m0.u65.p3.sent1	Ми проголосували порядок проведення, ніяких питань з процедури, 258 голосів.
ParlaMint-UA_2003-09-16-m0.u65.p3.sent2	Будь ласка, Борисе Івановичу.
ParlaMint-UA_2003-09-16-m0.u66.p1.sent1	Дякую.
ParlaMint-UA_2003-09-16-m0.u66.p1.sent2	Шановні народні депутати!
ParlaMint-UA_2003-09-16-m0.u66.p1.sent3	Шановні члени уряду!
ParlaMint-UA_2003-09-16-m0.u66.p1.sent4	Хотів би перш за все звернути увагу на використання державної мови всіма державними посадовцями.
ParlaMint-UA_2003-09-16-m0.u66.p2.sent1	Миколо Яновичу, я рахую, що ви людина мудра, освічена і здатні оволодіти українською мовою.
ParlaMint-UA_2003-09-16-m0.u66.p3.sent1	Теж саме стосується і переданим урядом Верховній Раді проекту Угоди російською мовою.
ParlaMint-UA_2003-09-16-m0.u66.p4.sent1	9 вересня на засіданні Комітету з питань європейської інтеграції було обговорено проект цієї угоди.
ParlaMint-UA_2003-09-16-m0.u66.p4.sent2	Присутні учасники комітету одноголосно зазначили, що документ суперечить статтям 5, 19, 75 і 106 Конституції України.
ParlaMint-UA_2003-09-16-m0.u66.p4.sent3	Відносно того, що єдиним джерелом влади в Україні є український народ, відносно необхідності виконання всіма державними службовцями Конституції і законів України, про неможливість передачі повноважень Верховною Радою і Президентом України.
ParlaMint-UA_2003-09-16-m0.u66.p5.sent1	Члени комітету зазначили те, що угода суперечить положенням, щонайменше двом положенням, Угоди про партнерство і співробітництво між Україною і Європейським Союзом, статті 4 і 51 щодо створення зони вільної торгівлі між Україною і Європейським Союзом і щодо адаптації або гармонізації законодавства України до законодавства Європейського союзу.
ParlaMint-UA_2003-09-16-m0.u66.p6.sent1	Крім того, ми дійшли висновку, що дана угода в разі її підписання і набрання чинності, суперечить закону про концепцію загальнодержавної програми адаптації законодавства України до законодавства Європейського союзу, яку ми з вами схвалили.
ParlaMint-UA_2003-09-16-m0.u66.p6.sent2	Не кажучи вже про те, що ця угода суперечить численним указам Президента щодо європейської і євроатлантичної інтеграції.
ParlaMint-UA_2003-09-16-m0.u66.p6.sent3	Підписання цієї угоди зашкодить процесу вступу нашої держави до світової організації торгівлі.
ParlaMint-UA_2003-09-16-m0.u66.p7.sent1	Хочу нагадати, що ми з вами майже рік тому 28 листопада минулого року в цій залі підтримали курс на європейську інтеграцію, кінцевою метою якого має стати повноправне членство України в Європейському союзі, проголосувавши конституційною більшістю 328 голосів за відповідну постанову.
ParlaMint-UA_2003-09-16-m0.u66.p8.sent1	Крім того, хочу нагадати, що 22 травня цього року Верховна Рада прийняла заяву щодо Єдиного економічного простору.
ParlaMint-UA_2003-09-16-m0.u66.p8.sent2	До речі, жоден з представників фракції "Наша Україна" не підтримав цю заяву.
ParlaMint-UA_2003-09-16-m0.u66.p8.sent3	Але я звертаюся до представників більшості.
ParlaMint-UA_2003-09-16-m0.u66.p8.sent4	В цій заяві говориться про те, що участь в Єдиному економічному просторі не повинна суперечити європейському курсу на європейську євроатлантичну інтеграцію.
ParlaMint-UA_2003-09-16-m0.u66.p8.sent5	Багато треба сказати про інші негативні моменти в разі підписання цієї угоди.
ParlaMint-UA_2003-09-16-m0.u66.p9.sent1	По-перше, підписання і набрання чинності угодою суперечить національним інтересам України, її міжнародним зобов’язанням, шкодить іміджу нашої держави та унеможливлює курс України на європейську інтеграцію.
ParlaMint-UA_2003-09-16-m0.u66.p9.sent2	Нас запевняють в тому, що угода стосується створення зони вільної торгівлі, насправді угода має всі ознаки митного союзу і спільного ринку.
ParlaMint-UA_2003-09-16-m0.u66.p10.sent1	Відомо, що окремі учасники таких союзів не можуть брати участь в інших інтеграційних процесах.
ParlaMint-UA_2003-09-16-m0.u66.p11.sent1	Далі.
ParlaMint-UA_2003-09-16-m0.u66.p11.sent2	Учасники Єдиного економічного простору , відповідно до положень вищезазначеної статті 2 договору, беруть на себе зобов’язання адаптувати власне законодавство у напрямку його уніфікації з іншими членами ЄЕП.
ParlaMint-UA_2003-09-16-m0.u66.p11.sent3	Очевидно, що гармонізація законодавства двох різних за своєю направленістю законодавств неможливим.
ParlaMint-UA_2003-09-16-m0.u66.p12.sent1	Далі.
ParlaMint-UA_2003-09-16-m0.u66.p12.sent2	Договором про ЄЕП передбачається створення єдиного регулюючого органу і передачі йому повноважень з поступовим розширенням таких повноважень.
ParlaMint-UA_2003-09-16-m0.u66.p12.sent3	Рішення цього органу мають бути обов’язковими.
ParlaMint-UA_2003-09-16-m0.u66.p12.sent4	Хочу сказати, що попередні розрахунки експертів свідчать про те, що Росія матиме у цьому органі близько 70 відсотків голосів, інші експерти стверджують, що це буде більше 80 відсотків голосів.
ParlaMint-UA_2003-09-16-m0.u66.p12.sent5	Отже, рішення будуть прийматися лише Росією.
ParlaMint-UA_2003-09-16-m0.u66.p13.sent1	Щодо відповідей, які ми почули сьогодні від членів уряду.
ParlaMint-UA_2003-09-16-m0.u66.p13.sent2	На жаль, я не почув багато відповідей на запитання, які були поставлені в листі Голови Верховної Ради на уряд.
ParlaMint-UA_2003-09-16-m0.u66.p13.sent3	Немає економічного і фінансового обгрунтування цієї угоди.
ParlaMint-UA_2003-09-16-m0.u66.p13.sent4	Ми не почули відповіді на наперед передані запитання.
ParlaMint-UA_2003-09-16-m0.u66.p14.sent1	Виходячи з усього цього, Комітет з питань європейської інтеграції ухвалив рішення звернутися до Президента з рекомендацією не підписувати цю угоду.
ParlaMint-UA_2003-09-16-m0.u66.p14.sent2	У зв’язку з цим члени комітету внесли проект постанови відповідний на ваш розгляд.
ParlaMint-UA_2003-09-16-m0.u66.p14.sent3	І ми сподіваємося, що Верховна Рада підтримає цю постанову, номер її 4152-2.
ParlaMint-UA_2003-09-16-m0.u66.p15.sent1	Хотів би звернутися до шановних членів уряду.
ParlaMint-UA_2003-09-16-m0.u66.p15.sent2	Ваші попередники утримувалися від втягнення України в аналогічні політичні і геополітичні проекти, як то Економічний союз СНД, Митний союз СНД, а також ЄвроАзС.
ParlaMint-UA_2003-09-16-m0.u66.p15.sent3	Не зробіть помилки.
ParlaMint-UA_2003-09-16-m0.u66.p16.sent1	Мої контакти в Європейському парламенті, а також нещодавній візит Комісара Європейської комісії пана Верхойгена, доводить, що у разі, якщо угода про створення ЄЕП має риси митного союзу - це створить серйозні проблеми у стосунках з Європейським Союзом і на шляху до інтеграції, світової інтеграції торгівлі.
ParlaMint-UA_2003-09-16-m0.u66.p17.sent1	Я хочу звернутися до вас, шановні народні депутати і члени уряду.
ParlaMint-UA_2003-09-16-m0.u66.p17.sent2	Я застерігаю і попереджаю, у разі схвалення і підписання цієї угоди ви візьмете на себе відповідальність перед українським народом, перед українською історією.
ParlaMint-UA_2003-09-16-m0.u66.p17.sent3	У своїй заяві від 9 вересня Народний Рух України зазначив, що підписання такої угоди означатиме зраду національних інтересів.
ParlaMint-UA_2003-09-16-m0.u66.p17.sent4	І ми вимагатимемо започаткування процедури імпічменту стосовно Президента і відставки тих членів уряду, які підтримують її підписання.
ParlaMint-UA_2003-09-16-m0.u66.p17.sent5	Дякую.
ParlaMint-UA_2003-09-16-m0.u67.p1.sent1	Співдоповідає голова Комітету у закордонних справах Сташевський Станіслав Телісфорович, будь ласка.
ParlaMint-UA_2003-09-16-m0.u68.p1.sent1	Шановний головуючий, шановні члени уряду, шановні колеги!
ParlaMint-UA_2003-09-16-m0.u68.p1.sent2	У відповідності з Регламентом роботи Верховної Ради за дорученням Голови Верховної Ради України на своєму засіданні 10 вересня цього року Комітет у закордонних справах розглядав проекти постанов Верховної Ради номер 4068, 4106, подані народними депутатами Рудьковським та Матвієнком, стосовно проведення Дня уряду України та парламентських слухань щодо можливості підписання договору між Росією, Україною, Республікою Білорусь і Казахстаном про створення єдиного економічного простору.
ParlaMint-UA_2003-09-16-m0.u68.p2.sent1	У цьому контексті була заслухана інформація міністра економіки та з питань європейської інтеграції Валерія Хорошковського і першого заступника міністра закордонних справ Олександра Чалого.
ParlaMint-UA_2003-09-16-m0.u68.p2.sent2	Комітет ухвалив заслухати інформацію Кабінету Міністрів з обговоренням, що ми сьогодні сьогодні і робимо.
ParlaMint-UA_2003-09-16-m0.u68.p2.sent3	Висловлю думки, які звучали на засіданні комітету.
ParlaMint-UA_2003-09-16-m0.u68.p3.sent1	Ідея економічної інтеграції на просторі СНД, зокрема створення єдиного економічного простору, не є новою.
ParlaMint-UA_2003-09-16-m0.u68.p3.sent2	Про це сказав колега Тарасюк.
ParlaMint-UA_2003-09-16-m0.u68.p3.sent3	За період незалежності ми спостерігали декілька спроб створити ефективні механізми економічної інтеграції.
ParlaMint-UA_2003-09-16-m0.u68.p3.sent4	Ви всі добре знаєте, як функціонує СНД.
ParlaMint-UA_2003-09-16-m0.u68.p3.sent5	У рамках співдружності підписано понад 600 документів, серед них угода про економічний союз від 1993 року.
ParlaMint-UA_2003-09-16-m0.u68.p3.sent6	Стан реалізації відомий.
ParlaMint-UA_2003-09-16-m0.u68.p3.sent7	Зараз ми тільки намагаємося завершити перший етап - зону вільної торгівлі.
ParlaMint-UA_2003-09-16-m0.u68.p4.sent1	Другою спробою було створення ЄвроАзС, коли п’ять країн поставили за мету створити митний союз.
ParlaMint-UA_2003-09-16-m0.u68.p4.sent2	За чотири роки погоджено всього десять митних тарифів, і цей процес все більше пробуксовує, продовжується застосування антидемпінгових процедур та вилучень.
ParlaMint-UA_2003-09-16-m0.u68.p5.sent1	Нагальне завдання економічної інтеграції на теренах СНД, - формулює Україна, - дуже просто.
ParlaMint-UA_2003-09-16-m0.u68.p5.sent2	Створення ефективної зони торгівлі.
ParlaMint-UA_2003-09-16-m0.u68.p5.sent3	Тобто, іншими словами, збереження традиційних економічних зв’язків на основі нових рамкових умов.
ParlaMint-UA_2003-09-16-m0.u68.p5.sent4	І участь нашої держави в переговорах щодо створення нового інтеграційного об’єднання в рамках єдиного економічного простору є нашою черговою спробою знайти механізм застосування принципів вільної торгівлі.
ParlaMint-UA_2003-09-16-m0.u68.p6.sent1	Проте умови участі в єдиному економічному просторі мають відповідати двом ключовим принципам: їхня відповідність національному законодавству, насамперед Конституції України та національним інтересам України.
ParlaMint-UA_2003-09-16-m0.u68.p6.sent2	Щодо відповідності Конституції, то дискусія останніх днів вам всім відома.
ParlaMint-UA_2003-09-16-m0.u68.p6.sent3	не буду повторювати аргументи, але відзначу: стаття п’ять Конституції встановлює виключний перелік органів, через які народ України як носій суверенітету здійснює свою владу.
ParlaMint-UA_2003-09-16-m0.u68.p6.sent4	І це є органи державної влади та місцевого самоврядування.
ParlaMint-UA_2003-09-16-m0.u68.p6.sent5	Відповідно будь-яка можливість передати народом України свої суверенні права наднаціональним органам абсолютно виключена, якщо ми не змінюємо положень Конституції.
ParlaMint-UA_2003-09-16-m0.u68.p7.sent1	Іноді питають: а що буде робити
ParlaMint-UA_2003-09-16-m0.u68.p7.sent2	Україна, вступаючи до ЄС?
ParlaMint-UA_2003-09-16-m0.u68.p7.sent3	Адже там також потрібно віддавати повноваження?
ParlaMint-UA_2003-09-16-m0.u68.p7.sent4	Відповідь нам всім відома: ледве не кожної неділі зараз в країнах-кандидатах проходять референдуми щодо вступу до Євросоюзу.
ParlaMint-UA_2003-09-16-m0.u68.p7.sent5	Народ кожної країни вирішує: чи приймає, чи не приймає він всі умови, пов’язані з членством ЄС. Очевидно, якщо ми приймемо рішення щодо передачі частки наших суверенних повноважень наднаціональним органам, як це пропонується в проекті угоди про формування ЄЕС, то воно має бути затверджене саме на референдумі.
ParlaMint-UA_2003-09-16-m0.u68.p8.sent1	Торкнуся декількох політичних аспектів.
ParlaMint-UA_2003-09-16-m0.u68.p8.sent2	В Україні задекларований стратегічний курс України на євроінтеграцію, він повністю підтриманий Верховною Радою України.
ParlaMint-UA_2003-09-16-m0.u68.p8.sent3	Для того, щоб залишитися надійним та передбачуваним партнером, ми не повинні допустити будь-якого сигналу щодо можливості відходу від цього курсу.
ParlaMint-UA_2003-09-16-m0.u68.p9.sent1	У програмі інтеграції України до ЄЕС та посланні Президента України до Верховної Ради "Європейський вибір" створення зони вільної торгівлі та митного союзу з ЄЕС чітко визначені як ключові завдання реалізації євроінтеграційного курсу.
ParlaMint-UA_2003-09-16-m0.u68.p10.sent1	Шановні колеги, тут, в залі, чимало відомих економістів.
ParlaMint-UA_2003-09-16-m0.u68.p10.sent2	Впевнений, що вони здатні краще проаналізувати економічні аспекти ЄЕП.
ParlaMint-UA_2003-09-16-m0.u68.p10.sent3	Тому зроблю лише декілька ремарок.
ParlaMint-UA_2003-09-16-m0.u68.p11.sent1	Країни, що об’єднані в зону вільної торгівлі, проводять незалежну та суверенну зовнішньоторговельну політику по відношенню до третіх країн.
ParlaMint-UA_2003-09-16-m0.u68.p11.sent2	Прийняття рішення про створення митного союзу вимагає повної уніфікації тарифів, тобто вступу до СОТ на однакових умовах.
ParlaMint-UA_2003-09-16-m0.u68.p11.sent3	Це означає необхідність перегляду для України вже досягнутих в рамках вступу в СОТ домовленостей, і як наслідок, зведення нанівець багатьох з них, незворотну втрату іміджу, як передбачувано партнерами.
ParlaMint-UA_2003-09-16-m0.u68.p12.sent1	Питання: коли ж тоді ми вступимо в СОТ?
ParlaMint-UA_2003-09-16-m0.u68.p13.sent1	І ще одне: зараз саме Верховна Рада має повноваження на встановлення митних тарифів.
ParlaMint-UA_2003-09-16-m0.u68.p13.sent2	Зовсім іншою є ситуація в Росії, де такі повноваження належать уряду.
ParlaMint-UA_2003-09-16-m0.u68.p13.sent3	Чи варто на сьогодні відступати від існуючого порядку в Україні?
ParlaMint-UA_2003-09-16-m0.u68.p14.sent1	Шановні колеги, хотів заодно привернути вашу увагу до того, що 22 травня цього року була прийнята заява у Верховній Раді, в якій зафіксовано підтримку заяви президентів чотирьох держав.
ParlaMint-UA_2003-09-16-m0.u68.p14.sent2	Разом з тим відзначено, що наша участь в ЄЕП не повинна суперечити реалізації стратегічного курсу на європейську інтеграцію.
ParlaMint-UA_2003-09-16-m0.u68.p14.sent3	І тут, у Верховній Раді, ми будемо ратифікувати ці угоди.
ParlaMint-UA_2003-09-16-m0.u68.p15.sent1	Відтак, ми вже зараз маємо забезпечити, щоб цей документ відповідав національному законодавству та інтересам держави.
ParlaMint-UA_2003-09-16-m0.u68.p15.sent2	Що це означає практично?
ParlaMint-UA_2003-09-16-m0.u68.p15.sent3	Відповідь є досить простою: наша участь в ЄЕП має бути обмеженою створенням та функціонуванням ефективної зони вільної торгівлі без вилучень і обмежень, тобто такої зони, що забезпечила б максимальний ступінь економічної інтеграції з елементами чотирьох свобод: вільне пересування товарів, капіталів, послуг і осіб - і водночас не суперечила Конституції, чинному законодавству України, її стратегічному курсу на європейську та євроатлантичну інтеграцію та вступу до СОТ на умовах, що відповідають нашим національним інтересам.
ParlaMint-UA_2003-09-16-m0.u68.p16.sent1	В цій ситуації ми можемо або відкласти підписання з метою доопрацювання проекту угоди, або зробити при підписанні заяву із застереженнями, в якій чітко зафіксувати позицію України.
ParlaMint-UA_2003-09-16-m0.u68.p16.sent2	Формулювання можуть бути різними, над ними нехай попрацюють юристи, але така позиція має бути чітко зафіксована.
ParlaMint-UA_2003-09-16-m0.u68.p16.sent3	Така заява розставила б усі крапки над "і" і зняла би усі занепокоєння щодо послідовності нашого курсу.
ParlaMint-UA_2003-09-16-m0.u68.p16.sent4	Дякую.
ParlaMint-UA_2003-09-16-m0.u69.p1.sent1	Шановні колеги, переходимо до обговорення.
ParlaMint-UA_2003-09-16-m0.u69.p1.sent2	Від групи "Європейський вибір" - Пєхота Володимир Юлійович.
ParlaMint-UA_2003-09-16-m0.u69.p2.sent1	Ми затвердили процедуру розгляду, 258 голосів.
ParlaMint-UA_2003-09-16-m0.u69.p3.sent1	Будь ласка.
ParlaMint-UA_2003-09-16-m0.u69.p3.sent2	Будь ласка, Володимир Юлійович.
ParlaMint-UA_2003-09-16-m0.u70.p1.sent1	Шановний Голово, шановні народні депутати.
ParlaMint-UA_2003-09-16-m0.u70.p1.sent2	На жаль, за той час, що дехто був уже не перше скликання в парламенті, навчились говорити, але не навчились слухати інших.
ParlaMint-UA_2003-09-16-m0.u70.p1.sent3	І я думаю, що історія нам ще підказує, що ми не навчились прислуховуватись до здорового глузду.
ParlaMint-UA_2003-09-16-m0.u70.p1.sent4	Ми думаємо те, що ми кажемо сьогодні - це історично, і це сьогодні повинно бути так, як я кажу.
ParlaMint-UA_2003-09-16-m0.u70.p1.sent5	Так давайте звернемося до нашої історії, громадяни політики, народ вже втомився від нашої говорильні, народ вже втомився від того, що за ці 12 років ми не можемо досягти обсягів виробництва, які були в 90-му році - 60 процентів.
ParlaMint-UA_2003-09-16-m0.u70.p1.sent6	Тому я, дивлячись на цей лозунг, який написали колеги, повністю підтримую, що ми повинні йти в Європу і Європейський союз - це для нас перспектива.
ParlaMint-UA_2003-09-16-m0.u70.p2.sent1	Але разом з тим ми не повинні відмовлятись від тих економічних відносин з нашими сусідами.
ParlaMint-UA_2003-09-16-m0.u70.p2.sent2	Дехто тут боїться, що нас обдурять брати - слов’яни.
ParlaMint-UA_2003-09-16-m0.u70.p2.sent3	Європа малює нам перспективу через 10 років, а давайте згадаємо, ми Чорнобиль закрили і хто нас обдурив?
ParlaMint-UA_2003-09-16-m0.u70.p2.sent4	Ми знищили стратегічні озброєння і де ті обіцянки, які нам були дані, що нам компенсують і построять житло для військових, і дадуть людям роботу?
ParlaMint-UA_2003-09-16-m0.u70.p2.sent5	Ми закрили підприємства в угоду деяким політикам, які казали, що треба зробити поворот так, щоб нам було краще, а нам поки ще не краще.
ParlaMint-UA_2003-09-16-m0.u70.p2.sent6	Тому давайте звернемось, ще раз я кажу, до історії і послухаємо один одного, і якщо ми не навчимось слухати, то не буде у нас ніколи нічого доброго.
ParlaMint-UA_2003-09-16-m0.u70.p3.sent1	Можливо ми наробили багато помилок, можливо і те, що сьогодні ми розглядаємо не самий єдиний і не самий найкращий вихід з цього положення.
ParlaMint-UA_2003-09-16-m0.u70.p3.sent2	Але я повинен сказати, що поки що йде мова про переговорний процес.
ParlaMint-UA_2003-09-16-m0.u70.p3.sent3	І тут я хотів би зауважити тим урядовцям, які сьогодні не займаються урядовою справою, а мітингують.
ParlaMint-UA_2003-09-16-m0.u70.p3.sent4	Дивіться, є доручення Прем’єр-міністра, затверджена група високого рівня, в неї увійшли урядовці Азаров, Роговий, Єльченко, Лавринович, Хорошковський.
ParlaMint-UA_2003-09-16-m0.u70.p3.sent5	І цим же дорученням була призначена група експертів.
ParlaMint-UA_2003-09-16-m0.u70.p3.sent6	На практиці виявилося, що ті міністри, які були повинні захищати інтереси України, відстоювати їх у переговорному процесі, жодного разу не прийняли у цьому участі, посилали своїх заступників і ховались за їх спинами.
ParlaMint-UA_2003-09-16-m0.u70.p3.sent7	Ганьба їм, я скажу одне.
ParlaMint-UA_2003-09-16-m0.u70.p4.sent1	І друге.
ParlaMint-UA_2003-09-16-m0.u70.p4.sent2	Я розумію сьогодні Зайця, він вболіває за Україну.
ParlaMint-UA_2003-09-16-m0.u70.p4.sent3	Але, пане Заєць, ви ж були міністром, ви ж знаєте, що саме у Кабінеті Міністрів виробляється політика, яка повинна враховувати інтереси і підтримки депутатського корпусу.
ParlaMint-UA_2003-09-16-m0.u70.p4.sent4	Сьогодні у нас получився перекос, що ми економічні питання перевели на рейки політики і не хочемо слухати один одного.
ParlaMint-UA_2003-09-16-m0.u70.p5.sent1	Уряд має застереження.
ParlaMint-UA_2003-09-16-m0.u70.p5.sent2	Ми теж розглядали на нашій депутатській групі і рахуємо, що застереження повинні бути.
ParlaMint-UA_2003-09-16-m0.u70.p5.sent3	Я рахую, що і коли в ЄС ми будемо входити, треба теж застереження дати, бо сьогодні наша легка промисловість, переробна промисловість, сільське господарство, воно не готове для ЄС, і нам треба їх готувати, нам треба їх підтягувати до цього рівня.
ParlaMint-UA_2003-09-16-m0.u70.p5.sent4	Без застереження неможливо.
ParlaMint-UA_2003-09-16-m0.u70.p6.sent1	Тому наша група пропонує дати можливість уряду закінчити цей переговорний процес.
ParlaMint-UA_2003-09-16-m0.u70.p6.sent2	Той, хто має раціональні пропозиції, той, хто бажає приймати участь в цьому процесі, хай внесе їх конкретно, а не мітингує і закликає населення.
ParlaMint-UA_2003-09-16-m0.u70.p6.sent3	Якщо ми дійсно вболіваємо за населення, за розвиток економіки і за рівень життя наших людей.
ParlaMint-UA_2003-09-16-m0.u71.p1.sent1	Слово надається Дашутіну Григорію Петровичу, фракція політичних партій Промисловців і підприємців та "Трудової України".
ParlaMint-UA_2003-09-16-m0.u71.p1.sent2	Наступний - Ющенко Віктор Андрійович.
ParlaMint-UA_2003-09-16-m0.u72.p1.sent1	Шановний головуючий!
ParlaMint-UA_2003-09-16-m0.u72.p1.sent2	Шановні народні депутати!
ParlaMint-UA_2003-09-16-m0.u72.p1.sent3	Депутатська фракція політичних партій Промисловців і підприємців України та "Трудова Україна" послідовно виступає за інтеграцію країни в європейське співтовариство.
ParlaMint-UA_2003-09-16-m0.u72.p1.sent4	Я підкреслюю, послідовно виступає за інтеграцію країни в європейське співтовариство.
ParlaMint-UA_2003-09-16-m0.u72.p1.sent5	Проте, інтеграція в нього не означає, що з цього моменту без усяких зусиль з нашого боку покращиться стан економіки держави і прийде добробут населення.
ParlaMint-UA_2003-09-16-m0.u72.p1.sent6	Необхідно зрозуміти, що тільки завдяки напруженій та чіткій роботі, зосередженій насамперед на національних проблемах України, можливе досягнення рівня життя та економічного розвитку за європейськими стандартами.
ParlaMint-UA_2003-09-16-m0.u72.p2.sent1	Наша головна мета - реальне збільшення доходів на душу населення.
ParlaMint-UA_2003-09-16-m0.u72.p3.sent1	Ні в кого не виникає сумніву, що економічні позиції України в країнах ЄС визначаються її статусом транзитної держави, а також тим, що країн ЄС приваблює можливість користуватися українським ринком збуту та постачальниками сировини.
ParlaMint-UA_2003-09-16-m0.u72.p3.sent2	Ані промисловець, ані сільське господарство нашої країни в найближчій перспективі не цікаві країнам ЄС.
ParlaMint-UA_2003-09-16-m0.u72.p3.sent3	Перспективи виходу нашої продукції на європейські ринки в великих обсягах незрівняно нижчі, ніж ці перспективи в рамках ринків країн потенційних учасників ЄЕП.
ParlaMint-UA_2003-09-16-m0.u72.p3.sent4	І саме наявність цих ринків є передумовою подіям нашої економіки.
ParlaMint-UA_2003-09-16-m0.u72.p4.sent1	Єдиний економічний простір планується створювати поетапно і здійснювати перехід від одного етапу до наступного в тому обсязі, коли це буде відповідати національним інтересам України.
ParlaMint-UA_2003-09-16-m0.u72.p4.sent2	Тому створення Єдиного економічного простору не є кроком в безодню.
ParlaMint-UA_2003-09-16-m0.u72.p4.sent3	Після кожного етапу приєднання до ЄЕП Україна буде підбивати підсумки і аналізувати ситуацію.
ParlaMint-UA_2003-09-16-m0.u72.p4.sent4	Причому, не лише з точки зору Єдиного економічного простору, а робити загальний аналіз на секторах економіки та загальний прогноз розвитку нашого ринку, що дозволить запобігти кризових явищ у різних галузях.
ParlaMint-UA_2003-09-16-m0.u72.p4.sent5	Не будемо забувати, при створенні ЄЕП Україна отримає доступ до ринку трьох держав.
ParlaMint-UA_2003-09-16-m0.u72.p4.sent6	Нині торговельний оборот нашої країни з Росією, Казахстаном та Білорусією перевищує 20 відсотків і зовнішньо-торговельному обігу по енергоносіям складає до 100 відсотків.
ParlaMint-UA_2003-09-16-m0.u72.p4.sent7	У той же час торговельний обіг з країнами ЄС менший за 16 відсотків.
ParlaMint-UA_2003-09-16-m0.u72.p5.sent1	Єдиний економічний простір дозволить не лише уніфікувати законодавство в середині самого ЄЕП, але і привести його у відповідність до європейських норм.
ParlaMint-UA_2003-09-16-m0.u72.p5.sent2	Адже це конче потрібно усім країнам, що створюють ЄЕП.
ParlaMint-UA_2003-09-16-m0.u72.p5.sent3	Ми впевнені, що за допомогою ЄЕП при активній співпраці з нашими партнерами з СНД Україна зможе наростити економічні м’язи і завдяки цьому успішно інтегруватися до європейських структур, виконавши таким чином свою стратегічну задачу.
ParlaMint-UA_2003-09-16-m0.u72.p6.sent1	Ми потрібні Європі лише як держава зі здоровою економікою.
ParlaMint-UA_2003-09-16-m0.u72.p6.sent2	А саме ЄЕП допоможе подолати нинішні економічні негаразди.
ParlaMint-UA_2003-09-16-m0.u72.p6.sent3	Співпраця з нашими партнерами з СНД в рамках ЄЕП наголошує на цьому ще раз, має стати важливим кроком на шляху до європейської інтеграції.
ParlaMint-UA_2003-09-16-m0.u72.p7.sent1	Дякую за увагу.
ParlaMint-UA_2003-09-16-m0.u73.p1.sent1	Слово надається Ющенко Віктору Андрійовичу, фракція "Наша Україна", наступний - Кравчук Леонід Макарович.
ParlaMint-UA_2003-09-16-m0.u74.p1.sent1	Шановні народні депутати, шановні члени уряду.
ParlaMint-UA_2003-09-16-m0.u74.p2.sent1	Я хотів би свій виступ почати з того, щоб сказати одному міністру: "Валерій, браво"!
ParlaMint-UA_2003-09-16-m0.u74.p3.sent1	Сьогодні ми розглядаємо, шановні народні депутати, не рядовий документ, документ, який може коштувати долі України.
ParlaMint-UA_2003-09-16-m0.u74.p3.sent2	Свій виступ я хотів би розпочати із простого риторичного запитання: в чому полягає національний інтерес України, коли ми говоримо про регіональну співпрацю, про торгівлю і про інтеграцію в цілому.
ParlaMint-UA_2003-09-16-m0.u74.p3.sent3	В чому цей інтерес заключається?
ParlaMint-UA_2003-09-16-m0.u74.p3.sent4	У чому повинна заключатися кінець кінцем державна політика України?
ParlaMint-UA_2003-09-16-m0.u74.p4.sent1	На Схід від України знаходиться традиційний великий ринок країн СНД і перш за все Росії.
ParlaMint-UA_2003-09-16-m0.u74.p4.sent2	У цьому ринку є напрацьовані зв’язки, є певні перспективні проекти.
ParlaMint-UA_2003-09-16-m0.u74.p4.sent3	Кінець кінцем є джерела енергоносіїв, в яких зацікавлена і Україна, з одної сторони, і Європи, у тому числі.
ParlaMint-UA_2003-09-16-m0.u74.p4.sent4	Якщо керуватися фундаментальним правилом ринку, головне не як виробляти, а де продавати, там знаходиться 24,5 відсотки українського експорту.
ParlaMint-UA_2003-09-16-m0.u74.p4.sent5	Тому Росія була і безумовно буде стратегічним економічним партнером України.
ParlaMint-UA_2003-09-16-m0.u74.p4.sent6	Було б великим безглуздям відмовлятися від цієї унікальної частини ринку.
ParlaMint-UA_2003-09-16-m0.u74.p5.sent1	Друге.
ParlaMint-UA_2003-09-16-m0.u74.p5.sent2	На західних кордонах від України, починаючи з території Польщі, країн Балтії, Словакії, Угорщини, знаходиться найбільший, найємкіший, найплатіжніший ринок світу.
ParlaMint-UA_2003-09-16-m0.u74.p5.sent3	Об’єм валового продукту, шановні друзі, на тому ринку складає 10 трильйонів доларів, що само по собі рівняється 228 національним економікам України і 32 економікам Росії.
ParlaMint-UA_2003-09-16-m0.u74.p5.sent4	До речі, там сьогодні, шановні панове, ті, хто зліва сидить, реалізується 40 відсотків українського експорту, 40 відсотків українського експорту формують в Україні мільйони робочих місць.
ParlaMint-UA_2003-09-16-m0.u74.p5.sent5	Ці експортні стосунки формують відрахування мільярдів до національного бюджету і до Пенсійного фонду України.
ParlaMint-UA_2003-09-16-m0.u74.p6.sent1	Тому головне було б, шановні друзі народні депутати, великою помилкою формувати нашу державну політику по принципу - або-або.
ParlaMint-UA_2003-09-16-m0.u74.p6.sent2	Ми повинні знайти правильну політичну з точки зору державних інтересів відповідь, як сформувати не взаємовиключну політику, а взаємодоповнюючу політику?
ParlaMint-UA_2003-09-16-m0.u74.p6.sent3	Якщо існує український інтерес на Сході, у нас повинна працювати концепція інтересів України на Схід; якщо ці інтереси присутні на Заході, у нас повинна працювати західна концепція.
ParlaMint-UA_2003-09-16-m0.u74.p6.sent4	Це - перше.
ParlaMint-UA_2003-09-16-m0.u74.p6.sent5	Я хотів би підкреслити, не політика взаємної виключающої інтеграції, а взаємодоповнююча політика.
ParlaMint-UA_2003-09-16-m0.u74.p7.sent1	Для того, щоб це відбулося, шановні друзі, регіональна політика, регіональна економічна інтеграція повинна здійснюватися за установленими правилами і традиціями, які прийняті у міжнародній економіці і торгівлі.
ParlaMint-UA_2003-09-16-m0.u74.p7.sent2	Тільки в тому випадку інтеграція на Схід на блокує Україні процес європейської інтеграції і взаємодії із Світовою організацією торгівлі.
ParlaMint-UA_2003-09-16-m0.u74.p7.sent3	Тому це - фундаментальний принцип, і я повністю солідарний із реплікою Валерія Хорошковського із цього приводу.
ParlaMint-UA_2003-09-16-m0.u74.p8.sent1	Третє економічна інтеграція не повинна загрожувати національному суверенітету.
ParlaMint-UA_2003-09-16-m0.u74.p8.sent2	Другими словами, економічна інтеграція повинна відповідати духу і букві Конституції України і закону.
ParlaMint-UA_2003-09-16-m0.u74.p8.sent3	Щоб відразу зняти будь-які спекуляції щодо фракції "Наша Україна" і себе особисто скажу, ми за розвиток взаємовигідної і рівноправних стосунків з Росією, ми за створення зони вільної торгівлі між країнами без виключень і обмежень.
ParlaMint-UA_2003-09-16-m0.u74.p8.sent4	Ми за узгоджену, не єдину, а узгоджену, підкреслюю, конкурентну політику з Росією і другими країнами.
ParlaMint-UA_2003-09-16-m0.u74.p8.sent5	Але чи ми знаходимо відповіді у цих документах?
ParlaMint-UA_2003-09-16-m0.u74.p9.sent1	Перше.
ParlaMint-UA_2003-09-16-m0.u74.p9.sent2	Угодою і концепцією започатковується утворення щонайменше на рівні митного союзу, а не створення зони вільної торгівлі.
ParlaMint-UA_2003-09-16-m0.u74.p9.sent3	Це передбачає по суті зміну стратегічного курсу України.
ParlaMint-UA_2003-09-16-m0.u74.p10.sent1	По-друге, пропонується створення наддержавного регулюючого органу, рішення якого є обов’язковими для всіх сторін.
ParlaMint-UA_2003-09-16-m0.u74.p10.sent2	Це є втрата суверенних прав в галузі фінансів, торгівлі, фіскальної і монетарної політики.
ParlaMint-UA_2003-09-16-m0.u74.p11.sent1	Ще одну хвилинку.
ParlaMint-UA_2003-09-16-m0.u74.p11.sent2	Неприйнятним є механізм прийняття рішень шляхом зваженого голосування з урахуванням економічного потенціалу країни.
ParlaMint-UA_2003-09-16-m0.u74.p12.sent1	Подивіться, шановні друзі: зеленим - це право голосування Російської Федерації, синім - вісім.
ParlaMint-UA_2003-09-16-m0.u74.p12.sent2	9,9 відсотків - це голос України.
ParlaMint-UA_2003-09-16-m0.u74.p13.sent1	І на завершення: національні експерти і політики застерігають, що через підписання угоди про єдиний економічний простір в її нинішньому стані Україна втратить будь-які перспективи євроінтеграції, вступу до Світової організації торгівлі.
ParlaMint-UA_2003-09-16-m0.u74.p14.sent1	Запропонована угода в її нинішньому вигляді протирічить Конституції України і законам України і веде до втрати суверенітету, не відповідає курсу європейської інтеграції і, по суті, є зрадою національних інтересів України.
ParlaMint-UA_2003-09-16-m0.u74.p15.sent1	Дякую.
ParlaMint-UA_2003-09-16-m0.u75.p1.sent1	Слово надається Кравчуку Леоніду Макаровичу, фракція Соціал-демократичної партії України .
ParlaMint-UA_2003-09-16-m0.u75.p1.sent2	Наступна Тимошенко.
ParlaMint-UA_2003-09-16-m0.u76.p1.sent1	Шановні народні депутати!
ParlaMint-UA_2003-09-16-m0.u76.p2.sent1	В 1991 році після підписання в Білорусії угоди щодо СНД ми вже це чули.
ParlaMint-UA_2003-09-16-m0.u76.p2.sent2	І Верховна Рада, ратифікуючи цей документ в строгій відповідності до Конституції зробила відповідні застереження і я як Президент керувався ними весь час, коли вирішувалося питання в рамках СНД.
ParlaMint-UA_2003-09-16-m0.u76.p3.sent1	У нас є таке право: ратифікуючи цей документ, внести їх на голосування.
ParlaMint-UA_2003-09-16-m0.u76.p3.sent2	Після голосування вони стануть обов’язковими для Президента України.
ParlaMint-UA_2003-09-16-m0.u76.p4.sent1	Я почав з того, що нагадав історію.
ParlaMint-UA_2003-09-16-m0.u76.p4.sent2	А тепер реальні факти.
ParlaMint-UA_2003-09-16-m0.u76.p4.sent3	Чи добре, чи погано, що ми так гостро обговорюємо це питання?
ParlaMint-UA_2003-09-16-m0.u76.p4.sent4	Добре.
ParlaMint-UA_2003-09-16-m0.u76.p4.sent5	Ми боїмося за незалежність - і це правильно.
ParlaMint-UA_2003-09-16-m0.u76.p4.sent6	І це правильно!
ParlaMint-UA_2003-09-16-m0.u76.p4.sent7	Але страх не повинен сковувати наш розум, страх не повинен давати нам поради.
ParlaMint-UA_2003-09-16-m0.u76.p4.sent8	Повинні бути враховані всі фактори, всі внутрішні і зовнішні чинники, що лежать в основі національних інтересів України.
ParlaMint-UA_2003-09-16-m0.u76.p5.sent1	Іван Олександрович, вибачте за репліку, ви нагадали: ви вже 10 років скачете по залу, не знаєте, де подітися.
ParlaMint-UA_2003-09-16-m0.u76.p6.sent1	Наступне.
ParlaMint-UA_2003-09-16-m0.u76.p6.sent2	Документ повинен бути тільки економічним.
ParlaMint-UA_2003-09-16-m0.u76.p6.sent3	Політика там повинна бути присутньою, скільки вона забезпечує наші економічні інтереси.
ParlaMint-UA_2003-09-16-m0.u76.p6.sent4	І якщо Україна доб’ється утворення зони вільної торгівлі, то це буде для неї корисно.
ParlaMint-UA_2003-09-16-m0.u76.p6.sent5	До речі, документ про зону вільної торгівлі підписаний Україною і Росією в 1993 році.
ParlaMint-UA_2003-09-16-m0.u76.p6.sent6	10 років він не може бути введений.
ParlaMint-UA_2003-09-16-m0.u76.p6.sent7	І це не тому, що хтось добрий, а хтось поганий.
ParlaMint-UA_2003-09-16-m0.u76.p6.sent8	Проблема складна.
ParlaMint-UA_2003-09-16-m0.u76.p6.sent9	Європейський Союз має 50 років історії, і він йшов від "пулів" різних через митний союз, через зону вільної торгівлі, і митний союз, валютний союз - і тільки тепер вже є таким, який є.
ParlaMint-UA_2003-09-16-m0.u76.p6.sent10	А ми хочемо зразу все мати.
ParlaMint-UA_2003-09-16-m0.u76.p6.sent11	Це просто нереально.
ParlaMint-UA_2003-09-16-m0.u76.p7.sent1	Нам не треба дуже сильно боятися ЄЕП.
ParlaMint-UA_2003-09-16-m0.u76.p7.sent2	Нам треба навчитись використовувати механізм міжнародних організацій, куди ми входимо, в тому числі і ЄЕП, на свою користь.
ParlaMint-UA_2003-09-16-m0.u76.p7.sent3	Звичайно, керуватись ми повинні Конституцією, національними законами.
ParlaMint-UA_2003-09-16-m0.u76.p7.sent4	І ніхто не має права відступати від її положень, як і ніхто не має права монополізувати, наголошую, монополізувати єдине своє право на оцінку національних інтересів і національного патріотизму.
ParlaMint-UA_2003-09-16-m0.u76.p8.sent1	Чи суперечить договір європейському курсу України?
ParlaMint-UA_2003-09-16-m0.u76.p8.sent2	Так, договір не є досконалим.
ParlaMint-UA_2003-09-16-m0.u76.p8.sent3	Але тоді потрібно засудити "вишеградську групу", яка була створена, і яка працювала, і яка підвела країни цієї групи до більш швидкого вступу до Європейського Союзу.
ParlaMint-UA_2003-09-16-m0.u76.p9.sent1	Я знову наголошую: наша стратегічна мета - Європейський союз, але тактичні кроки мають бути такими, аби вирішите це питання якомога скоріше.
ParlaMint-UA_2003-09-16-m0.u76.p10.sent1	Чи насправді цей договір передбачає втрати Україною певний час від суверенітету, ну будемо відверті - передбачає.
ParlaMint-UA_2003-09-16-m0.u76.p10.sent2	Тут потрібно чітко визначити межу, що ми втрачаємо, як і чи можемо ми підійти за ту межу, яку визначаємо.
ParlaMint-UA_2003-09-16-m0.u76.p10.sent3	Але ми втрачаємо якусь частку суверенітету і коли будемо вступати в Європейський союз, це також є доконаний факт.
ParlaMint-UA_2003-09-16-m0.u76.p10.sent4	Тому не можна сьогодні бути такими, жити.
ParlaMint-UA_2003-09-16-m0.u76.p10.sent5	Ми 12 років живемо в такому, в такій аурі.
ParlaMint-UA_2003-09-16-m0.u76.p10.sent6	Те що торкається Росії - одні кажуть тільки “ні”, те, що торкається Заходу, другі кажуть тільки - “ні”.
ParlaMint-UA_2003-09-16-m0.u76.p10.sent7	А тут повинна бути середина, повинен бути компроміс.
ParlaMint-UA_2003-09-16-m0.u76.p10.sent8	Наші проблеми якраз і полягають в тому, що ми не вміємо, не знаємо, як, не вміємо використовувати наші можливості і в міжнародних союзах, і в стосунках з іншими країнами.
ParlaMint-UA_2003-09-16-m0.u76.p10.sent9	Ми повинні бути партнерами і навчитись бути партнерами.
ParlaMint-UA_2003-09-16-m0.u76.p10.sent10	Якщо ми не можемо цього зробити, то тоді нам треба сказати :”Ми не здатні захищати свою державу, ми не здатні захищати державний суверенітет".
ParlaMint-UA_2003-09-16-m0.u76.p10.sent11	І криком, який би не був тембр високий, тут нічого не втнеш.
ParlaMint-UA_2003-09-16-m0.u76.p10.sent12	Тут потрібні тільки аргументи.
ParlaMint-UA_2003-09-16-m0.u76.p10.sent13	І я не підтримую, скажімо ідеологію, що все в угоді вже прекрасно і що ми будемо мати і збільшить наше машинобудування зразу, все піде зразу повними річками, ну, це ж не так.
ParlaMint-UA_2003-09-16-m0.u76.p10.sent14	Це треба час, це треба мудрість, це треба виваженість, це треба навчитися працювати, в тому числі може перш за все з Росією.
ParlaMint-UA_2003-09-16-m0.u76.p11.sent1	І на останок.
ParlaMint-UA_2003-09-16-m0.u76.p11.sent2	Ми повинні про єдиний економічний простір, як про це, людям говорити правду.
ParlaMint-UA_2003-09-16-m0.u76.p11.sent3	Якщо ми тільки почнемо з того, що завтра все буде гаразд, це не дасть ніякої користі.
ParlaMint-UA_2003-09-16-m0.u76.p11.sent4	Вже проходили: приймемо Конституцію, завтра почнемо краще, вступимо кудись, станемо жити краще.
ParlaMint-UA_2003-09-16-m0.u76.p11.sent5	Не все це так просто.
ParlaMint-UA_2003-09-16-m0.u76.p11.sent6	Це треба час, це треба вміння, це треба розум.
ParlaMint-UA_2003-09-16-m0.u76.p11.sent7	І не можна, скажімо, сьогодні, шановні друзі, проводити, скажімо, опитування людей, які не читали документ.
ParlaMint-UA_2003-09-16-m0.u76.p11.sent8	Не можна.
ParlaMint-UA_2003-09-16-m0.u76.p11.sent9	Депутати не читали.
ParlaMint-UA_2003-09-16-m0.u76.p12.sent1	Я звертаюся до наших соціологічних, я звертаюся до наших газет, не робіть із людей баранів, хоча б за те, що вони вас годують, поважайте їх.
ParlaMint-UA_2003-09-16-m0.u76.p12.sent2	Тому що, ви розумієте, вже це пережили, це вже було.
ParlaMint-UA_2003-09-16-m0.u76.p12.sent3	Ще документ не прийнятий, а його одобрямс.
ParlaMint-UA_2003-09-16-m0.u76.p12.sent4	І от сьогодні одні - повний одомрямс, одні - повне відкидання.
ParlaMint-UA_2003-09-16-m0.u76.p12.sent5	Ось, будь ласка, вам плакати, які засвідчують саме таке відношення.
ParlaMint-UA_2003-09-16-m0.u76.p13.sent1	Я наголошую, ми повинні розумно поставитися до цього документу.
ParlaMint-UA_2003-09-16-m0.u76.p13.sent2	Президент за Конституціє, це його повноваження, має право підписувати міжнародні угоди, ми маємо право ратифікувати і все.
ParlaMint-UA_2003-09-16-m0.u76.p13.sent3	От тоді, коли ми принесемо на ратифікацію, тоді і будемо говорити.
ParlaMint-UA_2003-09-16-m0.u76.p13.sent4	Сьогодні, скоріше, розмова політична, розмова де в чому передвиборча.
ParlaMint-UA_2003-09-16-m0.u76.p13.sent5	А це не допомагає нашому обговоренню.
ParlaMint-UA_2003-09-16-m0.u76.p13.sent6	Бажаю успіху.
ParlaMint-UA_2003-09-16-m0.u77.p1.sent1	Слово надається Юлії Тимошенко, наступний Райков.
ParlaMint-UA_2003-09-16-m0.u78.p1.sent1	Шановні колеги!
ParlaMint-UA_2003-09-16-m0.u78.p1.sent2	Мій час вже пішов, я прошу трошки послухати.
ParlaMint-UA_2003-09-16-m0.u78.p1.sent3	Шановні колеги!
ParlaMint-UA_2003-09-16-m0.u78.p1.sent4	Я можливо зараз буду говорити про абсолютно непопулярні речі ні зліва, ні справа.
ParlaMint-UA_2003-09-16-m0.u78.p2.sent1	Я хочу сказати, що я дуже поважаю Російську Федерацію як мінімум за те, що Російська Дума суттєво відрізняється від українського парламенту.
ParlaMint-UA_2003-09-16-m0.u78.p2.sent2	Я скажу чим вона відрізняється.
ParlaMint-UA_2003-09-16-m0.u78.p2.sent3	Вони можуть сперечатися по внутрішнім проблемам скільки завгодно часу, але коли є хоча б елементарна загроза національним інтересам Росії, єднаються ліві, праві, будь-які і стають одноголосно в своєму голосуванні на захист національних інтересів.
ParlaMint-UA_2003-09-16-m0.u78.p3.sent1	Український парламент вже багато років - багато років! - роздирають чужі національні інтереси.
ParlaMint-UA_2003-09-16-m0.u78.p3.sent2	Спочатку ми становимося чітко на позиції прозахідні і на позиції західних країн.
ParlaMint-UA_2003-09-16-m0.u78.p3.sent3	Коли ми здаємо ядерну зброю, коли ми без будь-яких компенсацій закриваємо Чорнобиль, коли ми публічно не обговорюємо з вами так само умови вступу до СОТ, і ми знаємо з вами скільки там є речей, які нам потрібно доводити до певного рівня.
ParlaMint-UA_2003-09-16-m0.u78.p3.sent4	І ми знаємо, що поки ми не розвинули свою промисловість так, як слід, наш ринок буде опанований за три хвилини.
ParlaMint-UA_2003-09-16-m0.u78.p3.sent5	Ми чудово з вами знаємо, коли голосуємо по іракським проблемам де знаходяться національні інтереси України і в яких тоді документах вони прописані.
ParlaMint-UA_2003-09-16-m0.u78.p3.sent6	Коли інші питання виникають, у тому числі і Єдиний економічний простір, нас розривають національні інтереси Росії.
ParlaMint-UA_2003-09-16-m0.u78.p4.sent1	Шановні друзі!
ParlaMint-UA_2003-09-16-m0.u78.p4.sent2	Я мрію виключно про те, щоб в Україні, в парламенті, в політикумі народилося справжнє українське лобі, яке буде читати кожну строчку документу, яке буде рахувати як це буде відбуватися на житті кожного з нас і в цілому нашої країни.
ParlaMint-UA_2003-09-16-m0.u78.p4.sent3	І тому я хочу, щоб ми відклали всі наші політичні "криши" за межами України в сторону і щоб ми з вами подивилися на той документ, який сьогодні ми читаємо.
ParlaMint-UA_2003-09-16-m0.u78.p4.sent4	А в цьому документі, крім "води", є дві абсолютно реальні речі, які ми маємо з вами констатувати.
ParlaMint-UA_2003-09-16-m0.u78.p4.sent5	Мова йде про те, що тут написано, мовою оригінала: "Обеспечение недискриминационного доступа и равного уровня тарифов на услуги субъектов естественных монополий".
ParlaMint-UA_2003-09-16-m0.u78.p5.sent1	Якщо перекласти це на зрозумілу мову, то тут якраз сказано про те, що ціни на всі енергоносії, а я думаю, пан Азаров як людина, яка вже багато років в економічному блоці працює, може відрізнити дві дефініції: тарифи і ціни.
ParlaMint-UA_2003-09-16-m0.u78.p5.sent2	Це різні речі.
ParlaMint-UA_2003-09-16-m0.u78.p5.sent3	Тарифи - це тільки на транспортування.
ParlaMint-UA_2003-09-16-m0.u78.p5.sent4	Це значить, що транспортування через нафтові і газові проводи, воно залишиться таким, як є сьогодні, воно рівне по всій території.
ParlaMint-UA_2003-09-16-m0.u78.p5.sent5	А ціни, вони формуються ринково, і сьогодні немає в Росії монополії на видобуток нафти і газу, і тому ціни будуть ставити власники, а не держави.
ParlaMint-UA_2003-09-16-m0.u78.p5.sent6	І як взагалі можна піднімати питання, що ціноутворенням буде займатися держава?
ParlaMint-UA_2003-09-16-m0.u78.p6.sent1	Я хочу сказати, що ще одне велике горе для України, коли на посадах, які вирішують стратегічну економічну політику України, як це робить пан Азаров, сидять не фахові економісти, фінансисти, які отримали освіту, а маркшейдери, які закінчили гірничий інститут.
ParlaMint-UA_2003-09-16-m0.u78.p6.sent2	І це є пан Азаров, який спочатку поклав всю країну податками, який не розуміє, що взагалі таке податкова політика, а сьогодні він втручається у міжнародні економічні стосунки з тими ж знаннями і з тим же рівнем кваліфікації.
ParlaMint-UA_2003-09-16-m0.u78.p7.sent1	І ще я вам скажу, що є такі просто жахливі ситуації у парламенті, коли, наприклад, фракція "Європейський вибір", яку в тіньовому секторі очолює пан Азаров, практично руйнує європейський вибір країни.
ParlaMint-UA_2003-09-16-m0.u78.p7.sent2	Ця мімікрія вона ж ні до чого гарного країну не призведе.
ParlaMint-UA_2003-09-16-m0.u78.p8.sent1	І останнє, що я хочу сказати і лівому, і правому сектору.
ParlaMint-UA_2003-09-16-m0.u78.p8.sent2	Да, я хочу сказати ще про другу позицію, яка є реальною у цій угоді.
ParlaMint-UA_2003-09-16-m0.u78.p8.sent3	Це мова іде про наднаціональний державний орган.
ParlaMint-UA_2003-09-16-m0.u78.p8.sent4	Я хочу, щоб ви зрозуміли, що у цій угоді передаються всі абсолютно повноваження цьому органу підписувати потім будь-які угоди, будь-які документи і його практично приймати.
ParlaMint-UA_2003-09-16-m0.u78.p8.sent5	Україна буде мати там 9,9 відсотків голосів, Росія - 83.
ParlaMint-UA_2003-09-16-m0.u78.p8.sent6	Не питання "любимо чи не любимо Росію", не ставте так питання.
ParlaMint-UA_2003-09-16-m0.u78.p8.sent7	Якщо ви за ЄЕП, то ви любите Росію, якщо ви проти ЄЕП, то ви не любите Росію.
ParlaMint-UA_2003-09-16-m0.u78.p8.sent8	Це питання абсолютно недоречне.
ParlaMint-UA_2003-09-16-m0.u78.p8.sent9	Ми любимо і поважаємо Росію, але ж ми серцем, розумом, душею, своїм життям ми маємо стояти на позиціях України.
ParlaMint-UA_2003-09-16-m0.u78.p9.sent1	І тому створення такого наддержавного органу, воно протирічить можливості бути гравцем в цьому економічному просторі, бути впливовою країною на прийняття рішень.
ParlaMint-UA_2003-09-16-m0.u78.p9.sent2	Давайте знімемо цю позицію, давайте знімемо все, що протирічить Конституції, законам, міжнародним угодам.
ParlaMint-UA_2003-09-16-m0.u78.p9.sent3	Ми що з вами авантюристи, ми що не приймали міжнародних угод?
ParlaMint-UA_2003-09-16-m0.u78.p9.sent4	Конституцію прийняли, а потім не будемо це виконувати?
ParlaMint-UA_2003-09-16-m0.u78.p9.sent5	Ми просто не маємо права на це.
ParlaMint-UA_2003-09-16-m0.u78.p9.sent6	Ми маємо послідовно рухатися.
ParlaMint-UA_2003-09-16-m0.u78.p10.sent1	І останнє, що я хочу сказати.
ParlaMint-UA_2003-09-16-m0.u78.p10.sent2	І лівій, і правій частині залу я прошу, задумайтеся над тим, яка персона в Україні провела країну спочатку в одну сторону і підписала десятки міжнародних угод у сторону європейського вибору, а тепер та ж сама персона веде в зовсім діаметрально різну сторону і підписує так само міжнародні угоди, які будуть ратифіковані.
ParlaMint-UA_2003-09-16-m0.u78.p10.sent3	Я хочу, щоб ви замислилися над тим, що нашу Україну розривають на дві частини.
ParlaMint-UA_2003-09-16-m0.u78.p10.sent4	І я прошу вас почитати серйозний труд Ханкігтона "Зіткнення цивілізацій", де написано, що Україна - це розірвана страна.
ParlaMint-UA_2003-09-16-m0.u78.p10.sent5	І ми не маємо права дати жодній посадовій особі посилювати ці тенденції.
ParlaMint-UA_2003-09-16-m0.u78.p10.sent6	Я прошу тільки єдиної сильної патріотичної позиції!
ParlaMint-UA_2003-09-16-m0.u78.p10.sent7	Дякую за увагу.
ParlaMint-UA_2003-09-16-m0.u79.p1.sent1	Слово надається Райкову Борису Сергійовичу, група "Демократичні ініціативи".
ParlaMint-UA_2003-09-16-m0.u79.p1.sent2	Наступний - Ніколаєнко.
ParlaMint-UA_2003-09-16-m0.u79.p1.sent3	Дотримуйтеся Регламенту, шановні.
ParlaMint-UA_2003-09-16-m0.u80.p1.sent1	Шановні колеги!.
ParlaMint-UA_2003-09-16-m0.u80.p1.sent2	глобалізації до сучасного інтегрованого світу змушують нас шукати модель державного розвитку, спрямованого в першу чергу на обслуговування національних інтересів.
ParlaMint-UA_2003-09-16-m0.u80.p1.sent3	Історія ставить перед нами гостре запитання, на яке ми змушені давати чесну і відверту відповідь.
ParlaMint-UA_2003-09-16-m0.u80.p1.sent4	Наближення моменту підписання угоди про створення єдиного економічного простору примушує нас оцінювати економічний зиск від членства України в новому об’єднані.
ParlaMint-UA_2003-09-16-m0.u80.p1.sent5	Тривають гострі дискусії у політичних і економічних колах навколо доцільності участі Києва в цьому проекті.
ParlaMint-UA_2003-09-16-m0.u80.p2.sent1	Переконаний, Україна повинна реалізувати всі ініціативи, що у перспективі можуть бути взаємовигідними і цікавими.
ParlaMint-UA_2003-09-16-m0.u80.p2.sent2	І в цьому контексті розширення співпраці з країнами СНД і в першу чергу з Російською Федерацією є очевидним і логічним кроком.
ParlaMint-UA_2003-09-16-m0.u80.p2.sent3	І я думаю, то что ставится вопрос о ценах на энергоносії, я думаю, что и в тарифной политике, и в ценовой, в конце концов, это даст выгоду нашим предприятиям.
ParlaMint-UA_2003-09-16-m0.u80.p3.sent1	Разом з тим, перед Україною існує реальна європейська перспектива з поглибленням реформ і статусом держави з ринковою економікою.
ParlaMint-UA_2003-09-16-m0.u80.p3.sent2	Україна для країн ЄЕС стане не менш цікавим партнером, ніж деякі східноєвропейські держави.
ParlaMint-UA_2003-09-16-m0.u80.p3.sent3	І ця перспектива значною мірою залежить від нас.
ParlaMint-UA_2003-09-16-m0.u80.p3.sent4	Але Україна не може вести сучасної євроінтеграційної політику, якщо вона буде постійно в опозиції з Росією.
ParlaMint-UA_2003-09-16-m0.u80.p4.sent1	Переконаний, будь-яке об’єднання може бути міждержавним, але ніколи не наддержавним.
ParlaMint-UA_2003-09-16-m0.u80.p4.sent2	Політика має обслуговувати економіку і в жодному разі не може бути самостійною сферою реалізації інтересів будь-якої нації, якщо за цим не стоїть прагматичне рішення - чи буде це вигідно економічно людям, які живуть в цій країні?
ParlaMint-UA_2003-09-16-m0.u80.p5.sent1	Разом з тим, ми не можемо жертвувати пріоритетами суверенності задля економічної чи будь-якої іншої доцільності.
ParlaMint-UA_2003-09-16-m0.u80.p5.sent2	Ми не можемо обмежити національний суверенітет України, зайняти антидержавну позицію.
ParlaMint-UA_2003-09-16-m0.u80.p6.sent1	Шановні колеги!
ParlaMint-UA_2003-09-16-m0.u80.p6.sent2	Україні необхідна інтеграція до структур, що відповідають її національним інтересам, сприяє розвитку національної економіки і прискорить реалізацію євроінтеграційних процесів.
ParlaMint-UA_2003-09-16-m0.u80.p6.sent3	Не може бути єдиний економічний простір, якщо співпраця в рамках цього об’єднання відбувається на засадах рівноправності і партнерства з урахуванням висловлених застережень.
ParlaMint-UA_2003-09-16-m0.u80.p6.sent4	В такому випадку ми підтримуємо ідею активної участі України в цьому інтеграційному об’єднанні.
ParlaMint-UA_2003-09-16-m0.u80.p7.sent1	Депутатська група "Демократичні ініціативи" позитивно оцінює перспективу входження України до єдиного економічного простору за умови обов’язкового врахування висловлених застережень.
ParlaMint-UA_2003-09-16-m0.u80.p7.sent2	Дякую за увагу.
ParlaMint-UA_2003-09-16-m0.u81.p1.sent1	Шановні колеги, давайте порадимося.
ParlaMint-UA_2003-09-16-m0.u81.p1.sent2	Зараз у нас час перерви.
ParlaMint-UA_2003-09-16-m0.u81.p1.sent3	Які пропозиції?
ParlaMint-UA_2003-09-16-m0.u81.p1.sent4	Продовжуємо чи перерва?
ParlaMint-UA_2003-09-16-m0.u81.p2.sent1	ГОЛОС З МІСЦЯ.
ParlaMint-UA_2003-09-16-m0.u81.p2.sent2	Продовжуємо.
ParlaMint-UA_2003-09-16-m0.u82.p1.sent1	Продовжуємо?
ParlaMint-UA_2003-09-16-m0.u82.p2.sent1	Будь ласка, Ніколаєнко Станіслав Миколайович.
ParlaMint-UA_2003-09-16-m0.u82.p3.sent1	Так без перерви працюємо?
ParlaMint-UA_2003-09-16-m0.u82.p4.sent1	Наступний Пустовойтенко.
ParlaMint-UA_2003-09-16-m0.u83.p1.sent1	Шановні народні депутати, шановні члени уряду, громадяни України!
ParlaMint-UA_2003-09-16-m0.u83.p2.sent1	Ми сьогодні попали з вами, як у відомій притчі, у таку ситуацію, коли одні радять молодому чоловікові "женись", другі радять "не женись", а як не зробиш - все одно дурнем будеш.
ParlaMint-UA_2003-09-16-m0.u83.p3.sent1	Я думаю, що нам потрібно зараз емоції відкинути, а зробити так, щоб ми дурнем не були.
ParlaMint-UA_2003-09-16-m0.u83.p4.sent1	Для соціалістичної партії України питання встановлення тісних інтеграційних взаємовигідних зв’язків з нашими сусідами, перш за все країнами СНД - Росією і Білорусією, є принциповим стратегічним напрямом.
ParlaMint-UA_2003-09-16-m0.u83.p4.sent2	Воно повністю відповідає нашим програмним цілям і засадам.
ParlaMint-UA_2003-09-16-m0.u83.p5.sent1	Соціалісти не один раз пропонували шляхи вирішення назрілих проблем в цій сфері.
ParlaMint-UA_2003-09-16-m0.u83.p5.sent2	Ми маємо тісні зв’язки з лівими і лівоцентристськими партіями в цих країнах.
ParlaMint-UA_2003-09-16-m0.u83.p5.sent3	При цьому Соціалістична партія активно співпрацює і з європейськими лівими.
ParlaMint-UA_2003-09-16-m0.u83.p5.sent4	Ми плануємо вступити до Соцінтерну.
ParlaMint-UA_2003-09-16-m0.u83.p6.sent1	Як соціалісти оцінюють договір про єдиний економічний простір?
ParlaMint-UA_2003-09-16-m0.u83.p6.sent2	Для нас тут головне - збереження незалежності і самостійності України, інтереси України і інтереси кожного пересічного громадянина, кожної людини.
ParlaMint-UA_2003-09-16-m0.u83.p6.sent3	Чи буде українцям жити краще, чи замість удавки українських олігархів нас будуть давити спільно олігархи українські і російські - березовські, гусинські, фрідмани, чубайси і так далі?
ParlaMint-UA_2003-09-16-m0.u83.p6.sent4	Адже все сьогодні 890 відсотків нафтопереробки в Україні належить російському бізнесу.
ParlaMint-UA_2003-09-16-m0.u83.p7.sent1	Що робиться нині сьогодні з цінами на паливно-мастильні матеріали, ми бачимо і бачимо результати цього.
ParlaMint-UA_2003-09-16-m0.u83.p7.sent2	Депутати-соціалісти сьогодні вранці вперше мали в руках необхідні документи, вони під час обговорення цих документів виказали стурбованість погіршенням економічних відносин між Україною і Росією.
ParlaMint-UA_2003-09-16-m0.u83.p7.sent3	Ми не розуміємо, чому наш Президент вичікував з 1994 року і так до сих пір, скажімо, не зробив серйозних кроків в напрямку поліпшення взаємовідносин з країнами СНД, перш за все із Росією, чому так до цих пір і не діє договір про вільну торгівлю, підписаний, до речі, в 1994 році?
ParlaMint-UA_2003-09-16-m0.u83.p7.sent4	Чому ми втрачаємо ринки збуту на Сході?
ParlaMint-UA_2003-09-16-m0.u83.p7.sent5	Але Микола Янович називав сьогодні цифру втрат тільки в цьому році.
ParlaMint-UA_2003-09-16-m0.u83.p7.sent6	Надані нам документи, відповіді, на жаль, на ці питання не дають.
ParlaMint-UA_2003-09-16-m0.u83.p8.sent1	Подивимося більш пристально на ці документи.
ParlaMint-UA_2003-09-16-m0.u83.p8.sent2	У нас сьогодні є сумніви відносно статті 4-ї проекту договору, яка пропонує частину державних повноважень передати єдиному недержавному регулюючому органу.
ParlaMint-UA_2003-09-16-m0.u83.p8.sent3	В ньому рішення будуть прийматися відповідно до економічних потенціалів країн.
ParlaMint-UA_2003-09-16-m0.u83.p9.sent1	Нагадаю: Росія має сьогодні внутрішній валовий продукт 427 мільярдів доларів, Україна - близько 50.
ParlaMint-UA_2003-09-16-m0.u83.p9.sent2	Тобто Росія матиме сьогодні 80 відсотків голосів, ми - 10.
ParlaMint-UA_2003-09-16-m0.u83.p9.sent3	Тут потрібно задуматися, тут є проблема.
ParlaMint-UA_2003-09-16-m0.u83.p10.sent1	Або положення про різношвидкісну і різнорівневу інтеграцію.
ParlaMint-UA_2003-09-16-m0.u83.p10.sent2	Якщо Росія, скажімо, на кілька років притормозить вирівнювання цін на газу і нафту, ціна в Росії газу сьогодні умовно 20 доларів за тисячу кубометрів, в Україні - 60.
ParlaMint-UA_2003-09-16-m0.u83.p10.sent3	Що будуть робити наші підприємства, енергогенеруючі компанії і так далі?
ParlaMint-UA_2003-09-16-m0.u83.p10.sent4	Вони просто не витримають конкуренції в рамках ЄЕП і впадуть.
ParlaMint-UA_2003-09-16-m0.u83.p11.sent1	Досвід функціонування аналогічного економічного простору Росії, Білорусі і Казахстану показав, що поки сьогодні виграє економіка Росії.
ParlaMint-UA_2003-09-16-m0.u83.p12.sent1	І ще одне.
ParlaMint-UA_2003-09-16-m0.u83.p12.sent2	Нас турбує, що за 10 років правління Леоніда Кучми ці проблеми, знову повторююсь, не вирішувались.
ParlaMint-UA_2003-09-16-m0.u83.p12.sent3	Чому?
ParlaMint-UA_2003-09-16-m0.u83.p12.sent4	І сьогодні ми бачимо, що Володимир Путін, готуючись до виборів, нарощує образ "собирателя земель русских".
ParlaMint-UA_2003-09-16-m0.u83.p12.sent5	Наші олігархи також використовують, хочуть порятуватись, отримавши підтримку від Росії.
ParlaMint-UA_2003-09-16-m0.u83.p13.sent1	Ми впевнені сьогодні, що без радикальної зміни влади в Україні і Росії подолання корупції, олігархічної влади ми не вирішимо проблем і жити українцям легше не буде, до речі, як і росіянам.
ParlaMint-UA_2003-09-16-m0.u83.p14.sent1	Що пропонують соціалісти.
ParlaMint-UA_2003-09-16-m0.u83.p14.sent2	Перше.
ParlaMint-UA_2003-09-16-m0.u83.p14.sent3	Сьогодні ніякого рішення не приймати.
ParlaMint-UA_2003-09-16-m0.u83.p14.sent4	Ми вимагаємо від уряду повних розрахунків, цифр, аналізу, що чекає нас від приєднання до ЄЕП, що отримає кожна людина в Україні.
ParlaMint-UA_2003-09-16-m0.u83.p14.sent5	Це для нас буде визначальним при прийнятті рішення.
ParlaMint-UA_2003-09-16-m0.u83.p15.sent1	Друге.
ParlaMint-UA_2003-09-16-m0.u83.p15.sent2	Не маючи цих розрахунків і цифр, даних сьогодні, пропонуємо, ще раз кажу, повторюю, не приймати рішень.
ParlaMint-UA_2003-09-16-m0.u83.p15.sent3	Хай Президент, уряд беруть на себе відповідальність, підписують документ, приходять до парламенту з готовими рішеннями, дають нам всі ці цифри, повну картину, тоді ми приймемо це рішення.
ParlaMint-UA_2003-09-16-m0.u83.p15.sent4	Свідомо приймемо це рішення.
ParlaMint-UA_2003-09-16-m0.u83.p15.sent5	Не можна сьогодні мірилами 91-го року міряти, критеріями застосовувати в 2003-му.
ParlaMint-UA_2003-09-16-m0.u83.p15.sent6	Сьогодні дуже погано, що одна частина залу лобіює інтереси американські, друга - російські.
ParlaMint-UA_2003-09-16-m0.u83.p15.sent7	Соціалісти хочуть лобіювати інтереси України.
ParlaMint-UA_2003-09-16-m0.u84.p1.sent1	Слово надається Пустовойтенку Валерію Павловичу, Фракція партії Народно-демократичної.
ParlaMint-UA_2003-09-16-m0.u84.p1.sent2	Наступна - Богатирьова.
ParlaMint-UA_2003-09-16-m0.u85.p1.sent1	Да, як тільки Пустовойтенко слово дали, значить зразу перерва.
ParlaMint-UA_2003-09-16-m0.u85.p1.sent2	Шановні народні депутати, шановні члени уряду.
ParlaMint-UA_2003-09-16-m0.u85.p1.sent3	Народно-демократична партія завжди була провідником євроінтеграційної політики, що відображена в її програмних документах і зокрема в Основних засадах міжнародної політики.
ParlaMint-UA_2003-09-16-m0.u85.p1.sent4	Власне, до останнього часу попри всі складнощі політичного характеру, Народно-демократична партія була прибічником державної політики в міжнародній сфері, оскільки декларація влади співподали з програмною вимогою партії.
ParlaMint-UA_2003-09-16-m0.u85.p2.sent1	З власного досвіду хочу засвідчити, що в політичній історії сучасної України до останнього часу не було жодного епізоду, коли в стосунки з Росією, іншими нашими партнерами в євразійському просторі грубо ігнорували, чи стали заручниками євроінтеграційної політики.
ParlaMint-UA_2003-09-16-m0.u85.p2.sent2	Навпаки, кожен крок України, українського уряду прораховувався, виходячи з необхідності збереження євразійських ринків для вітчизняної промисловості та АПК, забезпечення тісної співпраці в гуманітарній сфері, економічної інтеграції на принципах вільної торгівлі.
ParlaMint-UA_2003-09-16-m0.u85.p3.sent1	Я хочу вам привести невеличкий приклад, я про нього вчора казав на Погоджувальній раді, у мене збереглася стенограма моєї зустрічі з Борисом Миколайовичем Єльциним, до якого я відношуся з величезною повагою, від 16 серпня 1997 року.
ParlaMint-UA_2003-09-16-m0.u85.p3.sent2	Я зачитаю невеличку тезу.
ParlaMint-UA_2003-09-16-m0.u85.p4.sent1	"Борис Николаевич, может быть надо сделать ставку по основным направлениям экномического сотрудничества, программу на 10 лет?
ParlaMint-UA_2003-09-16-m0.u85.p4.sent2	" - Борис Николаевич отвечает: "Это хорошая ваша инициатива и давайте эту программу в торжекственной обстановке подпишем в Москве или в Киеве".
ParlaMint-UA_2003-09-16-m0.u85.p4.sent3	- Я ему отвечаю: " Думаю, лучше в Москве.
ParlaMint-UA_2003-09-16-m0.u85.p4.sent4	Этим документом можно было бы дополнить визит нашего Президента Леонида Кучмы".
ParlaMint-UA_2003-09-16-m0.u85.p4.sent5	Потому что действительно Леонид Данилович Кучма ехал или должен был ехать в Москву.
ParlaMint-UA_2003-09-16-m0.u85.p5.sent1	Після цього було скликане засідання Кабінету Міністрів і відповідальність за розробку цієї програми на 10 років був призначений Сергій Осика, міністр на той час зовнішньоекономічних зв’язків і торгівлі.
ParlaMint-UA_2003-09-16-m0.u85.p5.sent2	Програма була відпрацьована, зроблена, прийнята на засіданні Кабінету Міністрів і підписана нашим Президентом.
ParlaMint-UA_2003-09-16-m0.u85.p6.sent1	Що в ній передбачалося?
ParlaMint-UA_2003-09-16-m0.u85.p6.sent2	Передбачалося дуже просте.
ParlaMint-UA_2003-09-16-m0.u85.p6.sent3	На той час, коли велась розмова, товарообіг за 1996 рік був 17,8 мільярдів гривень, впало вже тоді на 3 мільярди, зараз 12.
ParlaMint-UA_2003-09-16-m0.u85.p6.sent4	А програмою передбачалося, що ми наші відносини в економічній сфері торгівлі повинні винести на рівень 30 мільярдів гривень, доларів, я вибачаюсь.
ParlaMint-UA_2003-09-16-m0.u85.p6.sent5	Вдумайтеся у ці цифри.
ParlaMint-UA_2003-09-16-m0.u85.p6.sent6	Практично вдвічі.
ParlaMint-UA_2003-09-16-m0.u85.p6.sent7	А сталося зовсім навпаки.
ParlaMint-UA_2003-09-16-m0.u85.p7.sent1	Далі який крок ми зробили, коли вже стали на більш такий основі працювати, ми створили, і я дяку парламенту, я зараз подивився, як велося голосування, уряд прийняв економічне обгрунтування, доцільно, на жаль, і хочу просити, не потрібно друг друга ображати.
ParlaMint-UA_2003-09-16-m0.u85.p7.sent2	Я з величезною повагою відношуся до Миколи Яновича Азарова, він доктор технічних наук, він приймав участь якраз в розробці податкової системи, адміністрації, а також Юлю Тимошенко.
ParlaMint-UA_2003-09-16-m0.u85.p7.sent3	Ми всі люди, ми не повинні друг з другом зводити якісь рахунки, тому що це майбутнє нашої держави.
ParlaMint-UA_2003-09-16-m0.u85.p8.sent1	Що ми зробили?
ParlaMint-UA_2003-09-16-m0.u85.p8.sent2	Ми прийняли рішення на уряді про створення зони вільної торгівлі.
ParlaMint-UA_2003-09-16-m0.u85.p8.sent3	1999-ий рік.
ParlaMint-UA_2003-09-16-m0.u85.p8.sent4	І парламент таємним голосуванням , я дякую тільки за підтримку комуністів на той час, ми проголосували, набрали 227 голосів.
ParlaMint-UA_2003-09-16-m0.u85.p8.sent5	А коли вже в цілому голосували, було 232.
ParlaMint-UA_2003-09-16-m0.u85.p8.sent6	Я думав, хотів сказати, які фракції як підтримали, як голосували теж протистояння так вони залишились.
ParlaMint-UA_2003-09-16-m0.u85.p9.sent1	І за ці роки ні уряду Ющенка.
ParlaMint-UA_2003-09-16-m0.u85.p9.sent2	Ну наверно мене зняли, я так розумію, за те, що висловлюю якусь проросійську позицію.
ParlaMint-UA_2003-09-16-m0.u85.p9.sent3	Я так думаю.
ParlaMint-UA_2003-09-16-m0.u85.p9.sent4	Ні уряду Ющенка, ні Анатолію Кириловичу Кінаху, Віктору Андрійовичу Ющенку не вдалося реалізувати - чому? - цю зону і впровадити.
ParlaMint-UA_2003-09-16-m0.u85.p9.sent5	Тому що Дума, Держдума Росії на ратифікувала цю угоду по сьогоднішній день, і вона залишилась сьогодні.
ParlaMint-UA_2003-09-16-m0.u85.p9.sent6	І якщо ми сьогодні працювали, ми вже рухались в цьому напрямку вперед.
ParlaMint-UA_2003-09-16-m0.u85.p10.sent1	А сьогодні я хочу сказати, що я не задоволений тим, або непрозорістю прийняття цих рішень і їх розгляду.
ParlaMint-UA_2003-09-16-m0.u85.p10.sent2	Тому Народно-демократична партія пропонує, перш за все, наступний крок - відкласти підписання будь-яких угод щодо інтеграційних процесів і в проекті між країн СНД до моменту, поки не буде завершена розробка і не буде.
ParlaMint-UA_2003-09-16-m0.u85.p10.sent3	програма інтеграції України до Європейського співтовариства.
ParlaMint-UA_2003-09-16-m0.u85.p10.sent4	Відповідно обмежитись декларацією про наміри, в якій відобразити ідею пріоритетності європейського вибору.
ParlaMint-UA_2003-09-16-m0.u85.p10.sent5	Це актуально не лише для України, але й для Росії, що також.
ParlaMint-UA_2003-09-16-m0.u85.p10.sent6	програмі співробітництва з Європейським союзом.
ParlaMint-UA_2003-09-16-m0.u85.p11.sent1	Враховуючи, що ще в 199 році український уряд доклав чимало зусиль для укладення - закінчую - угоди про створення зони вільної торгівлі країн СНД, а Верховна Рада того ж роки ратифікувала її, необхідно зосередити зусилля на реалізацію цих рішень.
ParlaMint-UA_2003-09-16-m0.u85.p11.sent2	Практика застосування двосторонніх угод про вільну торгівлю дозволила проаналізувати усі позитиви та негативи такої інтеграції і зробити відповідні висновки щодо подальших кроків.
ParlaMint-UA_2003-09-16-m0.u85.p12.sent1	В політичному плані забезпечити активну і пряму участь парламентарів в початкових етапах розробки подібних проектів, враховуючи той факт, що діючий уряд сформований і працює на засадах коаліційності і повинен проводити прозору політичну підзвітну політику.
ParlaMint-UA_2003-09-16-m0.u85.p12.sent2	Знову повернутися до проблеми реформування більшості на основі фракцій та груп та опрацювання політично-економічної платформи для парламентської коаліції, що дозволить забезпечити більш чіткий політичний контроль за роботою уряду та виконання Програми уряду.
ParlaMint-UA_2003-09-16-m0.u85.p13.sent1	І останнє.
ParlaMint-UA_2003-09-16-m0.u85.p13.sent2	Питання зовнішньо-політичних пріоритетів мають бути нарешті врегульовані на законодавчому рівні і вимог чинної Конституції як закони про основні засади зовнішньої та внутрішньої політики в Україні.
ParlaMint-UA_2003-09-16-m0.u85.p13.sent3	Вважаю, що протягом осінньої та весняної сесії робота над цим законопроектом могла бути закінчена.
ParlaMint-UA_2003-09-16-m0.u85.p13.sent4	І у нас таких суперечок більше не виникало у парламенті.
ParlaMint-UA_2003-09-16-m0.u85.p13.sent5	Дякую за увагу.
ParlaMint-UA_2003-09-16-m0.u86.p1.sent1	Богатирьова Раїса Василівна, фракція "Регіони України", наступна - Ващук.
ParlaMint-UA_2003-09-16-m0.u87.p1.sent1	Шановні народні депутати, шановний Вікторе Федоровичу, члени уряду.
ParlaMint-UA_2003-09-16-m0.u87.p2.sent1	Сьогодні ми, дійсно, обговорюємо питання, яке має доленосне рішення для нашого суспільства і для нашої держави.
ParlaMint-UA_2003-09-16-m0.u87.p2.sent2	На жаль, у цей відповідальний час ми спостерігаємо, що наше обговорення переходить більше у площину політичної дискусії.
ParlaMint-UA_2003-09-16-m0.u87.p2.sent3	Мені б дуже не хотілося б, щоб зараз серед нашої політичної еліти почався розкол з цього питання.
ParlaMint-UA_2003-09-16-m0.u87.p2.sent4	І я б хотіла закликати від фракції "Регіони України" всіх сьогодні, обговорюючи це питання, знайти крок на зустріч один одному, щоб виробити зважене, компромісне рішення.
ParlaMint-UA_2003-09-16-m0.u87.p2.sent5	Ми знаємо хронологію розгляду цього питання в уряді, в ході засідань якого було прийнято максимальне намагання прийняти до уваги різні позиції різних міністерств.
ParlaMint-UA_2003-09-16-m0.u87.p3.sent1	Кабінет Міністрів вирішив врахувати ключові зауваження та застереження щодо існуючого проекту угоди по ЄЕП з тим, щоб підписана угода: перше, не мала протиріч з Конституцією, з чинним законодавством і була нормально сприйнята нашими західними партнерами.
ParlaMint-UA_2003-09-16-m0.u87.p4.sent1	Тому дещо недоречним, на мій погляд, та дивним виглядають саме сьогодні закидання у бік уряду моменти про нехтування інтересами України з боку тих, хто, роблячи гучні заяви, керується в першу чергу при цих заявах емоціями і бажаннями спекулювати на цій болючій темі.
ParlaMint-UA_2003-09-16-m0.u87.p4.sent2	Не треба заробляти так політичний капітал.
ParlaMint-UA_2003-09-16-m0.u87.p4.sent3	І я думаю, перший віце-прем’єр Микола Азаров дуже виважено виклав всі позиції переважного кроку назустріч підписанню цієї угоди.
ParlaMint-UA_2003-09-16-m0.u87.p5.sent1	Шановні колеги!
ParlaMint-UA_2003-09-16-m0.u87.p5.sent2	Мені б хотілося перед тим, як ми приймемо з вами і зважене, і обраховане рішення, необхідно було все ж таки нам намагатися по трьох складових цього питання визначитися.
ParlaMint-UA_2003-09-16-m0.u87.p5.sent3	Перша - економічна складова.
ParlaMint-UA_2003-09-16-m0.u87.p5.sent4	Друга - політична.
ParlaMint-UA_2003-09-16-m0.u87.p5.sent5	І третя - соціальна.
ParlaMint-UA_2003-09-16-m0.u87.p6.sent1	Саме з економічної складової я хотіла б почати і, не ображаючи представників різних міністерств, я б хотіла, щоб представники Міністерства економіки не власну точку зору висловлювали при зустрічі з народними депутатами, а керувалися рішенням уряду і не свої міркування видавали за рішення, а економічні обгрунтування, позитиву або негативу від цього рішення.
ParlaMint-UA_2003-09-16-m0.u87.p6.sent2	Саме ми, народні депутати, маючи економічну інформацію в повному обсязі будемо приймати рішення.
ParlaMint-UA_2003-09-16-m0.u87.p7.sent1	Щодо рішення заяв і моментів політичної доцільності.
ParlaMint-UA_2003-09-16-m0.u87.p7.sent2	Я думаю, що Міністерство закордонних справ спроможно сьогодні зробити політичний прогноз, які наслідки можуть бути від тих чи інших кроків, і змінімізувати негативи як від наших західних партнерів, так і від східних партнерів.
ParlaMint-UA_2003-09-16-m0.u87.p7.sent3	І до цього я саме закликаю.
ParlaMint-UA_2003-09-16-m0.u87.p8.sent1	Щодо соціальних складових.
ParlaMint-UA_2003-09-16-m0.u87.p8.sent2	Багато сьогодні говорилося про переваги, що чекають від нас наші виборці, якого рішення і саме дані соціологічних досліджень говорять про те, що сьогодні переважна частина населення України чекає економічних, більш щільних стосунків з вищеназваними країнами.
ParlaMint-UA_2003-09-16-m0.u87.p9.sent1	Шановні друзі!
ParlaMint-UA_2003-09-16-m0.u87.p9.sent2	Обговорюючи ці документи, ми мусимо все ж таки підтримати і логіку міжнародних документів, які підписала Україна.
ParlaMint-UA_2003-09-16-m0.u87.p9.sent3	І є у фракції "Регіони України" певне застереження щодо запровадження ринку свободної робочої сили щодо вступу в СОТ і таке інше.
ParlaMint-UA_2003-09-16-m0.u87.p9.sent4	Ми їх висловимо і далі при обговоренні з урядом і в цьому залі.
ParlaMint-UA_2003-09-16-m0.u87.p9.sent5	Але б я хотіла, щоб ми, підтримуючи рамкові ці документи, зробили дієвий крок по входженню України в зону вільної торгівлі.
ParlaMint-UA_2003-09-16-m0.u87.p9.sent6	Дякую за увагу.
ParlaMint-UA_2003-09-16-m0.u88.p1.sent1	Ващук Катерина Тимофіївна, фракція Аграрної партії України.
ParlaMint-UA_2003-09-16-m0.u88.p1.sent2	Наступний Гапочка.
ParlaMint-UA_2003-09-16-m0.u89.p1.sent1	Шановні колеги, добре, що сьогодні така предметна розмова йде у парламенті, добре, що ми мали можливість брати участь у засіданні уряду, вивчаючи ті важливі документи, доленосні для України.
ParlaMint-UA_2003-09-16-m0.u89.p1.sent2	І саме нам належатиме останнє слово - працювати їм, бути прийнятими і ратифікованими парламентом чи ні?
ParlaMint-UA_2003-09-16-m0.u89.p1.sent3	Сьогодні дійсно сім раз треба міряти, щоб відрізати правильно.
ParlaMint-UA_2003-09-16-m0.u89.p2.sent1	Мені, як і тим депутатам, котрі виступали сьогодні, прикро з того, що у нас така полярність поглядів.
ParlaMint-UA_2003-09-16-m0.u89.p2.sent2	Істина, напевно, все-таки посередині.
ParlaMint-UA_2003-09-16-m0.u89.p2.sent3	Ми не можемо собі дозволяти сьогодні відкидати будь-яку можливість поліпшення економічних зв’язків України.
ParlaMint-UA_2003-09-16-m0.u89.p2.sent4	Але разом з тим, ми не можемо не аналізувати, що нам дасть для економіки України, для добробуту кожного громадянина дана угода?
ParlaMint-UA_2003-09-16-m0.u89.p2.sent5	Чи кілька, ну скажімо, майже на одному економічному рівні, а в європейському вимірі бідних держав, об’єднані до купи дадуть потенціал руху вперед чи не дадуть?
ParlaMint-UA_2003-09-16-m0.u89.p2.sent6	Чи дасть ця угода можливість нам рухатися в Європу чи закриє двері?
ParlaMint-UA_2003-09-16-m0.u89.p2.sent7	Все це ми маємо дуже детально вивчити.
ParlaMint-UA_2003-09-16-m0.u89.p3.sent1	На засіданні фракції вранці у нас було дуже мало часу для того, аби дуже уважно проаналізувати кожний пункт цієї угоди.
ParlaMint-UA_2003-09-16-m0.u89.p3.sent2	Проте, ми відзначили, що ми підтримуємо позицію уряду на економічну, тісну економічну співпрацю з Росією, Білорусією, Казахстаном, з тими республіками, які хочуть підписати дану угоду.
ParlaMint-UA_2003-09-16-m0.u89.p3.sent3	Ми підтримуємо створення вільної зони торгівлі, це допоможе нам розширити наш ринок, це допоможе нам розвиватися, а значить, і дати ті робочі місця, а не висилати наших людей за кордон на заробітки у ситу Європу, де не сильно поважають наших громадян, які приїхали туди заробити.
ParlaMint-UA_2003-09-16-m0.u89.p4.sent1	Разом з тим фракція з пересторогою відноситься до створення надоргану який може бути органом, диктуючим, так як голоси там розподілені згідно економічного потенціалу.
ParlaMint-UA_2003-09-16-m0.u89.p4.sent2	Це тут у нас є пересторога.
ParlaMint-UA_2003-09-16-m0.u89.p5.sent1	А ще, як і інші виступаючі, ми б хотіли мати чіткі економічні розрахунки по кожному пункту угоди.
ParlaMint-UA_2003-09-16-m0.u89.p5.sent2	Ми маємо чітко знати, як почуватиметься аграрний сектор, коли ми матимемо підписану угоду в такому вигляді, як почуватиметься наша енергетика, промисловість, всі інші галузі народного господарства України.
ParlaMint-UA_2003-09-16-m0.u89.p5.sent3	Тобто ця угода, безумовно, крок уперед в економічних стосунках із сусідами, проте вона має бути не в розріз із Конституцією, з законодавством України, з підписаними раніше міжнародними угодами.
ParlaMint-UA_2003-09-16-m0.u89.p5.sent4	Така позиція фракції.
ParlaMint-UA_2003-09-16-m0.u89.p5.sent5	Ми і далі будемо працювати над тим документом, і вважаємо, що кінцеве слово ми скажемо тоді, коли треба буде ратифікувати документ.
ParlaMint-UA_2003-09-16-m0.u89.p5.sent6	Дякую.
ParlaMint-UA_2003-09-16-m0.u90.p1.sent1	Спасибі.
ParlaMint-UA_2003-09-16-m0.u90.p2.sent1	Слово надається Гапочці Миколі Михайловичу, група "Народний вибір".
ParlaMint-UA_2003-09-16-m0.u90.p2.sent2	Наступний - Губський.
ParlaMint-UA_2003-09-16-m0.u91.p1.sent1	Шановні члени уряду, шановні депутати.
ParlaMint-UA_2003-09-16-m0.u91.p1.sent2	Депутатська група "Народний вибір" висловлюється на підтримку створення єдиного економічного простору на території чотирьох країн.
ParlaMint-UA_2003-09-16-m0.u91.p1.sent3	На наше переконання, цей крок спрямований, сприятиме створенню передумов для поліпшення та розвитку вітчизняної економіки та її виходу на новий рівень.
ParlaMint-UA_2003-09-16-m0.u91.p2.sent1	Останнім часом щодо питань про європейський економічний.
ParlaMint-UA_2003-09-16-m0.u91.p2.sent2	єдиний.
ParlaMint-UA_2003-09-16-m0.u91.p2.sent3	простір відвелось багато гострих дискусій.
ParlaMint-UA_2003-09-16-m0.u91.p2.sent4	Дійсно, воно є дуже важливим.
ParlaMint-UA_2003-09-16-m0.u91.p2.sent5	Але від створення чи нестворення цього об’єднання багато в чому залежить подальша доля нашої держави.
ParlaMint-UA_2003-09-16-m0.u91.p2.sent6	Тому при його розгляді треба спиратися не на емоції, а на економічний прагматизм.
ParlaMint-UA_2003-09-16-m0.u91.p3.sent1	Так, ми повинні захищати в першу чергу національні інтереси.
ParlaMint-UA_2003-09-16-m0.u91.p3.sent2	Але якщо оцінювати створення єдиного економічного простору об’єктивно, можна зробити висновок, що цей процес не завдає шкоди ні суверенітету України, ні прагненню нашої держави увійти до Європейського Союзу.
ParlaMint-UA_2003-09-16-m0.u91.p3.sent3	Йдеться лише про більш тісніше співробітництво групи країн, і не більше того.
ParlaMint-UA_2003-09-16-m0.u91.p3.sent4	То де тут загроза суверенітету?
ParlaMint-UA_2003-09-16-m0.u91.p4.sent1	Одним із головних аргументів противників створення єдиного економічного простору вважається невідповідність положень угоду євроспрямуванню України.
ParlaMint-UA_2003-09-16-m0.u91.p4.sent2	Насправді, хто розуміється на теперішніх стосунках України з Європейським Союзом, прекрасно розуміє: тільки економічно сильна країна може претендувати на місце під дахом європейського суспільства, слабких туди не беруть.
ParlaMint-UA_2003-09-16-m0.u91.p5.sent1	Природно, що остаточна редакція документу потребує деяких доопрацювань, перш за все, узгодження його положень з нормами Конституції України та українського законодавства.
ParlaMint-UA_2003-09-16-m0.u91.p5.sent2	В той же час є всі підстави заявити, що створення єдиного економічного простору є вкрай важливим кроком для поліпшення ситуації у багатьох сферах економіки та її подальшого розвитку.
ParlaMint-UA_2003-09-16-m0.u91.p6.sent1	Одним із наслідків підписання угоди про єдиний економічний простір повинно стати створення зони вільної торгівлі, що покладе край торговельним війнам між країнами-сусідами.
ParlaMint-UA_2003-09-16-m0.u91.p6.sent2	Створення зони вільної торгівлі дозволить українським товаровиробникам суттєво збільшити своє виробництво, адже потенційні країни єдиного економічного простору - це більше 200 мільйонів ресурсів споживачів.
ParlaMint-UA_2003-09-16-m0.u91.p7.sent1	Крім того, наявність зони вільної торгівлі дозволить зменшити витрати, пов’язані з пересуванням товарів на ринках, розширення місткості ринку і відповідно зробити його більш привабливим для інтересів.
ParlaMint-UA_2003-09-16-m0.u91.p8.sent1	Отже зона вільної торгівлі є той прагматичний крок, який стимулюватиме розвиток вітчизняної економіки.
ParlaMint-UA_2003-09-16-m0.u91.p8.sent2	Хотів би також зазначити, що за даними, соціальних переважна більшість економіки наших громадян, співгромадян, приблизно 70 відсотків, підтримує створення єдиного економічного простору.
ParlaMint-UA_2003-09-16-m0.u91.p8.sent3	Гадаю, що приймаючи рішення з цього питання, ми повинні враховувати думки людей, які нас обрали.
ParlaMint-UA_2003-09-16-m0.u91.p9.sent1	Саме тому, група "Народний вибір" підтримує підписання угоди про створення єдиного економічного простору.
ParlaMint-UA_2003-09-16-m0.u91.p9.sent2	Ми впевнені, що цей крок відповідає інтересам української економіки та українського народу.
ParlaMint-UA_2003-09-16-m0.u91.p10.sent1	Дякую за увагу.
ParlaMint-UA_2003-09-16-m0.u92.p1.sent1	Богдан Губський.
ParlaMint-UA_2003-09-16-m0.u92.p1.sent2	Група "Народовладдя", наступний -Симоненко.
ParlaMint-UA_2003-09-16-m0.u93.p1.sent1	Шановний головуючий, шановні колеги, шановні члени уряду.
ParlaMint-UA_2003-09-16-m0.u93.p2.sent1	Нещодавно ми відзначали 12-ту річницю незалежності України.
ParlaMint-UA_2003-09-16-m0.u93.p2.sent2	Ця незалежність вистраждана віками, про неї мріяли покоління українців.
ParlaMint-UA_2003-09-16-m0.u93.p3.sent1	Сьогодні Україна посідає гідне і чільне місце у європейський і світовій спільноті, робить величезний, вагомий внесок у розвиток світової цивілізації, розв’язання політичних і економічних проблем людства.
ParlaMint-UA_2003-09-16-m0.u93.p4.sent1	Розвинута економіка, видатний, справді видатний науково-технічний потенціал дозволяє справді і реально нашій країні займати чільне місце у світовому розподілі праці.
ParlaMint-UA_2003-09-16-m0.u93.p4.sent2	Стратегічний напрямок подальшого розвитку України, визначений, як ми знаємо, в Посланні Президента України - це європейська інтеграція.
ParlaMint-UA_2003-09-16-m0.u93.p4.sent3	І в той же час невід’ємним елементом цієї стратегії є підвищення і поглиблення ефективності співпраці з державами членами СНД і зокрема з Росією.
ParlaMint-UA_2003-09-16-m0.u93.p4.sent4	Треба нам чітко усвідомлювати, що альтернативи тісного співробітництва Україні з сусідніми країнами, і зокрема з Росією, немає.
ParlaMint-UA_2003-09-16-m0.u93.p4.sent5	Але попри всю реальну значущість стратегічного партнерства України з Російською Федерацією запропонована сьогодні модель потребує певних.
ParlaMint-UA_2003-09-16-m0.u93.p4.sent6	певних застережень і подальших ратифікаційних процедур.
ParlaMint-UA_2003-09-16-m0.u93.p4.sent7	Це необхідно для того, щоб запобігти появі можливих неузгодженостей між входженням України до єдиного економічного простору та європейською інтеграцією, входження до Світової організації торгівлі, інших європейських структур.
ParlaMint-UA_2003-09-16-m0.u93.p4.sent8	І ці питання і потребують якраз вирішення.
ParlaMint-UA_2003-09-16-m0.u93.p5.sent1	Наприклад, сьогодні Україна має цілу низку угод з європейськими країнами у руслі приєднання до Європейського союзу, підписаних на засадах, визначених і прийнятих в Європейському союзі.
ParlaMint-UA_2003-09-16-m0.u93.p5.sent2	Аналогічна ситуація складається і відносно зони вільної торгівлі України з Білоруссю, з Казахстаном і Російською Федерацією.
ParlaMint-UA_2003-09-16-m0.u93.p6.sent1	Ми сьогодні повинні мати чіткі, дуже чіткі і зрозумілі для нас перспективи участі України не тільки в зоні вільної торгівлі з цими країнами, а й з Європейським союзом, з Грузією, з Вірменією, Молдовою, Узбекистаном.
ParlaMint-UA_2003-09-16-m0.u93.p6.sent2	Якщо цього не зробити, то процедура створення єдиного економічного простору залишиться лише на папері.
ParlaMint-UA_2003-09-16-m0.u93.p6.sent3	Ми за, підкреслюю, за створення зони вільної торгівлі з Росією на принципах і засадах Світової організації торгівлі за умови відсутності пільг для окремих держав, пов’язаних у вигляді вилучень, вилучень, пов’язаних з енергоресурсами і транзитом і за умов відповідності положень будь-яких угод міжнародних Конституції України.
ParlaMint-UA_2003-09-16-m0.u93.p7.sent1	Далі.
ParlaMint-UA_2003-09-16-m0.u93.p7.sent2	В межах ЄЕП визначається єдиний регулюючий орган - комісія, рішення якої повинні бути обов’язковими.
ParlaMint-UA_2003-09-16-m0.u93.p7.sent3	І цій комісії повинен бути делегований ряд прав, зокрема Україною щодо регламентування, наприклад, зовнішньої і внутрішньої економічної стратегії.
ParlaMint-UA_2003-09-16-m0.u93.p8.sent1	За висновком багатьох юридичних відомств, зокрема Міністерства юстиції, ми бачили, що ряд положень, пов’язаних з створенням цієї комісії, суперечить Конституції нашої держави.
ParlaMint-UA_2003-09-16-m0.u93.p8.sent2	І нам здається, що це не можливо, щоб будь-яка міжнародна угода суперечила Конституції України і порушувала конституційне волевиявлення українських громадян.
ParlaMint-UA_2003-09-16-m0.u93.p9.sent1	Тим більше, що є висновки багатьох міністерств стосовно того, що небажано делегувати України свої конституційні повноваження будь-якому наднаціональному органу.
ParlaMint-UA_2003-09-16-m0.u93.p10.sent1	При всьому цьому ще й ми позбавляємося права вета щодо прийняття рішень, що стосуються суверенітету.
ParlaMint-UA_2003-09-16-m0.u93.p10.sent2	Ми звичайно ж сьогодні, і ми вважаємо це однозначно, повинні і зобов’язані співпрацювати з Росією, але виключно у напрямках і межах, які відповідають національним інтересам, не протирічать Конституції, законам України і міжнародним угодам, підписаним Україною.
ParlaMint-UA_2003-09-16-m0.u93.p10.sent3	З огляду на це, у випадку підписання відповідної угоди, подання її на ратифікацію, потрібно буде оцінити всі аспекти, пов’язані з застереженнями, які підготовлені відповідними міністерствами, відомствами, урядом і вже після того зважено підходити до ратифікації угоди виключно шляхом, як цього вимагає закон України "Про міжнародні договори".
ParlaMint-UA_2003-09-16-m0.u93.p10.sent4	Дякую.
ParlaMint-UA_2003-09-16-m0.u94.p1.sent1	Симоненко Петро Миколайович, фракція Комуністичної партії України.
ParlaMint-UA_2003-09-16-m0.u95.p1.sent1	Уважаемые коллеги!
ParlaMint-UA_2003-09-16-m0.u95.p1.sent2	Обсуждение данного вопроса показывает, что Украина на рубеже, на перепутье.
ParlaMint-UA_2003-09-16-m0.u95.p1.sent3	Куда и с кем идти дальше - вопрос поставлен не сегодня.
ParlaMint-UA_2003-09-16-m0.u95.p1.sent4	Идти равной среди равных или быть политическим вассалом?
ParlaMint-UA_2003-09-16-m0.u95.p1.sent5	На этот вопрос мы должны найти сегодня ответ.
ParlaMint-UA_2003-09-16-m0.u95.p2.sent1	Да, мы, коммунисты, понимаем, что решение вопроса о Едином экономическом пространстве не сразу изменит ситуацию к лучшему, создаст для многих рабочих иную ситуацию, восстановит рабочие места и заработную плату.
ParlaMint-UA_2003-09-16-m0.u95.p2.sent2	И этой идеей, к сожалению, могут воспользоваться олигархии для удовлетворения только своих интересов, и выступают против те из них сегодня, которые в этом усматривают прежде всего угрозу для своих сверхприбылей и разрушения своего рынка.
ParlaMint-UA_2003-09-16-m0.u95.p2.sent3	Да, к сожалению, политические силы и прежде всего правые националистические в очередной раз пытаются запугать империей и другими "измами".
ParlaMint-UA_2003-09-16-m0.u95.p2.sent4	Их позиция нам также понятна, так как определена не национальными интересами, о чем подтверждает 12 лет уничтожение Украины в условиях независимости, а выполнением команды: идти на Запад.
ParlaMint-UA_2003-09-16-m0.u95.p2.sent5	Мы, коммунисты, предлагаем рассматривать этот вопрос без политической истерии, а на основе научно обоснованного прогноза.
ParlaMint-UA_2003-09-16-m0.u95.p3.sent1	В повестке нашей стоит сегодня прежде всего перспектива геополитическая Украины.
ParlaMint-UA_2003-09-16-m0.u95.p3.sent2	И на мой взгляд, формирование единого экономического пространства - это не только поиск разрешения сиюминутных проблем в условиях систематического кризиса и тех колоссальных провалов, которые имеет Украина.
ParlaMint-UA_2003-09-16-m0.u95.p3.sent3	Это прежде всего поиск перспектив развития с учетом проблем ресурсной базы и прежде всего полезных ископаемых.
ParlaMint-UA_2003-09-16-m0.u95.p4.sent1	Для своих оппонентов некоторые цифры хотел бы назвать.
ParlaMint-UA_2003-09-16-m0.u95.p4.sent2	При этом когда говорят, что движутся в Европу, ни одной цифры не назвали.
ParlaMint-UA_2003-09-16-m0.u95.p4.sent3	А я хочу для размышления предложить следующее.
ParlaMint-UA_2003-09-16-m0.u95.p4.sent4	По экспертной оценке зарубежных специалистов разведанных и оцененных полезных ископаемых только в Российской Федерации, которая будет составляющей единого экономического пространства, более, чем на 30 триллионов долларов.
ParlaMint-UA_2003-09-16-m0.u95.p4.sent5	Доля России в мировых запасах стратегического сырья: нефть - 20 процентов, газ - 35, уголь - 12, никель - более трети мировых запасов, железная руда - 27, апатиты - 64 процента, платина, золото, алмазы - первое, третье место в мире по добыче и естественно масса других полезных ископаемых, которыми может воспользоваться Украина, если мы правильную позицию, исходя из национальных интересов, будем проводить.
ParlaMint-UA_2003-09-16-m0.u95.p5.sent1	О чем я говорю?
ParlaMint-UA_2003-09-16-m0.u95.p5.sent2	Все мировое сообщество сегодня ведет борьбу за геополитические стратегические интересы своего развития.
ParlaMint-UA_2003-09-16-m0.u95.p5.sent3	И в Ирак полезли Соединенные Штаты Америки, куда правые политические силы отправили наших солдат погибать, полезли за нефтью, потому что у них сегодня нефти не хватает.
ParlaMint-UA_2003-09-16-m0.u95.p5.sent4	Это непростой вопрос сегодня единого экономического пространства.
ParlaMint-UA_2003-09-16-m0.u95.p5.sent5	И кстати говоря, по душевому показателю природной составляющей национальные богатства, еще раз посылаясь на составляющую единого экономического пространства, Россия в 10 раз опережает Соединенные Штаты Америки и в 27 раз Европу.
ParlaMint-UA_2003-09-16-m0.u95.p6.sent1	Вот почему, товарищи, сегодня принимая политическое решение, мы должны основываться и на геополитические, и на стратегические интересы Украины.
ParlaMint-UA_2003-09-16-m0.u95.p6.sent2	Не сегодняшним днем жить, когда кричат, что "геть від Москви", в 1991 году призывали "чиє сало з’їли?", а в 2003 году протягиваем руки и просим: "Москва, дай хлеба накормить народ Украины".
ParlaMint-UA_2003-09-16-m0.u95.p7.sent1	В Европе нас унизительно называют соседями или относятся как к незваным гостям.
ParlaMint-UA_2003-09-16-m0.u95.p7.sent2	К кому так относятся, мы знаем.
ParlaMint-UA_2003-09-16-m0.u95.p7.sent3	Кое-кто охрип, подавая сигналы о желании вступить в ЕЭС, требуя ответный сигнал, не замечая, что этот уже сигнал давно дан и он красный.
ParlaMint-UA_2003-09-16-m0.u95.p7.sent4	Под красным европейским фонарем для украинцев вводится въездные визы, создаются санитарные кордоны, организовываются антидемпинговые расследования, закрывающие путь украинским товарам на Запад.
ParlaMint-UA_2003-09-16-m0.u95.p7.sent5	При этом требуют одно: направьте солдат в Ирак, чтобы вместо американцев там гибли, а мы вам потом еще посмотрим, что дадим взамен.
ParlaMint-UA_2003-09-16-m0.u95.p8.sent1	Складывается впечатление, что у отдельной части правонационалистических политиков опасный рецидив политического дальтонизма, ломятся на красный свет, когда есть и зеленый, и на него можно было бы посмотреть.
ParlaMint-UA_2003-09-16-m0.u95.p8.sent2	Но беда в том, что от этого дальтонизма страдает народ, разрушается экономика Украина, утрачивается экономическая.
ParlaMint-UA_2003-09-16-m0.u95.p8.sent3	практически, утратили экономическую независимость страны.
ParlaMint-UA_2003-09-16-m0.u95.p9.sent1	Но я еще об одном хотел бы попросить, уважаемые коллеги: по мнению нашего народа, 78 процентов поддерживают идею единого экономического пространства.
ParlaMint-UA_2003-09-16-m0.u95.p9.sent2	Если кто-то сомневается, мы, коммунисты, предлагаем в который раз: давайте проведем всеукраинский референдум по конкретной проблеме, и тогда мы увидим, к чему нас, народ Украины, сегодня призывает и какие полномочия нам вверяет.
ParlaMint-UA_2003-09-16-m0.u95.p10.sent1	Далее, товарооборот в рамках будущего единого экономического пространства - это оборот различной продукции, но позитив для нас, Украины, в том, что позволяет именно реализовывать машины и различную технику и оборудование, а не только сырье.
ParlaMint-UA_2003-09-16-m0.u95.p11.sent1	Уважаемые товарищи, здесь вторая проблема, которую мы должны, депутаты, рассмотреть: Украина - сырьевой придаток Запада и Европы.
ParlaMint-UA_2003-09-16-m0.u95.p11.sent2	А мы хотели бы сегодня технологически развитой видеть Украину.
ParlaMint-UA_2003-09-16-m0.u95.p11.sent3	Поэтому, тем более единое экономическое пространство будет этому способствовать.
ParlaMint-UA_2003-09-16-m0.u95.p12.sent1	Кстати, к сведению: если сегодня Украина - сырьевой придаток, то я бы не хотел, чтобы и далее превращали ее в мусорную свалку Запада, как сделали в Павлограде, кстати говоря, когда вывозили оружие.
ParlaMint-UA_2003-09-16-m0.u95.p13.sent1	И для справки, в рамках Союза Украина имела 100 миллиардов рублей товарооборот с государствами сегодня самостоятельными, но были республиками.
ParlaMint-UA_2003-09-16-m0.u95.p14.sent1	И последнее, какие предложения.
ParlaMint-UA_2003-09-16-m0.u95.p14.sent2	Принимая решение, необходимо исходить прежде всего из интересов народа Украины.
ParlaMint-UA_2003-09-16-m0.u95.p14.sent3	И на этом будет фракция коммунистов настаивать.
ParlaMint-UA_2003-09-16-m0.u95.p15.sent1	Второе.
ParlaMint-UA_2003-09-16-m0.u95.p15.sent2	Четко определить перспективу.
ParlaMint-UA_2003-09-16-m0.u96.p1.sent1	Регламент.
ParlaMint-UA_2003-09-16-m0.u97.p1.sent1	Да, там больше половины, в два регламента, Владимир Михайлович.
ParlaMint-UA_2003-09-16-m0.u98.p1.sent1	Завершуйте.
ParlaMint-UA_2003-09-16-m0.u99.p1.sent1	Четко определить реальную перспективу для Украины и на каких условиях, что зависит естественно от мудрости и нас народных депутатов, и политического руководства страны.
ParlaMint-UA_2003-09-16-m0.u99.p2.sent1	Третье.
ParlaMint-UA_2003-09-16-m0.u99.p2.sent2	Принимая политическое решение, мы, коммунисты, понимаем, что вступление в единое экономическое пространство - это прежде всего экономический и сегодня это социально-экономический вопрос.
ParlaMint-UA_2003-09-16-m0.u99.p2.sent3	Мы должны решить проблему безработицы, потому что 5 миллионов граждан Украины работают как раз в тех государствах, которые планируют создать единое экономическое пространство.
ParlaMint-UA_2003-09-16-m0.u99.p2.sent4	Мы говорим о том, чтобы тепло было в каждой хате, потому что в Украине нет другого источника энергносителей по нефти, по газу и по твелам для атомных электростанций.
ParlaMint-UA_2003-09-16-m0.u99.p2.sent5	Мы говорим о пенсионном обеспечении, потому что люди должны быть справедливо.
ParlaMint-UA_2003-09-16-m0.u99.p3.sent1	И последнее.
ParlaMint-UA_2003-09-16-m0.u100.p1.sent1	Завершуйте, будь ласка.
ParlaMint-UA_2003-09-16-m0.u100.p1.sent2	Тридцять секунд.
ParlaMint-UA_2003-09-16-m0.u101.p1.sent1	И последнее.
ParlaMint-UA_2003-09-16-m0.u101.p1.sent2	Мне кажется, что выступление трех министров сегодня подтвердило, что временное правительство под руководством Януковича по сути дела заканчивает свои полномочия.
ParlaMint-UA_2003-09-16-m0.u101.p2.sent1	Поэтому я бы предложил следующее.
ParlaMint-UA_2003-09-16-m0.u101.p2.sent2	Если сегодня есть еще в Украине Президент, то сегодня должен быть указ об освобождении трех министров.
ParlaMint-UA_2003-09-16-m0.u102.p1.sent1	Мікрофон, мікрофон.
ParlaMint-UA_2003-09-16-m0.u102.p1.sent2	Так, репліка, Іван Заєць - репліка, будь ласка.
ParlaMint-UA_2003-09-16-m0.u103.p1.sent1	Тим, хто назвав моє прізвище всує, я відповідаю панові Пєхоті.
ParlaMint-UA_2003-09-16-m0.u103.p1.sent2	Азаров сказав, що він є економістом-практиком, але не назвав жодної цифри на підтримку угод.
ParlaMint-UA_2003-09-16-m0.u103.p1.sent3	А я як економіст назву одну цифру.
ParlaMint-UA_2003-09-16-m0.u103.p2.sent1	При підписанні цих угод Президентом і їх реалізації макроекономічна гармонізація, про яку сказано в угоді, завершиться введенням рубля замість гривні, який буде називатися "єпочка".
ParlaMint-UA_2003-09-16-m0.u103.p2.sent2	Тоді гривня буде дорівнювати 17 копійок, тобто наш український народу 6 раз збідніє.
ParlaMint-UA_2003-09-16-m0.u103.p2.sent3	Оце ви тягнете, шановні комуністи, у такий Радянський Союз
ParlaMint-UA_2003-09-16-m0.u103.p3.sent1	Тепер він сказав про те, що я був міністром, і я повинен солідаризуватися із Азаровим, бо він теж міністр.
ParlaMint-UA_2003-09-16-m0.u103.p3.sent2	Я не можу солідаризуватися з тими, хто здає Україну, хто здає суверенітет.
ParlaMint-UA_2003-09-16-m0.u103.p3.sent3	Але я солідаризуюся з такими, як Хорошковський, який виступає за національні інтереси України.
ParlaMint-UA_2003-09-16-m0.u103.p4.sent1	І Леоніду Макаровичу, який сказав про те, що я десять років прострибав у залі.
ParlaMint-UA_2003-09-16-m0.u103.p4.sent2	Так, я прострибав у залі.
ParlaMint-UA_2003-09-16-m0.u103.p4.sent3	І Леонід Макарович, завдякуючи таким, як я, був Президентом.
ParlaMint-UA_2003-09-16-m0.u103.p4.sent4	Але я стрибав, бо я визначився, а Леонід Макарович і сьогоднішнього дня не визначився, він не знає, де себе подіти, він.
ParlaMint-UA_2003-09-16-m0.u104.p1.sent1	Дякую.
ParlaMint-UA_2003-09-16-m0.u104.p1.sent2	Завершуйте.
ParlaMint-UA_2003-09-16-m0.u105.p1.sent1	Я завершую.
ParlaMint-UA_2003-09-16-m0.u105.p1.sent2	Він здає суверенітет, як і здавав.
ParlaMint-UA_2003-09-16-m0.u105.p1.sent3	Тому він повинен знати, що це рішення породить опір, шановні люди, розколить суспільство, а не підвищить ставлення опозиції до мафії.
ParlaMint-UA_2003-09-16-m0.u106.p1.sent1	Дякую, Іване Олександровичу!
ParlaMint-UA_2003-09-16-m0.u106.p1.sent2	Дякую.
ParlaMint-UA_2003-09-16-m0.u107.p1.sent1	Тому, Леоніде Макаровичу, не здавайте Україну!
ParlaMint-UA_2003-09-16-m0.u107.p1.sent2	Ви були першим Президентом.
ParlaMint-UA_2003-09-16-m0.u108.p1.sent1	Мікрофон.
ParlaMint-UA_2003-09-16-m0.u108.p1.sent2	Дякую.
ParlaMint-UA_2003-09-16-m0.u108.p2.sent1	Анатолій Матвієнко.
ParlaMint-UA_2003-09-16-m0.u108.p2.sent2	Потім Микола Янович Азаров.
ParlaMint-UA_2003-09-16-m0.u109.p1.sent1	Шановні колеги, я попросив слово і наполягав на тому, що я є автором разом з групою депутатів в українській республіканській партії "Собор" проекту постанови 4152.
ParlaMint-UA_2003-09-16-m0.u109.p1.sent2	Ця постанова передбачає на перший погляд, можливо, дуже жорсткі норми.
ParlaMint-UA_2003-09-16-m0.u109.p1.sent3	Ми сьогодні вимагаємо поставити питання про відповідність пана Азарова займаній посаді.
ParlaMint-UA_2003-09-16-m0.u109.p1.sent4	Ми вимагаємо рекомендувати Президенту не підписувати угоду.
ParlaMint-UA_2003-09-16-m0.u109.p1.sent5	І в разі її підписання дійсно ставити питання про початок процедури імпічменту.
ParlaMint-UA_2003-09-16-m0.u109.p1.sent6	Це не є наша прихоть і це не є сьогодні якась демонстрація особливої політики, бо ми сьогодні повинні розуміти, що ніхто немає права нікому заборонити любити Росію чи не любити і кричати з цього приводу "Ганьба!" або "Ні!"
ParlaMint-UA_2003-09-16-m0.u109.p1.sent7	Ніхто не має права заборонити любити Америку чи будь-яку іншу країну Заходу і кричати цьому "Ганьба!"
ParlaMint-UA_2003-09-16-m0.u109.p1.sent8	Але тому, хто сьогодні зраджує інтересам національним України, тому сьогодні ми маємо всі разом Верховній Раді сказати "Ганьба!" і не допустити цього.
ParlaMint-UA_2003-09-16-m0.u109.p2.sent1	З наших твердих переконань ми не маємо права сьогодні мовчати, коли бачимо, що ми робимо перші кроки до зради, а саме так класифікується те, що хоче зробити днями Президент, якщо ми йому це дозволимо у Ялті.
ParlaMint-UA_2003-09-16-m0.u109.p2.sent2	Ми не маємо права, тому що дай палець - відкусять руку по лікоть.
ParlaMint-UA_2003-09-16-m0.u109.p3.sent1	Друге.
ParlaMint-UA_2003-09-16-m0.u109.p3.sent2	Я хотів би, щоб ми розуміли не лише те, що сьогодні є загроза чи немає, а і природу того, чому сьогодні Верховна Рада якби ловить уже ситуацію в самий останній момент.
ParlaMint-UA_2003-09-16-m0.u109.p3.sent3	І я хотів би звернути вашу увагу.
ParlaMint-UA_2003-09-16-m0.u109.p3.sent4	Я провів відповідне розслідування, де показати, що від нас, від Верховної Ради, скривають правду, нас годують напівправдою.
ParlaMint-UA_2003-09-16-m0.u109.p3.sent5	І в результаті цього ми маємо таку напругу, яка створилась сьогодні в залі.
ParlaMint-UA_2003-09-16-m0.u109.p4.sent1	Подивіться, будь ласка.
ParlaMint-UA_2003-09-16-m0.u109.p4.sent2	Я маю копію документу, який підписав Леонід Данилович, наш Президент, у Москві 23 лютого 2003 року, де він уже порушив Конституцію, підписавши цей документ про наміри, про утворення наднаціональних, міжнаціональних формувань.
ParlaMint-UA_2003-09-16-m0.u109.p4.sent3	Але ми цього не знали.
ParlaMint-UA_2003-09-16-m0.u109.p4.sent4	Це було закрито і для преси, і для суспільства, і, на превеликий жаль, для Верховної Ради.
ParlaMint-UA_2003-09-16-m0.u109.p5.sent1	Документ номер два - це заява, яка вже підготовлена.
ParlaMint-UA_2003-09-16-m0.u109.p5.sent2	Підписати її потрібно в Ялті.
ParlaMint-UA_2003-09-16-m0.u109.p5.sent3	В цьому документі сказано, що, крім тих двох документів , виявляється, є ще третій документ - це документ: комплекс основних заходів по формуванню ЄЕП, і вони його схвалюють.
ParlaMint-UA_2003-09-16-m0.u109.p5.sent4	Я питаю пана Азарова: де цей документ?
ParlaMint-UA_2003-09-16-m0.u109.p5.sent5	Чому ви з цієї трибуни ні слова про цей документ не говорите?
ParlaMint-UA_2003-09-16-m0.u109.p6.sent1	І, нарешті, останнє.
ParlaMint-UA_2003-09-16-m0.u109.p6.sent2	Віктор Федорович, я звертаюся до вас.
ParlaMint-UA_2003-09-16-m0.u109.p6.sent3	Все-таки не зрозуміло: чи є позиція голови уряду, чи є позиція ваша особисто.
ParlaMint-UA_2003-09-16-m0.u109.p6.sent4	Три міністри говорять, що потрібно підписувати з застереженнями або можливо підписувати, Азаров нічого не говорить, штовхаючи і вас в зрадники, всю Верховну Раду і Президента.
ParlaMint-UA_2003-09-16-m0.u109.p6.sent5	Я хотів би, щоб ви сказали: яка позиція позиція і в чому сьогодні, захищаючи національні інтереси, ми маємо солідарно з вами виступити або просити вас іти у відставку, якщо ви не здатні захищати національні інтереси?
ParlaMint-UA_2003-09-16-m0.u109.p6.sent6	Дякую.
ParlaMint-UA_2003-09-16-m0.u110.p1.sent1	Дякую.
ParlaMint-UA_2003-09-16-m0.u110.p2.sent1	Азаров Микола Янович, будь ласка, перший віце-прем’єр-міністр України.
ParlaMint-UA_2003-09-16-m0.u110.p2.sent2	Прошу уваги, шановні колеги.
ParlaMint-UA_2003-09-16-m0.u111.p1.sent1	Я хотел бы буквально на три вопроса ответить, очень коротко, поскольку они звучали в зале.
ParlaMint-UA_2003-09-16-m0.u111.p2.sent1	Первое, для сведения Матвиекно.
ParlaMint-UA_2003-09-16-m0.u111.p2.sent2	Это тайное заявление, подписанное Президентом, было опубликованно в нашей прессе.
ParlaMint-UA_2003-09-16-m0.u111.p2.sent3	Вот ксерокопия.
ParlaMint-UA_2003-09-16-m0.u111.p3.sent1	Второе, для сведения Матвиенко, никакого на самом деле пока еще комплекса мер не существует.
ParlaMint-UA_2003-09-16-m0.u111.p3.sent2	И мы о комплексе мер еще не договорились, не сумели договориться за семь раундов наших переговоров.
ParlaMint-UA_2003-09-16-m0.u111.p3.sent3	Пока намечено только самые общие основы, самые общие, которые не готовы не только для подписания, но не готовы и для рассмотрения.
ParlaMint-UA_2003-09-16-m0.u111.p4.sent1	Наконец, последнее.
ParlaMint-UA_2003-09-16-m0.u111.p4.sent2	Очень много было возражений против единого регулирующего органа принятия решений.
ParlaMint-UA_2003-09-16-m0.u111.p4.sent3	Даже диаграммы показывались с рибуны.
ParlaMint-UA_2003-09-16-m0.u111.p4.sent4	Это был самый спорный вопрос, на котором мы, по большому счету не договорились.
ParlaMint-UA_2003-09-16-m0.u111.p4.sent5	И если.
ParlaMint-UA_2003-09-16-m0.u111.p5.sent1	Да хватит вам, научитесь, наконец, слушать!
ParlaMint-UA_2003-09-16-m0.u111.p5.sent2	Потому что если вы не умеете слушать, значит вы не умеете принимать решения.
ParlaMint-UA_2003-09-16-m0.u111.p5.sent3	Вот это, к сожалению, ваша отличительная черта.
ParlaMint-UA_2003-09-16-m0.u111.p6.sent1	Так вот, я зачитываю конкретно, как мы записали этот пункт.
ParlaMint-UA_2003-09-16-m0.u111.p6.sent2	Мы очень много дебатировали и, наконец, пришли к такому мнению, что в едином регулирующем органе решение по всем вопросам принимается взвешанным голосованием, до речи, принцип ЕЭС.
ParlaMint-UA_2003-09-16-m0.u111.p6.sent3	Колличество голосов каждой из сторон определяется с учетом ее экономического потенциала.
ParlaMint-UA_2003-09-16-m0.u111.p7.sent1	Сейчас, одну минутку, не перебивайте, выслушайте.
ParlaMint-UA_2003-09-16-m0.u111.p7.sent2	Мы очень долго дебатировали, какой должен быть принцип.
ParlaMint-UA_2003-09-16-m0.u111.p7.sent3	И россияне говорят: "Слушайте, ребята, решение, которое вы будете принимать, они для нас будут нести колоссальные убытки.
ParlaMint-UA_2003-09-16-m0.u111.p7.sent4	Так тогда должен быть какой-то механизм компенсации".
ParlaMint-UA_2003-09-16-m0.u111.p7.sent5	Мы согласились, хорошо, с учетом экономического потенциала.
ParlaMint-UA_2003-09-16-m0.u111.p7.sent6	Но, вдумаемся во фразу, с учетом экономического потенциала.
ParlaMint-UA_2003-09-16-m0.u111.p7.sent7	С каким учетом, пропорционально, непропорционально?
ParlaMint-UA_2003-09-16-m0.u111.p7.sent8	Мы оставили этот пункт за скобками соглашения и записали: "Распределение голосов устанавливается на основе соглашения сторон".
ParlaMint-UA_2003-09-16-m0.u111.p7.sent9	Вот так-то, уважаемые.
ParlaMint-UA_2003-09-16-m0.u111.p7.sent10	Мы над этим вопросом будем еще долго дебатировать, каким образом.
ParlaMint-UA_2003-09-16-m0.u111.p8.sent1	Теперь.
ParlaMint-UA_2003-09-16-m0.u111.p8.sent2	Дальше.
ParlaMint-UA_2003-09-16-m0.u111.p8.sent3	Ответ на конкретный вопрос я даю.
ParlaMint-UA_2003-09-16-m0.u111.p8.sent4	Механизм принятия решения в регулирующем органе не обозначен в этой рамочной угоде.
ParlaMint-UA_2003-09-16-m0.u111.p8.sent5	Предстоит разработать соглашение.
ParlaMint-UA_2003-09-16-m0.u111.p9.sent1	Наконец, самое главное.
ParlaMint-UA_2003-09-16-m0.u111.p9.sent2	Мы записали: любая сторона имеет право вносить в совет глав государств, который является решающим органом, предложения о пересмотре решения единого регулирующего органа.
ParlaMint-UA_2003-09-16-m0.u111.p9.sent3	А в совете глав государств записано: решение принимаются конценсусом.
ParlaMint-UA_2003-09-16-m0.u111.p9.sent4	Так где же, интересно, тут.?
ParlaMint-UA_2003-09-16-m0.u111.p10.sent1	Вот эти диаграммы, которые вам показывали, это абсолютно не соответствует действительности.
ParlaMint-UA_2003-09-16-m0.u112.p1.sent1	Зараз, одну хвилинку.
ParlaMint-UA_2003-09-16-m0.u112.p1.sent2	Репліку?
ParlaMint-UA_2003-09-16-m0.u112.p1.sent3	Там не згадувалося ваше прізвище.
ParlaMint-UA_2003-09-16-m0.u112.p2.sent1	Шановні колеги!
ParlaMint-UA_2003-09-16-m0.u112.p2.sent2	Я прошу, давайте визначимося.
ParlaMint-UA_2003-09-16-m0.u112.p2.sent3	Ми домовлялися відносно процедури розгляду цього питання.
ParlaMint-UA_2003-09-16-m0.u112.p2.sent4	Ви проголосували.
ParlaMint-UA_2003-09-16-m0.u112.p2.sent5	Зараз у нас внесено ряд постанов і пропозиція про те, щоб ми сьогодні прийняли рішення.
ParlaMint-UA_2003-09-16-m0.u112.p2.sent6	Тому нам треба спочатку буде.
ParlaMint-UA_2003-09-16-m0.u112.p3.sent1	Я ще раз, одну хвилинку, заспокойте.
ParlaMint-UA_2003-09-16-m0.u112.p3.sent2	Шановні колеги!
ParlaMint-UA_2003-09-16-m0.u112.p3.sent3	Я вам читаю, які рішення, які внесені проекти.
ParlaMint-UA_2003-09-16-m0.u112.p3.sent4	Якщо зараз народний депутат Зварич зніме свою пропозицію, ми не будемо голосувати.
ParlaMint-UA_2003-09-16-m0.u112.p4.sent1	Я йду за пропозицією, яку запропонували депутати.
ParlaMint-UA_2003-09-16-m0.u112.p5.sent1	Іване Олександровичу, ну.
ParlaMint-UA_2003-09-16-m0.u112.p6.sent1	Роман Зварич вніс проект постанови, якою пропонує.
ParlaMint-UA_2003-09-16-m0.u112.p7.sent1	Будь ласка, Адам Мартинюк.
ParlaMint-UA_2003-09-16-m0.u112.p7.sent2	Матринюк, будь ласка.
ParlaMint-UA_2003-09-16-m0.u113.p1.sent1	Дякую, Володимире Михайловичу.
ParlaMint-UA_2003-09-16-m0.u113.p1.sent2	Мартинюк, фракція комуністів.
ParlaMint-UA_2003-09-16-m0.u113.p2.sent1	Шановні представники "Нашої України" і Іване Олександровичу Зайце!
ParlaMint-UA_2003-09-16-m0.u113.p2.sent2	Заєць?
ParlaMint-UA_2003-09-16-m0.u114.p1.sent1	Іване Олександровичу!
ParlaMint-UA_2003-09-16-m0.u114.p1.sent2	Ну я прошу уваги.
ParlaMint-UA_2003-09-16-m0.u114.p2.sent1	Говоріть, будь ласка.
ParlaMint-UA_2003-09-16-m0.u115.p1.sent1	Заєць все одно не чує, тому я звертаюся до залу і до вас, Володимире Михайловичу.
ParlaMint-UA_2003-09-16-m0.u115.p1.sent2	Ви поступаєте абсолютно правильно, за Регламентом.
ParlaMint-UA_2003-09-16-m0.u115.p1.sent3	Ви не маєте права не поставити на голосування пропозицію народного депутата Зварича.
ParlaMint-UA_2003-09-16-m0.u115.p1.sent4	Народний депутат Зварич, відповідно до Регламенту, пропонує відійти сьогодні від норми Регламенту про те, що постанови голосуються чи інші питання тільки щочетверга і проголосувати після обговорення цього питання.
ParlaMint-UA_2003-09-16-m0.u115.p1.sent5	Зварич абсолютно правий і нам у залі потрібно визначитися чи ми сьогодні зробимо цей ad hoc. Це перше.
ParlaMint-UA_2003-09-16-m0.u115.p2.sent1	І друге.
ParlaMint-UA_2003-09-16-m0.u115.p2.sent2	Дійсно, кожен із нас має право, тим більше, що ми не затверджуємо з вами те, що ще не підписано.
ParlaMint-UA_2003-09-16-m0.u115.p2.sent3	Ми просто сьогодні своїм голосуванням висловимо думку до того, як ми будемо ставитись, коли ми її будемо ратифікувати.
ParlaMint-UA_2003-09-16-m0.u115.p2.sent4	І тут немає абсолютно ніяких доручень.
ParlaMint-UA_2003-09-16-m0.u115.p2.sent5	Дякую.
ParlaMint-UA_2003-09-16-m0.u116.p1.sent1	Дякую.
ParlaMint-UA_2003-09-16-m0.u116.p2.sent1	Шановні народні депутати!
ParlaMint-UA_2003-09-16-m0.u116.p2.sent2	Щоб внести спокій і ввести роботу Верховної Ради в регламентне русло, є пропозиція проект постанови за номером 4158 - одну хвилиночку - 4158 як проект постанови народних депутатів Зварича і Ключковського про зміну часу голосування при прийнятті рішення за підсумками розгляду інформації Кабінету Міністрів України щодо підготовки та можливих геополітичних і соціально-економічних наслідків для України підписання договору між Російською Федерацією, Україною, Республікою Білорусь та Казахстаном про створення Єдиного економічного простору.
ParlaMint-UA_2003-09-16-m0.u116.p3.sent1	Я ставлю на голосування проект постанови про те, щоб зараз відійти від Регламенту і провести голосування, розглянувши всі запропоновані постанови з цього приводу.
ParlaMint-UA_2003-09-16-m0.u116.p4.sent1	Ставлю на голосування, прошу голосувати.
ParlaMint-UA_2003-09-16-m0.u116.p5.sent1	"За" - 191
ParlaMint-UA_2003-09-16-m0.u116.p6.sent1	Рішення не прийняте.
ParlaMint-UA_2003-09-16-m0.u116.p6.sent2	Постанови, запропоновані з цього питання, будемо розглядати в четвер, в день голосування.
ParlaMint-UA_2003-09-16-m0.u116.p7.sent1	Репліка, Матвієнко, будь ласка.
ParlaMint-UA_2003-09-16-m0.u116.p7.sent2	Іване Олександровичу, я прошу вас, зверніться до комітету Бориса Івановича Тарасюка.
ParlaMint-UA_2003-09-16-m0.u116.p7.sent3	До комітету зверніться, будь ласка.
ParlaMint-UA_2003-09-16-m0.u117.p1.sent1	Українська республіканська партія, "Собор", блок Юлії Тимошенко, Матвієнко.
ParlaMint-UA_2003-09-16-m0.u117.p1.sent2	Шановні колеги і шановні члени уряду!
ParlaMint-UA_2003-09-16-m0.u117.p1.sent3	Я розумію, що можна маніпулювати сьогодні будь-якими фактами і показувати, і виправдовувати свою позицію.
ParlaMint-UA_2003-09-16-m0.u117.p1.sent4	У тому числі це стосується і першого віце-прем’єра.
ParlaMint-UA_2003-09-16-m0.u117.p1.sent5	Служіть Україні, а не виправдовуйте помилку Президента Кучми.
ParlaMint-UA_2003-09-16-m0.u117.p2.sent1	Я вам наводжу факт, який дає мені право говорити про те, що ми йдемо на зраду України.
ParlaMint-UA_2003-09-16-m0.u117.p2.sent2	Є така група, яка називається "Група високого рівня", куди включений перший віце-прем’єр.
ParlaMint-UA_2003-09-16-m0.u117.p2.sent3	Так ось на 15.08 о 18.30 ця група погодила відповідну заяву, текст заяви президентів чотирьох країн, де говориться про те, що вони схвалюють комплекс основних заходів по формуванню принципів і доручають цій високій групі до 1 грудня підготувати деталі.
ParlaMint-UA_2003-09-16-m0.u117.p2.sent4	Тому давайте говорити про речі, які ми знаємо.
ParlaMint-UA_2003-09-16-m0.u117.p3.sent1	І друге.
ParlaMint-UA_2003-09-16-m0.u117.p3.sent2	Дорогий перший віце-прем’єр, якщо ви кажете, що ми ще знаємо про наднаціональний орган, то тоді чому ви нас штовхаєте на підписання цього документу?
ParlaMint-UA_2003-09-16-m0.u117.p3.sent3	Дякую.
ParlaMint-UA_2003-09-16-m0.u118.p1.sent1	Дякую.
ParlaMint-UA_2003-09-16-m0.u118.p1.sent2	Шановні народні депутати!
ParlaMint-UA_2003-09-16-m0.u118.p1.sent3	Розгляд питання завершили, рішення будемо приймати у четвер.
ParlaMint-UA_2003-09-16-m0.u118.p1.sent4	Я прошу комітети розглянути всі ті проекти заяв, які сьогодні поступили для того, щоб ми могли їх розглянути у день голосування.
ParlaMint-UA_2003-09-16-m0.u118.p1.sent5	Я дякую членам Кабінету Міністрів, які брали участь в обговоренні цього питання.
ParlaMint-UA_2003-09-16-m0.u118.p2.sent1	До розгляду оголошується проект Закону про міжнародну технічну допомогу.
ParlaMint-UA_2003-09-16-m0.u118.p2.sent2	Зараз 13 година, ми вже проскочили.
ParlaMint-UA_2003-09-16-m0.u118.p2.sent3	Шановні колеги, давайте попрацюємо до двох годин.
ParlaMint-UA_2003-09-16-m0.u118.p2.sent4	Я прошу вас.
ParlaMint-UA_2003-09-16-m0.u118.p3.sent1	До розгляду оголошується проект закону про міжнароду технічну допомогу, доповідач - заступник державного секретаря Міністерства економіки та з питань європейської інтеграції Безрученко Володимир Олександрович.
ParlaMint-UA_2003-09-16-m0.u118.p4.sent1	Є Володимир Олександрович Безрученко?
ParlaMint-UA_2003-09-16-m0.u118.p4.sent2	Доповідач є, шановні колеги?
ParlaMint-UA_2003-09-16-m0.u118.p4.sent3	Де доповідач?
ParlaMint-UA_2003-09-16-m0.u118.p5.sent1	Немає, я листа не бачу, я не буду вас.
ParlaMint-UA_2003-09-16-m0.u118.p5.sent2	Немає у мене листа.
ParlaMint-UA_2003-09-16-m0.u118.p6.sent1	Я звертаюся до уряду: де доповідач?
ParlaMint-UA_2003-09-16-m0.u118.p7.sent1	Комітет.
ParlaMint-UA_2003-09-16-m0.u118.p7.sent2	Будь, ласка, комітет пропонує такий Регламент розгляду питання: доповідач - 5 хвилин, відповіді на запитання - 5 хвилин, співдоповідь - 3 хвилин, відповідь на запитання - 5 і обговорення і прийняття рішення - 10 хвилин.
ParlaMint-UA_2003-09-16-m0.u118.p8.sent1	Які будуть зауваження і застереження?
ParlaMint-UA_2003-09-16-m0.u118.p8.sent2	Немає?
ParlaMint-UA_2003-09-16-m0.u118.p9.sent1	Будь ласка, доповідайте.
ParlaMint-UA_2003-09-16-m0.u119.p1.sent1	Шановний Володимир Михайлович, шановні народні депутати!
ParlaMint-UA_2003-09-16-m0.u119.p2.sent1	Вашій увазі представили проект закону України про міжнародну технічну допомогу, внесений Кабінетом Міністрів України.
ParlaMint-UA_2003-09-16-m0.u119.p2.sent2	Його метою є створення правової основи для врегулювання відносин, які виникають у зв’язку з залученням та використанням міжнародної технічної допомоги.
ParlaMint-UA_2003-09-16-m0.u119.p2.sent3	а також приведення національного законодавства України у відповідність до положень чинних міжнародних угод з наданням міжнародної технічної допомоги.
ParlaMint-UA_2003-09-16-m0.u119.p3.sent1	Зокрема це ряд угод, які підписані: рамкова угода між Україною і Європейським банком розвитку і реконструкції щодо діяльності Чорнобильського фонду "Укриття" в Україні, угода між урядом Сполучених Штатів про гуманітарне і техніко-економічне співробітництво, меморандум про фінансування програми "ТАСИС" між комісією Європейського союзу та Україною.
ParlaMint-UA_2003-09-16-m0.u119.p4.sent1	Україна протягом 11-ти років отримує міжнародну технічну допомогу, яка надається на безоплатній і безповоротній основі і спрямована на підтримку пріоритетних напрямків економічного і соціального розвитку нашої держави.
ParlaMint-UA_2003-09-16-m0.u119.p5.sent1	Подолання наслідків Чорнобильської катастрофи, захист навколишнього середовища, сфери охорони здоров’я, збереження культурних цінностей України та забезпечення впровадження сучасних технологій в різних галузях національної економіки.
ParlaMint-UA_2003-09-16-m0.u119.p6.sent1	На сьогодні Україна активно розвиває технічне співробітництво з 14-ма європейськими країнами, Сполученими Штатами, Канадою, п’ятьма країнами Азії, а також Комісією Європейського союзу, Європейським банком реконструкції та розвитку, Організацією об’єднаних націй, з її спеціалізованими установами.
ParlaMint-UA_2003-09-16-m0.u119.p7.sent1	Практика впровадження програм та проектів технічної допомоги, які реалізуються на підставі чинних міжнародних угод України засвідчила непоодинокі випадки, коли виконання положень міжнародної угоди не регулюються чинним законодавством України або вступає в колізію з ним.
ParlaMint-UA_2003-09-16-m0.u119.p8.sent1	Відсутність в чинному законодавстві норм, що встановлюють механізм залучення, використання, а також пільгового оподаткування міжнародної технічної допомоги, значно обмежує можливості використання Україною ресурсів технічної допомоги країн та міжнародних організацій-донорів.
ParlaMint-UA_2003-09-16-m0.u119.p9.sent1	Хотів би підкреслити, шановні народні депутати, що прийняття закону України про міжнародну технічну допомогу дозволить врегулювати багато проблемних питань і перш за все створити правову основу для реалізації відповідних програм та проекті технічної допомоги.
ParlaMint-UA_2003-09-16-m0.u119.p10.sent1	Представлений законопроект дає визначення тих термінів, які вживаються в галузі міжнародної технічної допомоги, зокрема "донор", "реципієнт", "проект", "програма", "виконавець", "види міжнародної технічної допомоги", визначає механізм залучення та використання міжнародної технічної допомоги.
ParlaMint-UA_2003-09-16-m0.u119.p10.sent2	Реєстрацію проектів механізм, проектів і програм, акредитацію виконавців, оподаткування та митне оформлення, регулювання трудових відносин, що немаловажно, в процесі реалізації проектів та програм міжнародної технічної допомоги.
ParlaMint-UA_2003-09-16-m0.u119.p11.sent1	Підтвердженням важливості якомога швидкого врегулювання зазначеного питання є рішення на засіданні членів Державної ради з питань європейської та євроатлантичної інтеграції під головуванням Президента України Леоніда Кучми, де було підкреслено про необхідність удосконалення нормативно-правової бази для залучення та використання міжнародної технічної допомоги, зокрема щодо прийняття закону про міжнародну технічну допомогу та внесення необхідних змін до законодавства України з питань оподаткування.
ParlaMint-UA_2003-09-16-m0.u119.p12.sent1	Крім того, слід зазначити, що програма діяльності Кабінету Міністрів України передбачає розробку та затвердження стратегії залучення коштів міжнародної технічної допомоги на 2004-2007 роки, за час якої підвищення ефективності використання міжнародної технічної допомоги.
ParlaMint-UA_2003-09-16-m0.u119.p12.sent2	Якісне виконання такого завдання не можливо без створення законодавчої бази, що встановлює норми, які в сукупності мають складний механізм залучення і використання міжнародної технічної допомоги.
ParlaMint-UA_2003-09-16-m0.u119.p13.sent1	Шановні народні депутати, я переконаний, що запропонований законопроект не лише зніме колізію в галузі правового регулювання зовнішніх зв’язків України, а і позитивно вплине на економічні процеси, пов’язані з подальшим розвитком, надання технічної допомоги України.
ParlaMint-UA_2003-09-16-m0.u119.p14.sent1	Прошу вас підтримати цей законопроект.
ParlaMint-UA_2003-09-16-m0.u119.p14.sent2	Дякую за увагу.
ParlaMint-UA_2003-09-16-m0.u120.p1.sent1	Шановні колеги, запитання до заступника міністра є?
ParlaMint-UA_2003-09-16-m0.u120.p2.sent1	Немає?
ParlaMint-UA_2003-09-16-m0.u120.p2.sent2	Є?
ParlaMint-UA_2003-09-16-m0.u120.p2.sent3	Прошу записатися.
ParlaMint-UA_2003-09-16-m0.u120.p2.sent4	Записатись.
ParlaMint-UA_2003-09-16-m0.u120.p2.sent5	На табло, будь ласка, прізвища народних депутатів, що записалися.
ParlaMint-UA_2003-09-16-m0.u120.p3.sent1	Микола Нощенко, фракція Партій промисловців, підприємців та "Трудової України".
ParlaMint-UA_2003-09-16-m0.u120.p3.sent2	Підготуватись Яворівському.
ParlaMint-UA_2003-09-16-m0.u121.p1.sent1	160 виборчий округ, Глухівський.
ParlaMint-UA_2003-09-16-m0.u121.p2.sent1	Шановний доповідачу, законопроект дійсно потрібний, але я хочу сформулювати запитання таким чином, що технічна допомога, яка надається на безповоротній основі, а також частиною поворотної основи, як правило направлена на те, щоб, ну можна так, створити або утримувати робочі місця за кордоном, там, звідки йде ця допомога.
ParlaMint-UA_2003-09-16-m0.u121.p3.sent1	Я хотів би сформулювати так, чи збільшиться допомога через іноземних консультантів.
ParlaMint-UA_2003-09-16-m0.u121.p3.sent2	Ви знаєте скільки коштує в Україні вартість одного дня консультанта?
ParlaMint-UA_2003-09-16-m0.u121.p3.sent3	Я підскажу - 300 доларів, без оплати житла, транспорту та харчування.
ParlaMint-UA_2003-09-16-m0.u121.p3.sent4	Спростіть або підтвердіть, будь ласка, ефективність такої допомоги, дякую.
ParlaMint-UA_2003-09-16-m0.u122.p1.sent1	Можна відповідати?
ParlaMint-UA_2003-09-16-m0.u122.p2.sent1	Шановний пане Нощенко, я хотів би таким чином розрядити цю ситуацію.
ParlaMint-UA_2003-09-16-m0.u122.p3.sent1	Так, ви праві, за весь час ми отримали десь біля 4 мільярдів доларів технічної допомоги.
ParlaMint-UA_2003-09-16-m0.u122.p3.sent2	Ця допомога надається на безповоротній основі, тому платять їх ті фонди і ті організації, які надають цю допомогу.
ParlaMint-UA_2003-09-16-m0.u122.p4.sent1	Так, на сьогоднішній день у нас в рамках технічної допомоги нам надаються як обладнання, так і консультації.
ParlaMint-UA_2003-09-16-m0.u122.p4.sent2	І консультації з цієї технічної допомоги оплачуються іноземним консультантам.
ParlaMint-UA_2003-09-16-m0.u122.p4.sent3	Але це є гроші іноземної держави, ми за це не платимо ні копійки.
ParlaMint-UA_2003-09-16-m0.u122.p4.sent4	І мені вбачається, що в тому є на сьогоднішній день, коли в нас Державний бюджет настільки завантажений, а ми на сьогоднішній день цю технічну допомогу використовуємо, по-перше, для енергетики, для Чорнобиля, для охорони здоров’я, для культури навіть.
ParlaMint-UA_2003-09-16-m0.u122.p4.sent5	Ми, дивіться, театру одному дали, технічну допомогу надали, другому, третьому.
ParlaMint-UA_2003-09-16-m0.u122.p4.sent6	Дається і неурядовим організаціям.
ParlaMint-UA_2003-09-16-m0.u122.p5.sent1	Я вважаю, що на сьогоднішній день це велика допомога для України.
ParlaMint-UA_2003-09-16-m0.u122.p5.sent2	І якщо вони проплачують своїх спеціалістів, так вони навчають наших спеціалістів, які потім мають навчати вже інших спеціалістів, наших тут, в Україні.
ParlaMint-UA_2003-09-16-m0.u122.p5.sent3	Дякую.
ParlaMint-UA_2003-09-16-m0.u123.p1.sent1	Володимир Яворівський, фракція "Наша Україна".
ParlaMint-UA_2003-09-16-m0.u123.p1.sent2	Є Володимир Олександрович?
ParlaMint-UA_2003-09-16-m0.u124.p1.sent1	Так, так, як завжди, є, Володимире Михайловичу.
ParlaMint-UA_2003-09-16-m0.u125.p1.sent1	Дякую.
ParlaMint-UA_2003-09-16-m0.u126.p1.sent1	Володимир Яворівський, Яворів, Жовква, Рава-Руська, Львівщина.
ParlaMint-UA_2003-09-16-m0.u126.p2.sent1	У мене два запитання до вас, шановний доповідачу.
ParlaMint-UA_2003-09-16-m0.u126.p2.sent2	Перше таке.
ParlaMint-UA_2003-09-16-m0.u126.p2.sent3	Суть цього закону така, що є технічна допомога безповоротня.
ParlaMint-UA_2003-09-16-m0.u126.p2.sent4	Якщо вона безповоротня, дозвольте мені думати, що це є просто гуманітарна допомога.
ParlaMint-UA_2003-09-16-m0.u126.p2.sent5	З приводу гуманітарної допомоги у нас є правовий акт, який її регулює.
ParlaMint-UA_2003-09-16-m0.u126.p3.sent1	Якщо ця допомога поворотня, то в нас також є правовий акт, який регулює лізинг, є таке поняття.
ParlaMint-UA_2003-09-16-m0.u126.p3.sent2	То для чого нам ще цей закон?
ParlaMint-UA_2003-09-16-m0.u126.p4.sent1	І друге моє запитання.
ParlaMint-UA_2003-09-16-m0.u126.p4.sent2	Щойно ми обговорювали дуже вразливе питання, і у мене склалося таке враження, що якщо, власне кажучи, і наш уряд, і наш Президент довели абсолютну нездатність підняти Україну з колін, то чи не є спроба підписати єдиний економічний простір технічною допомогою Росії для України?
ParlaMint-UA_2003-09-16-m0.u126.p4.sent3	Дякую.
ParlaMint-UA_2003-09-16-m0.u127.p1.sent1	Дякую за ваше запитання, пане Яворівський.
ParlaMint-UA_2003-09-16-m0.u127.p2.sent1	Я хотів би таким чином відповісти на це запитання.
ParlaMint-UA_2003-09-16-m0.u127.p2.sent2	Гуманітарна допомога надається Україні також.
ParlaMint-UA_2003-09-16-m0.u127.p2.sent3	Але тут йдеться не тільки про гуманітарну допомогу, яка надається у вигляді якихось грантів, а тут надається фінансова і технічна допомога для різних галузей народного господарства.
ParlaMint-UA_2003-09-16-m0.u127.p2.sent4	І тому ми на сьогоднішній день маємо і по "Укриттю Чорнобиль", і по охороні здоров’я, по Охмадиту, по різним іншим технічну допомогу, яка допомагає відновлювати нашу економіку, переводить на рельси ринкової.
ParlaMint-UA_2003-09-16-m0.u127.p2.sent5	Це по-перше.
ParlaMint-UA_2003-09-16-m0.u127.p3.sent1	По-друге.
ParlaMint-UA_2003-09-16-m0.u127.p3.sent2	На сьогоднішній день Закон про міжнародну технічну допомогу чітко, і 153 постанова, чітко говорять, що таке визначення технічної допомоги і визначення всіх: реципієнт, донор і механізму залучення технічної допомоги.
ParlaMint-UA_2003-09-16-m0.u127.p4.sent1	Тому, я вважаю, що питання з гуманітарної і технічної - це трішечки різні питання.
ParlaMint-UA_2003-09-16-m0.u127.p4.sent2	Дякую за питання.
ParlaMint-UA_2003-09-16-m0.u128.p1.sent1	Микола Олександрович Шульга, фракція комуністів.
ParlaMint-UA_2003-09-16-m0.u129.p1.sent1	Спасибі.
ParlaMint-UA_2003-09-16-m0.u129.p1.sent2	Шановний Володимире Олександровичу!
ParlaMint-UA_2003-09-16-m0.u129.p2.sent1	Шульга, фракція комуністів.
ParlaMint-UA_2003-09-16-m0.u129.p3.sent1	У мене до вас таке запитання.
ParlaMint-UA_2003-09-16-m0.u129.p3.sent2	Той законопроект, який ми розглядаємо, він виписаний таким чином, що та сторона протилежна вбачається, як джентльмен, який не порушує своїх зобов’язань.
ParlaMint-UA_2003-09-16-m0.u129.p3.sent3	Але ми за ці роки вже неодноразово стикалися з тим, що нам обіцяють, ми вносимо у свої плани ці обіцянки, а врешті-решт ми нічого отримуємо.
ParlaMint-UA_2003-09-16-m0.u129.p3.sent4	То чи не варто тут нам все ж таки певні запобіжники записати, які гарантували б нам, якщо ми вже вступаємо у якісь відносини, то це якимось чином буде гарантовано.
ParlaMint-UA_2003-09-16-m0.u130.p1.sent1	Дякую вам за запитання, Шульга, Ви абсолютно вірно висказали свою точку зору, тому що той закон вже десь два роки знаходиться в опрацюванні, у Верховній Раді був, потім відхилявся, потім знову ще раз подавався.
ParlaMint-UA_2003-09-16-m0.u130.p1.sent2	Кабінет Міністрів у 2002 році від 15.02 постанова номер 153 чітко визначив для того, щоб такого якраз не було, бо були вже перевірки, і були якісь неправильні використання, можливо, за це люди понесли відповідальність.
ParlaMint-UA_2003-09-16-m0.u130.p1.sent3	Але був визначений порядок залучення, використання та моніторинг міжнародної технічної допомоги.
ParlaMint-UA_2003-09-16-m0.u130.p1.sent4	але це постанова.
ParlaMint-UA_2003-09-16-m0.u130.p1.sent5	А у нас є міжнародні угоди.
ParlaMint-UA_2003-09-16-m0.u130.p1.sent6	І нам зараз треба законодавчо врегулювати, щоб був закон, а під ним підзаконні акти, які будуть враховувати якраз і ці питання.
ParlaMint-UA_2003-09-16-m0.u130.p1.sent7	Дякую.
ParlaMint-UA_2003-09-16-m0.u131.p1.sent1	Ярослав Сухий.
ParlaMint-UA_2003-09-16-m0.u131.p1.sent2	Останнє запитання, будь ласка.
ParlaMint-UA_2003-09-16-m0.u131.p1.sent3	Ярослав Михайлович, є?
ParlaMint-UA_2003-09-16-m0.u132.p1.sent1	Да.
ParlaMint-UA_2003-09-16-m0.u132.p1.sent2	Дякую.
ParlaMint-UA_2003-09-16-m0.u132.p2.sent1	У мене коротеньке запитання.
ParlaMint-UA_2003-09-16-m0.u132.p2.sent2	Розумієте, міжнародно-технічна допомога і цей термін викликає такий спротив в залі.
ParlaMint-UA_2003-09-16-m0.u132.p2.sent3	Вона звільняється від оподаткування, митних зборів та будь-яких інших зборів, відповідно до законів України.
ParlaMint-UA_2003-09-16-m0.u132.p2.sent4	Тому у мене 2 питання.
ParlaMint-UA_2003-09-16-m0.u132.p3.sent1	Перше.
ParlaMint-UA_2003-09-16-m0.u132.p3.sent2	Чи передбачається вами в дальнішому після прийняття цього закону внесення змін і доповнень у послідуючій митно-тарифній чи законів оподаткування.
ParlaMint-UA_2003-09-16-m0.u132.p3.sent3	Це перше питання.
ParlaMint-UA_2003-09-16-m0.u132.p4.sent1	І друге питання.
ParlaMint-UA_2003-09-16-m0.u132.p4.sent2	Скажіть, будь ласка, які гарантії?
ParlaMint-UA_2003-09-16-m0.u132.p4.sent3	Чи виписаний якісь механізми того аби ці гроші не розкрадалися?
ParlaMint-UA_2003-09-16-m0.u132.p4.sent4	Ну а., щоб не було у людей підозри, що вони комусь.
ParlaMint-UA_2003-09-16-m0.u132.p4.sent5	по блату там комусь.
ParlaMint-UA_2003-09-16-m0.u133.p1.sent1	Ясно.
ParlaMint-UA_2003-09-16-m0.u133.p2.sent1	Відповідаю на перше запитання.
ParlaMint-UA_2003-09-16-m0.u133.p2.sent2	Так, ви абсолютно праві.
ParlaMint-UA_2003-09-16-m0.u133.p2.sent3	У нас зараз у Верховну Раду внесено 2 закони: "Про єдиний митний тариф", де якраз будуть відображені ці пільги, і Закон про ПДВ, де також будуть відображені всі моменти, пов’язані з пільговим оподаткуванням.
ParlaMint-UA_2003-09-16-m0.u133.p2.sent4	Це питання одне з таких головних, болючих, але, разом з тим, маючи цей закон, ті два закони і ще підзаконні акти, воно дасть нам врегулювати можливість і.
ParlaMint-UA_2003-09-16-m0.u133.p2.sent5	А взагалі виключити якісь порушення.
ParlaMint-UA_2003-09-16-m0.u133.p2.sent6	Це перше.
ParlaMint-UA_2003-09-16-m0.u133.p3.sent1	Друге питання це я би хотів сказать, що реалізація технічної допомоги і можна й самим робити все це, що відображено.
ParlaMint-UA_2003-09-16-m0.u133.p3.sent2	то, на що дається технічна допомога.
ParlaMint-UA_2003-09-16-m0.u133.p3.sent3	Але це кошти в бюджеті.
ParlaMint-UA_2003-09-16-m0.u133.p3.sent4	Це кошти, які нам треба виривати, десь брати з бюджету.
ParlaMint-UA_2003-09-16-m0.u133.p3.sent5	Це технічна допомога надається для того, щоб вона могла.
ParlaMint-UA_2003-09-16-m0.u133.p3.sent6	і могли б і самі, але трохи пізніше можливо.
ParlaMint-UA_2003-09-16-m0.u133.p3.sent7	На сьогоднішній день ми маємо технічну допомогу, яка надається і це має.
ParlaMint-UA_2003-09-16-m0.u133.p3.sent8	є пріоритетні напрямки, які тут є в експертному висновку є зауваження.
ParlaMint-UA_2003-09-16-m0.u133.p3.sent9	Ми уважно подивилися їх, будемо ще перед другим читанням опрацьовувати разом з комітетами Верховної Ради, але разом з тим, ми таким чином зараз і в 153 постанові, і в законі відображено, щоби було.
ParlaMint-UA_2003-09-16-m0.u133.p3.sent10	туди надавалася, куди необхідно зараз, згідно соціально-економічного розвитку України.
ParlaMint-UA_2003-09-16-m0.u133.p3.sent11	Тобто, згідно плану нашого соціально-економічного розвитку.
ParlaMint-UA_2003-09-16-m0.u133.p3.sent12	Дякую.
ParlaMint-UA_2003-09-16-m0.u134.p1.sent1	Я дякую вам також.
ParlaMint-UA_2003-09-16-m0.u134.p1.sent2	Час вичерпаний, Володимире Олександровичу.
ParlaMint-UA_2003-09-16-m0.u134.p1.sent3	Сідайте, будь ласка.
ParlaMint-UA_2003-09-16-m0.u134.p2.sent1	Скомаровський Володимир Володимирович, будь ласка, від Комітету з питань економічної політики, управління народним господарством, власності та інвестицій.
ParlaMint-UA_2003-09-16-m0.u134.p2.sent2	Голова підкомітету.
ParlaMint-UA_2003-09-16-m0.u134.p2.sent3	будь ласка, там до 3 хвилин.
ParlaMint-UA_2003-09-16-m0.u135.p1.sent1	Шановні колеги, я хочу вам доповісти думку Комітету з питань економічної політики щодо міжнародної технічної допомоги.
ParlaMint-UA_2003-09-16-m0.u135.p1.sent2	Це цікавий законопроект, він має певні суперечності.
ParlaMint-UA_2003-09-16-m0.u135.p1.sent3	Але головне, на думку комітету, полягає ось в чому, що донори - це уряди, іноземні держави, міжнародні організації, які надають нам допомогу, вони повинні бути впевнені в твердому порядку щодо цієї процедури.
ParlaMint-UA_2003-09-16-m0.u135.p1.sent4	Сьогодні воно регламентується постановами Кабінету Міністрів, але уряд пропонує прийняти закон.
ParlaMint-UA_2003-09-16-m0.u135.p1.sent5	Закон має всього 13 статей.
ParlaMint-UA_2003-09-16-m0.u135.p1.sent6	Є також зауваження до деяких статей.
ParlaMint-UA_2003-09-16-m0.u135.p1.sent7	Я думаю, що у процесі доопрацювання до другого читання ці зауваження разом з вами ми зможемо виправити.
ParlaMint-UA_2003-09-16-m0.u135.p1.sent8	В цілому комітет підтримує даний законопроект і рекомендує прийняти його за основу.
ParlaMint-UA_2003-09-16-m0.u136.p1.sent1	Шановні колеги, запитання до голови підкомітету є?
ParlaMint-UA_2003-09-16-m0.u136.p1.sent2	Будь ласка, запишіться.
ParlaMint-UA_2003-09-16-m0.u136.p1.sent3	Якщо є, так що ж.
ParlaMint-UA_2003-09-16-m0.u136.p1.sent4	Будь ласка, на табло.
ParlaMint-UA_2003-09-16-m0.u136.p2.sent1	Андрій Шкіль, фракція Блоку Юлії Тимошенко.
ParlaMint-UA_2003-09-16-m0.u136.p2.sent2	Володимир Єщенко - наступний.
ParlaMint-UA_2003-09-16-m0.u137.p1.sent1	Дякую, Володимире Михайловичу.
ParlaMint-UA_2003-09-16-m0.u137.p1.sent2	Шановний доповідачу, зараз іде шалений потік контрабанди через кордони України.
ParlaMint-UA_2003-09-16-m0.u137.p1.sent3	І він не припиняється вже от останні, скажемо, декілька років, тим паче зараз посилюється, особливо при певній кадровій перестановці на західній українській митниці, зокрема після того, як туди був призначений працівник податкової інспекції.
ParlaMint-UA_2003-09-16-m0.u137.p2.sent1	От скажіть, введення цього закону якось буде обмежувати принаймні чи регламентувати?
ParlaMint-UA_2003-09-16-m0.u137.p2.sent2	Тому що у Верховної Ради завдання зупинити потік контрабанди, це найголовніше завдання.
ParlaMint-UA_2003-09-16-m0.u137.p2.sent3	Чи цей закон буде працювати у цьому ж контексті?
ParlaMint-UA_2003-09-16-m0.u137.p2.sent4	Дякую.
ParlaMint-UA_2003-09-16-m0.u138.p1.sent1	Дякую за запитання.
ParlaMint-UA_2003-09-16-m0.u138.p1.sent2	Закон діє на угоди міжнародні між урядами і між міжнародними організаціями.
ParlaMint-UA_2003-09-16-m0.u138.p1.sent3	І контролює цей процес відповідно до поданого законопроекту, буде контролювати саме Кабінет Міністрів.
ParlaMint-UA_2003-09-16-m0.u138.p1.sent4	Тобто якщо Кабінет Міністрів захоче, то під видом міжнародної допомоги може піти і без оподаткування будь-які товари.
ParlaMint-UA_2003-09-16-m0.u138.p1.sent5	Все залежить від влади.
ParlaMint-UA_2003-09-16-m0.u138.p1.sent6	Дякую.
ParlaMint-UA_2003-09-16-m0.u139.p1.sent1	Володимир Єщенко, фракція комуністів.
ParlaMint-UA_2003-09-16-m0.u140.p1.sent1	Єщенко, фракція комуністів.
ParlaMint-UA_2003-09-16-m0.u140.p2.sent1	Розглядаючи цей законопроект, я запитую у вас, як члена Комітету з питань економічної політики, все ж таки от ми розглядали питання про вступ до єдиного економічного простору, от цей закон передбачає тісне співробітництво із Росією, Білорусією і іншими країнами, які входять, планується увійти до цього економічного пространства.
ParlaMint-UA_2003-09-16-m0.u140.p2.sent2	І як ваш погляд по єдиному економічному простору Росією, Білорусією, Казахстаном і Україною.
ParlaMint-UA_2003-09-16-m0.u140.p2.sent3	Будь ласка.
ParlaMint-UA_2003-09-16-m0.u141.p1.sent1	Дякую.
ParlaMint-UA_2003-09-16-m0.u141.p1.sent2	Саме цей закон розширить базу, так би мовити, надання міжнародної технічної допомоги, тому що він буде гарантувати країнам-донорам саме стабільність з цих питань.
ParlaMint-UA_2003-09-16-m0.u141.p1.sent3	Уже не уряд регламентує певні положення, а саме закон.
ParlaMint-UA_2003-09-16-m0.u141.p2.sent1	Тому я вважаю, що він дасть нам можливість отримати більше міжнародної допомоги, і в тому числі з Росією, якщо тільки буде бажання з російською чи з білоруської сторони.
ParlaMint-UA_2003-09-16-m0.u141.p2.sent2	Дякую.
ParlaMint-UA_2003-09-16-m0.u142.p1.sent1	Василь Надрага, депутатська група "Народний вибір".
ParlaMint-UA_2003-09-16-m0.u143.p1.sent1	Уважаемый Владимир Владимирович!
ParlaMint-UA_2003-09-16-m0.u143.p1.sent2	Тут абсолютно правы и вы, и первый докладчик сказали о том, что мы уже по факту живем с технической помощью.
ParlaMint-UA_2003-09-16-m0.u143.p1.sent3	Сегодня вопрос стоит о том, чтобы ее отрегламентировать.
ParlaMint-UA_2003-09-16-m0.u143.p1.sent4	Но я так думаю, что общий опыт и те знания, которые сегодня, но во всяком случае я владею, говорят и о том, что когда мы регламентируем себя и свое поведение в отношение тех, кто к нас прийдет с помощью, в том числе и по данному закону, то очень часто на практике получается, что помощники, приходя к нам, начинают сами определять, кому они помогут, как они помогут.
ParlaMint-UA_2003-09-16-m0.u143.p1.sent5	И даже попадая сюда, после того, как все согласованно на межгосударственном уровне, они сами себе ищут партнеров, они сами определяют приоритеты в тех темах, в которые они заходят.
ParlaMint-UA_2003-09-16-m0.u143.p1.sent6	И когда им пытаются местные объяснить, что у нас есть все-таки проблемы, но несколько иные, но они менее болящие, а может быть и более, то натыкаются иногда, вот мой собственный опыт работы с подобными программами.
ParlaMint-UA_2003-09-16-m0.u143.p1.sent7	Извините, вы ничего не понимаете, мы будем делать так, как мы хотим.
ParlaMint-UA_2003-09-16-m0.u143.p1.sent8	И если мы не будем делать так, как мы хотим, мы отсюда уйдем.
ParlaMint-UA_2003-09-16-m0.u143.p1.sent9	Но это же по факту является вообщем-то, так сказать, как минимум некорректным поведением.
ParlaMint-UA_2003-09-16-m0.u143.p2.sent1	Так меня интересует, заложен ли в этом законе механизм, согласно которого каким-то образом согласовывается позиция желающих помочь с позицией и видением ситуации тех, кому они будут помагать?
ParlaMint-UA_2003-09-16-m0.u143.p2.sent2	Спасибо.
ParlaMint-UA_2003-09-16-m0.u144.p1.sent1	Дякую, Василь Іванович.
ParlaMint-UA_2003-09-16-m0.u144.p2.sent1	Тут досить цікаве запитання.
ParlaMint-UA_2003-09-16-m0.u144.p2.sent2	Всі ці позиції по согласованию, як ви сказали, залежать від уряду, але певні міжнародні організації можуть допомогти, наприклад, певній і бізнесовій структурі.
ParlaMint-UA_2003-09-16-m0.u144.p2.sent3	І тут є можливість для зловживань.
ParlaMint-UA_2003-09-16-m0.u144.p2.sent4	Але арбітром є урядова установа, яка буде ці питання регламентувати.
ParlaMint-UA_2003-09-16-m0.u144.p2.sent5	А в законі вони чітко не виписані, ці повноваження стаття закону передає на Кабінет Міністрів.
ParlaMint-UA_2003-09-16-m0.u145.p1.sent1	Юрій Кармазін, фракція "Наша Україна".
ParlaMint-UA_2003-09-16-m0.u146.p1.sent1	Юрій Кармазін, Партія захисників вітчизни, "Солідарність", "Наша Україна".
ParlaMint-UA_2003-09-16-m0.u146.p2.sent1	Шановний Володимире Володимировичу!
ParlaMint-UA_2003-09-16-m0.u146.p2.sent2	Скажіть, будь ласка, ви зараз бачите, що робиться на митниці при переміщенні грузів.
ParlaMint-UA_2003-09-16-m0.u146.p2.sent3	Чи не викликає у вас сумніву стаття, скажімо, сьома - оподаткування та митне оформлення, де записано, що переміщується товар через митний кордон в режимі тимчасового ввезення?
ParlaMint-UA_2003-09-16-m0.u146.p2.sent4	І для забезпечення реалізації проекту міжнародної технічної допомоги просто так ви знаєте, що не оподатковується це все.
ParlaMint-UA_2003-09-16-m0.u146.p2.sent5	А що ви підрозумиваєте під тим органом контролю, який буде за цим спеціально уповноваженим, який визначений у вас в статті 11-й?
ParlaMint-UA_2003-09-16-m0.u146.p2.sent6	Що це буде за орган і як це ви будете отут контролювати?
ParlaMint-UA_2003-09-16-m0.u146.p2.sent7	Як це все буде контролюватись?
ParlaMint-UA_2003-09-16-m0.u146.p2.sent8	І чи взагалі не станеться так, що всі будуть завозити все, що завгодно тільки під виглядом цієї технічної допомоги?
ParlaMint-UA_2003-09-16-m0.u146.p2.sent9	Я думаю, що зараз якраз сидять над цими схемами і розмірковують, як це робити.
ParlaMint-UA_2003-09-16-m0.u146.p2.sent10	Дякую.
ParlaMint-UA_2003-09-16-m0.u147.p1.sent1	Дякую, Юрію Анатолійовичу.
ParlaMint-UA_2003-09-16-m0.u147.p2.sent1	По-перше, це не наш закон, а це урядовий законопроект.
ParlaMint-UA_2003-09-16-m0.u147.p2.sent2	Це -перше.
ParlaMint-UA_2003-09-16-m0.u147.p2.sent3	Я не встиг сказати, що з четвертої по сьому статтю ми підтримуєм рішення експертної ради, що треба ці статті чітко виписати.
ParlaMint-UA_2003-09-16-m0.u147.p2.sent4	І ваша думка щодо перекладання повноважень тільки на Кабінет Міністрів також, я вважаю, буде неправильною, тобто ми повинні їх чітко визначити, що робить Верховна Рада, що робить Кабінет Міністрів.
ParlaMint-UA_2003-09-16-m0.u147.p3.sent1	А зловживань може бути і при самому красивому і самому доброму законі, якщо не будуть контролювати сам процес і виконання закону.
ParlaMint-UA_2003-09-16-m0.u148.p1.sent1	Володимир Володимирович, дякую, час вичерпаний, сідайте, будь ласка.
ParlaMint-UA_2003-09-16-m0.u148.p2.sent1	На табло прізвища народних депутатів, які записалися на виступи, ми домовлялися 10 хвилин.
ParlaMint-UA_2003-09-16-m0.u148.p3.sent1	Юрій Анатолійович Кармазін, фракція "Наша Україна", підготуватися Володимиру Пузакову.
ParlaMint-UA_2003-09-16-m0.u149.p1.sent1	Юрій Кармазін, Партія захисників Вітчизни, "Солідарність", "Наша Україна".
ParlaMint-UA_2003-09-16-m0.u149.p2.sent1	Шановні народні депутати, дивлячись на цей закон і згадуючи його історію, а його приймали ще 26 квітня 2001 року, і тоді Президент правильно наклав на нього вето і повернув його, я хочу згадати для нас всіх старе: бійтеся данайців, які приносять дари, бійтеся, бо це може бути горе.
ParlaMint-UA_2003-09-16-m0.u149.p2.sent2	Горе таке ж саме, як ЄЕП, про який сьогодні говорили, горе через те, що ніякої вільної торгівлі не буде і через те, що ніякого ввозу міжнародної технічної допомоги просто так теж, я не вірю в те, що воно буде.
ParlaMint-UA_2003-09-16-m0.u149.p3.sent1	Хоча з пояснювальної записки читаю, що загальний бюджет допомог, технічної допомоги для України становить більше 450 мільйонів доларів Сполучених Штатів Америки, тобто це 2,5 мільярди гривень, якщо вірити цій пояснювальній записці, підписаній ще міністром економіки та з питань європейської інтеграції Шлапаком.
ParlaMint-UA_2003-09-16-m0.u149.p3.sent2	Я, наприклад, в ці суми абсолютно не вірю, і вважаю, що вони міфічні.
ParlaMint-UA_2003-09-16-m0.u149.p4.sent1	Так от, щодо цього проекту, я вам скажу, що це вже кращий проект, ніж той, що був заветований Президентом, але в мене до цього проекту ще безліч питань.
ParlaMint-UA_2003-09-16-m0.u149.p4.sent2	Безліч питань саме через те, що міжнародна технічна допомога звільняється від оподаткування, митних зборів і будь-яких інших зборів відповідно до законів України та міжнародних договорів України.
ParlaMint-UA_2003-09-16-m0.u149.p5.sent1	І саме оце, режим вільного ввезення, може бути і тягнути за собою будь-які зловживання, які тільки можна передбачити.
ParlaMint-UA_2003-09-16-m0.u149.p5.sent2	Наявність в законі статті 11-ї про державний нагляд за реалізацією проектів, де сказано, що контроль за її цільовим використанням здійснюється спеціально уповноваженим органом, іншими органами виконавчої влади відповідно до їх компетенції, нічого не говорячи про цей орган, це, вибачайте, відсутність всякого контролю.
ParlaMint-UA_2003-09-16-m0.u149.p5.sent3	Тобто закон не передбачає сьогодні контроль.
ParlaMint-UA_2003-09-16-m0.u149.p6.sent1	Закон також не передбачає прозорість цього механізму.
ParlaMint-UA_2003-09-16-m0.u149.p6.sent2	Я хотів би нагадати для представників міністерства, я хотів би нагадати для представників комітету, які зараз доповідали, і дуже добре доповідав народний депутат Скомаровський, що в своїх зауваженнях Президент колись вносив такі речі, він писав: "У разі виявлення порушень законодавства, міжнародних договорів та, або невідповідності реалізації програм та проектів міжнародної технічної допомоги завданням і цілям визначеним, спеціально уповноважений орган має право тимчасово зупинити виконання програми та проектів у порядку, що визначається Кабінетом Міністрів, повідомивши про це та про виявлені порушення.", - і так далі.
ParlaMint-UA_2003-09-16-m0.u149.p7.sent1	Ви це все викинули із закону.
ParlaMint-UA_2003-09-16-m0.u149.p7.sent2	Дивлячись на те, що це Президент підписувався, а сьогодні викинуто з закону урядом, я стверджую, що це свідомо викинуто такі речі, свідомо саме для того, щоб підготувати якісь нехороші речі для України.
ParlaMint-UA_2003-09-16-m0.u149.p8.sent1	Тому я хотів би, щоб це все було вичищено, вичищено те, що в 9-й статті, де написано, що міжнародна технічна допомога видається тільки для цілей, визначених відповідними проектами і, якщо інше не передбачено, проектом міжнародної технічної допомоги.
ParlaMint-UA_2003-09-16-m0.u149.p9.sent1	Шановні друзі, тут дуже багато тих речей, які можуть впливати на наш бюджет, і без того бідний.
ParlaMint-UA_2003-09-16-m0.u150.p1.sent1	Володимир Пузаков.
ParlaMint-UA_2003-09-16-m0.u150.p1.sent2	Пузаков Володимир, фракція комуністів.
ParlaMint-UA_2003-09-16-m0.u150.p1.sent3	Підготуватись Супрун.
ParlaMint-UA_2003-09-16-m0.u151.p1.sent1	Володимир Пузаков, фракція Комуністичної партії України, Кіровоградщина.
ParlaMint-UA_2003-09-16-m0.u151.p2.sent1	Сьогодні розглядати питання про міжнародну технічну допомогу цікаво.
ParlaMint-UA_2003-09-16-m0.u151.p2.sent2	Звичайно, експерименти робити можна, але щоб це не був послідуючий експеримент над своїм народом.
ParlaMint-UA_2003-09-16-m0.u151.p3.sent1	Чому я так заявляю?
ParlaMint-UA_2003-09-16-m0.u151.p3.sent2	Тому що ми добре знаємо, що безкоштовний сир буває тільки в мишеловці.
ParlaMint-UA_2003-09-16-m0.u151.p3.sent3	І таке велике бажання зарубіжних донорів, зробити безвідплатну фінансову допомогу нашій державі, відверто насторожує.
ParlaMint-UA_2003-09-16-m0.u151.p3.sent4	Припускаю і дай Боже, як кажуть в народі, щоб я помилився.
ParlaMint-UA_2003-09-16-m0.u151.p3.sent5	Після прийняття цього закону з’явиться дуже багато бажаючих відмити свої брудні гроші через Україну, яка так славиться своїми корумпованими структурами.
ParlaMint-UA_2003-09-16-m0.u151.p3.sent6	А щоб цього не сталося, вношу пропозицію, доповнити статтю 4 "Залучення міжнародної технічної допомоги проекту Закону України "Про міжнародну технічну допомогу" словами "донор міжнародної технічної допомоги повинен обов’язково представити джерела надходження фінансові, які використовуються для надання міжнародної технічної допомоги".
ParlaMint-UA_2003-09-16-m0.u151.p4.sent1	Пропоную також внести зміни до статті 5 "Державна реєстрація проектів програм міжнародної технічної допомоги" в першому абзаці замість слів "спеціально уповноваженим органом" записати "Міністерством юстиції України" і викласти його в такій редакції : "Проекти або програми міжнародної технічної допомоги підлягають обов’язковій державній реєстрації Міністерством юстиції України за зверненням реципієнта та донора".
ParlaMint-UA_2003-09-16-m0.u151.p5.sent1	Включенню цих проектів або програм до державного реєстру проектів міжнародної технічної допомоги у порядку, встановленому Кабінетом Міністрів України.
ParlaMint-UA_2003-09-16-m0.u151.p6.sent1	Розглядаючи проект закону України про міжнародну технічну допомогу треба, на мою думку, підтримати пропозицію комітету у першому читанні.
ParlaMint-UA_2003-09-16-m0.u151.p6.sent2	Дякую за увагу.
ParlaMint-UA_2003-09-16-m0.u152.p1.sent1	Людмила Супрун.
ParlaMint-UA_2003-09-16-m0.u152.p1.sent2	Фракція Народно-демократичної партії України.
ParlaMint-UA_2003-09-16-m0.u152.p1.sent3	Будь ласка.
ParlaMint-UA_2003-09-16-m0.u152.p2.sent1	Наступний буде виступати, якщо встигне, Володимир Кирилович Черняк.
ParlaMint-UA_2003-09-16-m0.u153.p1.sent1	Людмила Супрун, фракція Народно-демократичної партії.
ParlaMint-UA_2003-09-16-m0.u153.p2.sent1	Шановні колеги!
ParlaMint-UA_2003-09-16-m0.u153.p2.sent2	Закон є надзвичайно інтересним.
ParlaMint-UA_2003-09-16-m0.u153.p2.sent3	Але треба звернути увагу на наступні аспекти, які можуть створити такі дірки у законодавстві, які потім ніякими іншими зусиллями з вами не ліквідуємо
ParlaMint-UA_2003-09-16-m0.u153.p3.sent1	В першу чергу я хотіла б звернути увагу на наступне.
ParlaMint-UA_2003-09-16-m0.u153.p3.sent2	Згідно цього закону право на отримання технічної допомоги мають і фізичні, і юридичні особи, при чому, чіткого визначення технічної допомоги сьогодні не існує.
ParlaMint-UA_2003-09-16-m0.u153.p3.sent3	Це означає, що технічна допомога, яка надходить у вигляді грошей для фізичних осіб, практично не буде обкладатися ніякими податками, адже однією із статей закону передбачено повне звільнення технічної допомоги від оподаткування, від митних зборів, будь-яких інших зборів відповідно до законів України та міжнародних договорів.
ParlaMint-UA_2003-09-16-m0.u153.p3.sent4	В разі нецільового використання пропонується оподатковувати цю технічну допомогу.
ParlaMint-UA_2003-09-16-m0.u153.p3.sent5	Але якщо у законі визначено, що, наприклад, гроші в розмірі 100, 200 тисяч, мільйон приходять на певну підтримку чи вчених, чи технологів, і це називається технічною допомогою, то фактично таким чином на території України ми даємо доступ грошам, які нічим не регламентуються, ніяк не оподатковуються і ніяк не враховуються.
ParlaMint-UA_2003-09-16-m0.u153.p3.sent6	Це означає, що така дірка у законодавстві може зруйнувати наші закони, які ми приймали такими потугами, в тому числі і Закон, який стосується легалізації і відмивання грошей.
ParlaMint-UA_2003-09-16-m0.u153.p3.sent7	Якщо ми приймемо у такому варіанті цей закон, можна попереднє законодавство просто викинути у корзину, тому що воно працювати у такому вигляді не буде.
ParlaMint-UA_2003-09-16-m0.u153.p4.sent1	Ми погоджуємося, що необхідно, безперечно визначити, що така технічна допомога може надходити від міжнародних організацій, але треба дати їх перелік, треба дати якусь ознаку, щоб ми чітко розуміли, від яких міжнародних організацій технічна допомога може вважатися такою, що не оподатковується, а які міжнародні організації, скажімо, захисту тварин чи інше, вони не можуть користуватися при перерахуванні коштів на територію України будь-якими видами пільг.
ParlaMint-UA_2003-09-16-m0.u153.p5.sent1	На жаль, що ми сьогодні прийняли багато законодавчих актів, які у багатьох випадках створюють дірки для того, щоб через ці дірки просувалися гроші, які сьогодні не контролюються, і ми не знаємо легальне чи нелегальне вони мають джерело доходів.
ParlaMint-UA_2003-09-16-m0.u153.p6.sent1	Тому пропозиція щодо цього закону: уточнити такі дефініції в обов’язковому порядку.
ParlaMint-UA_2003-09-16-m0.u153.p6.sent2	Ні в якому разі не приймати у тому вигляді, в якому зараз пропонується.
ParlaMint-UA_2003-09-16-m0.u153.p6.sent3	І ми вважаємо, що нам необхідно мати кошти, нам необхідно мати технічне обладнання.
ParlaMint-UA_2003-09-16-m0.u153.p6.sent4	Але при цих умовах в першу чергу ми повинні стояти на сторожі законних інтересів громадян і законних інтересів держави.
ParlaMint-UA_2003-09-16-m0.u153.p6.sent5	Дякую за увагу.
ParlaMint-UA_2003-09-16-m0.u154.p1.sent1	Володимир Кирилович Черняк, фракція "Наша Україна".
ParlaMint-UA_2003-09-16-m0.u155.p1.sent1	Шановні колеги, від допомоги, звичайно, не треба відмовлятися, потрібно у законодавче поле ввести цей процес.
ParlaMint-UA_2003-09-16-m0.u155.p1.sent2	Я б сказав, що він маж два боки: один бік, це ті, хто надає допомогу, інший бік, це ті, хто використовує.
ParlaMint-UA_2003-09-16-m0.u155.p1.sent3	І от якраз потрібно законодавчо врегулювати, саме виходячи з цього.
ParlaMint-UA_2003-09-16-m0.u155.p2.sent1	Стосовно першого боку.
ParlaMint-UA_2003-09-16-m0.u155.p2.sent2	Є питання, які треба врегулювати у процесі підготовки законопроекту до другого читання, зокрема питання про визначення того, хто є власником допомоги.
ParlaMint-UA_2003-09-16-m0.u155.p2.sent3	Тут сказано так, що власником допомоги є донор.
ParlaMint-UA_2003-09-16-m0.u155.p2.sent4	Таким чином, виникає питання: як буде ця допомога надаватися і хто буде донором?
ParlaMint-UA_2003-09-16-m0.u155.p3.sent1	Крім того, ми ставимо програму над законом, тому що визначається у програмі, хто є власником, хто є донором.
ParlaMint-UA_2003-09-16-m0.u155.p3.sent2	Тобто є цілий ряд питань, які потрібно врегулювати, щоб правильно визначити власника допомоги.
ParlaMint-UA_2003-09-16-m0.u155.p3.sent3	Зокрема, також ідеться про те, що працевлаштування іноземців у зв’язку з наданням допомоги можна без всякого дозволу.
ParlaMint-UA_2003-09-16-m0.u155.p3.sent4	Це також виникають сумніви.
ParlaMint-UA_2003-09-16-m0.u155.p4.sent1	Але більше всього у мене є застережень стосовно тих, хто використовує допомогу.
ParlaMint-UA_2003-09-16-m0.u155.p4.sent2	Тут є ціла низка питань, які потрібно врегулювати у процесі підготовки законопроекту до другого читання, зокрема цільове використання допомоги, пріоритетні напрямки, на що спрямувати допомогу, треба чітко визначити.
ParlaMint-UA_2003-09-16-m0.u155.p5.sent1	Механізм використання технічної допомоги повинен бути чітким і ясним.
ParlaMint-UA_2003-09-16-m0.u155.p6.sent1	І особливо турбує питання про те.
ParlaMint-UA_2003-09-16-m0.u155.p6.sent2	і тривожить питання про те яким буде контроль за використанням коштів допомоги.
ParlaMint-UA_2003-09-16-m0.u155.p6.sent3	Є лазівки, які дозволяють зловживати цими коштами.
ParlaMint-UA_2003-09-16-m0.u155.p6.sent4	І в процесі підготовки до другого читання нам потрібно закрити ці лазівки, щоб був контроль.
ParlaMint-UA_2003-09-16-m0.u155.p6.sent5	Так, тут є спеціальний уповноважений орган контролю, але все ми віддаємо в руки Кабінету Міністрів і невідомо яким чином це буде використано, який буде контроль над цим органом, уповноваженим органом.
ParlaMint-UA_2003-09-16-m0.u155.p6.sent6	Яким буде контроль з боку Верховної Ради.
ParlaMint-UA_2003-09-16-m0.u155.p6.sent7	Є питання контролю.
ParlaMint-UA_2003-09-16-m0.u155.p6.sent8	І звичайно больова точка законопроекту - митне оформлення допомоги.
ParlaMint-UA_2003-09-16-m0.u155.p6.sent9	Це якраз може бути та дірка, через яку можуть піти і товари непідакцизні, і обмивання грошей, і так далі.
ParlaMint-UA_2003-09-16-m0.u155.p6.sent10	Тому треба виписати дуже чітко цю процедуру митного оформлення, щоб унеможливити ці зловживання.
ParlaMint-UA_2003-09-16-m0.u155.p6.sent11	Отже, проблема контролю і проблема відповідальності за використання міжнародної технічної допомоги.
ParlaMint-UA_2003-09-16-m0.u155.p7.sent1	А загалом можна приймати в першому читанні, на мій погляд.
ParlaMint-UA_2003-09-16-m0.u155.p8.sent1	Дякую.
ParlaMint-UA_2003-09-16-m0.u156.p1.sent1	Дякую.
ParlaMint-UA_2003-09-16-m0.u156.p1.sent2	Андрій Шкіль, репліка, будь ласка.
ParlaMint-UA_2003-09-16-m0.u157.p1.sent1	Дякую, Володимире Михайловичу.
ParlaMint-UA_2003-09-16-m0.u157.p1.sent2	Ну загалом мені подобаються ці ілюзії.
ParlaMint-UA_2003-09-16-m0.u157.p1.sent3	Мовляв, дірки є, але закон приймати треба.
ParlaMint-UA_2003-09-16-m0.u157.p1.sent4	Так у нас є цілий, розумієте, комплекс кордону, який закриває, захищає економічний суверенітет, економічну незалежність України, але через нього проникає контрабанда, хоч ніде ні слова не описано як регламентувати цю контрабанду.
ParlaMint-UA_2003-09-16-m0.u157.p1.sent5	А тут в законопроекті є чітка.
ParlaMint-UA_2003-09-16-m0.u157.p1.sent6	чіткий натяк на те, що може під виглядом гуманітарної допомоги, технічної та іншої надходити сюди ті вантажі чи ті кошти, які можна вважати незаконними, а вантажі контрабандними.
ParlaMint-UA_2003-09-16-m0.u157.p1.sent7	Тому в тій державі, де контрабанда, на превеликий жаль, підриває економічні устої держави подібні законопроекти не мають права з такими дірками поступати на розгляд до парламенту.
ParlaMint-UA_2003-09-16-m0.u157.p1.sent8	А ми тим паче не маємо права навіть обговорювати ці дірки.
ParlaMint-UA_2003-09-16-m0.u157.p1.sent9	Ми маємо відсікти або повернути на повторне підготування цей законопроект, або взагалі не розглядати.
ParlaMint-UA_2003-09-16-m0.u157.p1.sent10	Дякую.
ParlaMint-UA_2003-09-16-m0.u158.p1.sent1	Шановні колеги, розгляд проекту Закону про міжнародну технічну допомогу завершено, рішення будемо приймати з урахуванням обговорення в день голосування.
ParlaMint-UA_2003-09-16-m0.u158.p2.sent1	Оголошується до розгляду проект Закону про внесення змін до деяких законодавчих актів України щодо охорони інтелектуальної власності.
ParlaMint-UA_2003-09-16-m0.u158.p2.sent2	Доповідач - голова Державного департаменту інтелектуальної власності Паладій Микола Васильович.
ParlaMint-UA_2003-09-16-m0.u158.p2.sent3	Співдоповідачем буде виступати голова підкомітету Комітету з питань науки і освіти Михайло Кузьмич Родіонов.
ParlaMint-UA_2003-09-16-m0.u158.p2.sent4	Будь ласка.
ParlaMint-UA_2003-09-16-m0.u158.p3.sent1	Комітет пропонує такий регламент розгляду.
ParlaMint-UA_2003-09-16-m0.u158.p3.sent2	Для доповідача - до 5 хвилин.
ParlaMint-UA_2003-09-16-m0.u158.p3.sent3	Відповіді на запитання - до 5 хвилин.
ParlaMint-UA_2003-09-16-m0.u158.p3.sent4	Для співдоповідача - 3 і 5 хвилин.
ParlaMint-UA_2003-09-16-m0.u158.p3.sent5	І обговорення тут взагалі не пропонують.
ParlaMint-UA_2003-09-16-m0.u158.p3.sent6	Давайте, якщо немає заперечень, 10 хвилин передбачимо.
ParlaMint-UA_2003-09-16-m0.u158.p3.sent7	Немає?
ParlaMint-UA_2003-09-16-m0.u158.p3.sent8	Дякую.
ParlaMint-UA_2003-09-16-m0.u158.p3.sent9	Будь ласка.
ParlaMint-UA_2003-09-16-m0.u159.p1.sent1	Шановний Володимире Михайловичу, шановні народні депутати!
ParlaMint-UA_2003-09-16-m0.u159.p1.sent2	На ваш розгляд сьогодні подається законопроект України про внесення змін до деяких законодавчих актів України щодо охорони інтелектуальної власності, розроблений на виконання пункту 2 прикінцевих положень Закону України "Про внесення змін до Закону України "Про авторське і суміжне право" від 11 липня 2001 року.
ParlaMint-UA_2003-09-16-m0.u159.p2.sent1	Запропонований проект передбачає приведення у відповідність до Закону України "Авторське право і суміжні права" наступних нормативно-правових актів: законів України "Про телебачення і радіомовлення", "Про рекламу", "Про народні та художні промисли", "Про професійних творчих працівників та творчі спілки", "Про інвестиційну діяльність", "Про архітектурну діяльність", "Про друковані засоби масової інформації", "Пресу в Україні", "Про наукову і науково-технічну діяльність", "Про видавничу справу", а також до декрету Кабінету Міністрів України "Про прибутковий податок з громадян", декрету Кабінету Міністрів "Про стандартизацію і сертифікацію".
ParlaMint-UA_2003-09-16-m0.u159.p3.sent1	Даний законопроект пропонує в першу чергу усунути неузгодженості положень вищезазначених нормативно-правових актів з положеннями цього закону.
ParlaMint-UA_2003-09-16-m0.u159.p3.sent2	Крім того, пропонується вилучити положення, які суперечать Закону України "Про авторське право і суміжні права".
ParlaMint-UA_2003-09-16-m0.u159.p3.sent3	Закон України "Про друковані засоби масової інформації, пресу в Україні, про телебачення та радіомовлення пропонується доповнити положеннями, які встановлюють, що порушення законодавства в сфері охорони авторського права і суміжних прав вважається порушенням законодавства України і відповідно в сфері друкованих засобів масової інформації, в сфері телебачення та радіомовлення таким чином посиливши відповідальність за порушення авторського права і суміжних прав в нашій державі.
ParlaMint-UA_2003-09-16-m0.u159.p4.sent1	Прийняття законопроекту значно покращить охорону об’єктів авторського права та суміжних прав, зокрема творів архітектури, творів ужиткового мистецтва, літературних творів, передач або програм організації мовлення.
ParlaMint-UA_2003-09-16-m0.u159.p4.sent2	Реалізація даного законопроекту не потребує фінансування з Державного бюджету України.
ParlaMint-UA_2003-09-16-m0.u159.p5.sent1	Виходячи з викладеного, ми просимо прийняти проект Закону України про внесення змін до деяких законодавчих актів щодо охорони інтелектуальної власності.
ParlaMint-UA_2003-09-16-m0.u159.p5.sent2	Дякую за увагу.
ParlaMint-UA_2003-09-16-m0.u160.p1.sent1	Шановні колеги, є запитання до доповідача?
ParlaMint-UA_2003-09-16-m0.u160.p1.sent2	Будь ласка, запишіться.
ParlaMint-UA_2003-09-16-m0.u160.p1.sent3	На табло, будь ласка.
ParlaMint-UA_2003-09-16-m0.u160.p1.sent4	Василь Надрага, група "Народний вибір".
ParlaMint-UA_2003-09-16-m0.u161.p1.sent1	Уважаемый Николай Васильевич, я хотел бы уточнить следующую вещь по изменениям в закон про телебачення и радиомовлення.
ParlaMint-UA_2003-09-16-m0.u161.p1.sent2	Суть проблемы в чем заключается?
ParlaMint-UA_2003-09-16-m0.u161.p1.sent3	На сегодняшний день, слушая радио и смотря телевизор, можно увидеть, что над авторским правом тех, кто создал фильмы, тех, кто написал песни ну изгаляются, как могут, я прошу прощения.
ParlaMint-UA_2003-09-16-m0.u161.p1.sent4	Могут перебить какой угодно рекламой, могут взять популярную мелодию и написать, я прошу прощения, вплоть до каких-то ахинейных слов, которые трудно перевести или понять даже.
ParlaMint-UA_2003-09-16-m0.u161.p2.sent1	У меня вопрос следующего порядка: вот эти наши дополнения, изменения, они каким-то образом регламентируют, в том числе и ответственность тех, кто это транслирует?
ParlaMint-UA_2003-09-16-m0.u161.p2.sent2	Потому что тот, кто создал, он свои деньги получил и ушел.
ParlaMint-UA_2003-09-16-m0.u161.p2.sent3	Но мы эти безобразия, по-другому их не назову, мы их видим и слышим.
ParlaMint-UA_2003-09-16-m0.u161.p2.sent4	Если в данном случае вы предлагаете, что передачи, которые не менее 10 минут уже не может перебиваться какой-то рекламной продукцией, то художественные фильмы мы уже по факту видим, что они перебиваются.
ParlaMint-UA_2003-09-16-m0.u161.p2.sent5	И к большому сожалению, здесь опять возникает вопрос, что не всегда и автор об этом может узнать.
ParlaMint-UA_2003-09-16-m0.u161.p2.sent6	Но контролирующие органы должны смотреть.
ParlaMint-UA_2003-09-16-m0.u161.p2.sent7	Авторское право - это есть и право в том числе и слушателей.
ParlaMint-UA_2003-09-16-m0.u161.p2.sent8	Спасибо.
ParlaMint-UA_2003-09-16-m0.u162.p1.sent1	Дякую.
ParlaMint-UA_2003-09-16-m0.u162.p2.sent1	Дійсно, питання дуже важливе.
ParlaMint-UA_2003-09-16-m0.u162.p2.sent2	На жаль, це ще є на нашому телебаченні.
ParlaMint-UA_2003-09-16-m0.u162.p2.sent3	Може, в нашому запропонованому варіанті є вирішення цього питання, але я думаю, як ви ще подивитеся, може, у вас якісь пропозиції виникнуть.
ParlaMint-UA_2003-09-16-m0.u162.p2.sent4	Тому що ми в першу чергу цим законом передбачаємо права автора, виконавця, поета і так далі, і так далі.
ParlaMint-UA_2003-09-16-m0.u162.p2.sent5	Практично, відповідно до діючого законодавства, яке вже діє в Україні, неможливо жодній телерадіокомпанії виривати там, або, як ви сказали, деякі вкраплення робити в ту чи іншу передачу без дозволу автора.
ParlaMint-UA_2003-09-16-m0.u162.p2.sent6	Це повинно бути передбачено в ліцензійній угоді між авторами тієї чи іншої телерадіокомпанії, і там повністю автор повинен захистити себе, передбачити, коли це, в яких долях це можна використовувати.
ParlaMint-UA_2003-09-16-m0.u162.p2.sent7	І ми сьогодні займаємося, ми перевіряємо, чи є в цього автора права, тому що необов’язково це автор той, який написав пісню.
ParlaMint-UA_2003-09-16-m0.u162.p2.sent8	Ви знаєте, що вони мають можливість передати іншій компаній, іншій компаній, то це може бути третій, четвертий, п’ятий в цьому списку.
ParlaMint-UA_2003-09-16-m0.u162.p2.sent9	Я вважаю, що ми ці питання в цьому законодавстві покращуємо, ніж було до цього.
ParlaMint-UA_2003-09-16-m0.u163.p1.sent1	Андрій Шкіль, фракція блоку Юлії Тимошенко.
ParlaMint-UA_2003-09-16-m0.u164.p1.sent1	Дякую, Володимир Михайлович.
ParlaMint-UA_2003-09-16-m0.u164.p2.sent1	Шановний доповідачу, ви розумієте, захист виконавців на радіо, телебаченні, виконавців авторів пісень - це дуже добре, але дещо несвоєчасний закон.
ParlaMint-UA_2003-09-16-m0.u164.p2.sent2	Єдине, що треба подякувати, що він є, але дуже довго він втілювався.
ParlaMint-UA_2003-09-16-m0.u164.p2.sent3	Тому що, ви розумієте, що зараз, практично, для того, щоб авторська пісня.
ParlaMint-UA_2003-09-16-m0.u164.p2.sent4	пісня автора прозвучала на радіо, ви знаєте, треба принести або певну суму, або добре має попрацювати продюсер.
ParlaMint-UA_2003-09-16-m0.u164.p2.sent5	Маємо те все по відношенню до навпаки: за озвучення цієї, за експонування цієї пісні в ефірі має бути гонорар тому, хто її написав або виконав.
ParlaMint-UA_2003-09-16-m0.u164.p3.sent1	І, властиво, тут, між іншим, найбільше шкутильгає проблема української пісні, тому вона зникає, вимивається з радіоефіру.
ParlaMint-UA_2003-09-16-m0.u164.p3.sent2	Я собі уявляю, скільки будуть коштувати авторські права на той перелік пісень, які зараз виконуються.
ParlaMint-UA_2003-09-16-m0.u164.p3.sent3	Наскільки це регламентує законопроект і наскільки якісно не можна буде послуговуватися, бо я не хотів би загострювати, але є певні тут двочитання, багатозмістовність є у певних положеннях.
ParlaMint-UA_2003-09-16-m0.u164.p3.sent4	Що ви на це скажете?
ParlaMint-UA_2003-09-16-m0.u164.p3.sent5	Дякую.
ParlaMint-UA_2003-09-16-m0.u165.p1.sent1	Дякую за таке слушне питання.
ParlaMint-UA_2003-09-16-m0.u165.p2.sent1	Я недавно розмовляв із нашим українським композитором, паном Злотником, мабуть, ви його знаєте, я думаю, що є одним з визначних діячів культури в нашій державі, він також ставить питання відносно фінансів, те, що ви сьогодні сказали.
ParlaMint-UA_2003-09-16-m0.u165.p2.sent2	Якщо в радянські часи складалось так, що платили автору за виконання його творів, то сьогодні, перш за все, якщо б мене та чи інша компанія могла репродуктувати, то я повинен за це заплатити.
ParlaMint-UA_2003-09-16-m0.u165.p3.sent1	Я думаю, що, можливо, це не є проблема закону, тому що фінансові відносини визначаються договором між автором і тією компанією, що використовує цей твір.
ParlaMint-UA_2003-09-16-m0.u165.p3.sent2	Я думаю, що такі питання потрібно вирішувати, ну, в господарському законодавстві.
ParlaMint-UA_2003-09-16-m0.u165.p3.sent3	Там є відповідні договірні норми.
ParlaMint-UA_2003-09-16-m0.u165.p4.sent1	І я вам скажу, що сьогодні і наші композитори, і наші власники прав досить серйозно в цьому напрямку вже починають діяти.
ParlaMint-UA_2003-09-16-m0.u165.p4.sent2	А я вам скажу, що наш департамент в цьому їм серйозно сприяє.
ParlaMint-UA_2003-09-16-m0.u165.p4.sent3	Можу навести приклади, де ми допомогли нашим Білоножкам, де хотіли спіратувати їхню марку.
ParlaMint-UA_2003-09-16-m0.u165.p4.sent4	І ми допомогли, і все стоїть на місці.
ParlaMint-UA_2003-09-16-m0.u165.p4.sent5	Дякую.
ParlaMint-UA_2003-09-16-m0.u166.p1.sent1	Володимир Черняк, фракція "Наша Україна".
ParlaMint-UA_2003-09-16-m0.u167.p1.sent1	Дякую.
ParlaMint-UA_2003-09-16-m0.u167.p1.sent2	Шановний Миколо Васильовичу, я підтримую законопроект.
ParlaMint-UA_2003-09-16-m0.u167.p1.sent3	Дійсно, потрібно привести у відповідність, узгодити, суперечності зняти.
ParlaMint-UA_2003-09-16-m0.u167.p1.sent4	Все це правильно.
ParlaMint-UA_2003-09-16-m0.u167.p1.sent5	І це потрібно робити.
ParlaMint-UA_2003-09-16-m0.u167.p2.sent1	Але у мене є один сумнів.
ParlaMint-UA_2003-09-16-m0.u167.p2.sent2	Все-таки, наскільки прийняття законопроекту вирішить проблему захисту авторських прав, інтелектуальної власності з точки зору відповідальності тих, хто порушує авторські права?
ParlaMint-UA_2003-09-16-m0.u167.p2.sent3	Чи все-таки буде відповідальність незворотньою і буде падати, як домоклів меч - адміністративна, фінансова, кримінальна відповідальність?
ParlaMint-UA_2003-09-16-m0.u167.p2.sent4	Якщо цього не буде, то це буде декларацією.
ParlaMint-UA_2003-09-16-m0.u167.p2.sent5	Дякую.
ParlaMint-UA_2003-09-16-m0.u168.p1.sent1	Я дякую, пане Черняк, за таке питання.
ParlaMint-UA_2003-09-16-m0.u168.p2.sent1	Ми з вами говорили про деякі закони у сфері інтелектуальної власності.
ParlaMint-UA_2003-09-16-m0.u168.p2.sent2	І те питання, яке ви піднімаєте, я думаю, найближчим часом буде подано урядом законопроект відносно судового захисту прав інтелектуальної власності.
ParlaMint-UA_2003-09-16-m0.u168.p2.sent3	Тому що жодна власність не має права на життя, якщо вона не захищається, і в нашій державі в тому числі.
ParlaMint-UA_2003-09-16-m0.u168.p3.sent1	Але закон цей, про який ви тільки що сказали, він дуже не простий, він дуже важкий.
ParlaMint-UA_2003-09-16-m0.u168.p3.sent2	Ми з вами говорили про деякі речі, в тих же компакт-дисках, коли вони перетинають кордон нашої держави і є підозра, що вони є контрафактні, значить, митниця повинна утилізувати цю продукцію.
ParlaMint-UA_2003-09-16-m0.u168.p3.sent3	Але у митниці немає коштів, і проблеми нашого Державного бюджету вам відомі, тому ми сьогодні думаємо, як вийти з ситуації.
ParlaMint-UA_2003-09-16-m0.u168.p4.sent1	В кожній, в цивілізованій країні це питання вирішують таким чином, тобто, якщо є проблема, підтверджено судом, що це є контрафактна продукція, вона знищується.
ParlaMint-UA_2003-09-16-m0.u168.p5.sent1	На жаль в нашій державі це будуть дуже серйозні кошти і ми будемо говорити не тільки диски, а ви знаєте компанію "Адидас", ви знаєте цигарки компанії "Філіпп Морис", затримуються ну, сотні тонн і щоб це все знищити треба досить серйозні кошти.
ParlaMint-UA_2003-09-16-m0.u168.p5.sent2	Тому ми там пропонуємо, можливо це будуть варіанти в іншому законі за рахунок правовласника, якщо це компанія "Філіпп-Морис" можливо віддати цю продукцію, яка підтверджена, що контрафакція, а ми з ними вже переговорили, вони готові виділяти кошти на знищення цієї продукції.
ParlaMint-UA_2003-09-16-m0.u168.p5.sent3	Можливо таким чином.
ParlaMint-UA_2003-09-16-m0.u168.p6.sent1	Недавно ми говорили, проводили семінар із суддями, господарськими суддями, на жаль, пока тільки в сфері господарського права, відносно відповідного захисту , але ж сьогодні наші українські судді ставлять питання :”Хто нас учив?
ParlaMint-UA_2003-09-16-m0.u168.p6.sent2	А хто нас готував до питань захисту інтелектуальної власності?".
ParlaMint-UA_2003-09-16-m0.u168.p6.sent3	Практично досвіду мають, ну думаю, 5 осіб в нашій державі.
ParlaMint-UA_2003-09-16-m0.u168.p6.sent4	Їх досить мало, ми вже не говоримо про суддів в регіонах і так далі і так далі.
ParlaMint-UA_2003-09-16-m0.u168.p6.sent5	Практично всі справи в нашій сфері доходять до вищого господарського суду, а інколи до Верховного суду і я думаю, що це не зовсім правильно.
ParlaMint-UA_2003-09-16-m0.u168.p7.sent1	Тому найближчим часом ми запропонуємо роботу апеляційної палати в державі і.? розгляд.
ParlaMint-UA_2003-09-16-m0.u168.p7.sent2	І потім, ну з вашою допомагаю, зміни до закону про судовій устрій.
ParlaMint-UA_2003-09-16-m0.u168.p8.sent1	Ми би хотіли виконати доручення Президента щодо існування в державі спеціалізованого суду з питань інтелектуальної власності.
ParlaMint-UA_2003-09-16-m0.u168.p8.sent2	Дякую.
ParlaMint-UA_2003-09-16-m0.u169.p1.sent1	Дякую, час вичерпаний, сідайте, будь ласка.
ParlaMint-UA_2003-09-16-m0.u169.p2.sent1	Слово для співдоповіді має голова підкомітету Комітету з питань науки і освіти Михайло Кузьмич Родіонов.
ParlaMint-UA_2003-09-16-m0.u169.p2.sent2	Будь ласка, Михайло Кузьмич.
ParlaMint-UA_2003-09-16-m0.u170.p1.sent1	Родіонов, Фракція комуністів.
ParlaMint-UA_2003-09-16-m0.u170.p2.sent1	Я додатково до сказаного доповню, що комітет з питань освіти і науки на своєму засіданні розглянув зазначений проект і пропоную народним депутатам схвалити його у першому читанні.
ParlaMint-UA_2003-09-16-m0.u170.p2.sent2	Такий же висновок Комітетів: з питань фінансів і банківської діяльності; з питань будівництва, транспорту і зв’язку; з питань промислової політики і підприємництва.
ParlaMint-UA_2003-09-16-m0.u170.p3.sent1	Висновок Головного науково-експертного управління щодо законопроекту також з зауваженнями, але ж позитивний, і фінансових додатків, як вже казалося, він не потребує.
ParlaMint-UA_2003-09-16-m0.u170.p4.sent1	Є зауваження окрім Науково-експертного управління.
ParlaMint-UA_2003-09-16-m0.u170.p4.sent2	На мою думку, вони слушні, але більшість з них редакційного такого характеру.
ParlaMint-UA_2003-09-16-m0.u170.p4.sent3	Але ж і у народних депутатів комітету, наприклад, такий момент.
ParlaMint-UA_2003-09-16-m0.u170.p4.sent4	Розробники закону кожен раз, коли вносять зміни у закони, намагаються трошки поліпшити ті закони, в які вони зміни вносять.
ParlaMint-UA_2003-09-16-m0.u170.p4.sent5	Наприклад, є, на мій погляд, таке суперечливе поліпшення у Закон про архітектурну діяльність.
ParlaMint-UA_2003-09-16-m0.u170.p4.sent6	Наприклад, " твори архітектури" пропонується замінити фразою " об’єкти архітектурної діяльності".
ParlaMint-UA_2003-09-16-m0.u170.p4.sent7	мені це нагадує, наприклад, той момент, якщо б ми замість "твори літератури" казали " об’єкти літературної діяльності".
ParlaMint-UA_2003-09-16-m0.u170.p4.sent8	Хоч, можливо, це і може бути суперечливість із цього, але, на мій погляд, твори архітектури - це, наприклад, Софіївський Собор.
ParlaMint-UA_2003-09-16-m0.u170.p4.sent9	А якщо об’єкти архітектурної діяльності - це, наприклад, парники на Хрещатику те, що звуть "купола", які зробили на Хрещатику.
ParlaMint-UA_2003-09-16-m0.u170.p4.sent10	Це, мабуть, одна з таких позицій.
ParlaMint-UA_2003-09-16-m0.u170.p5.sent1	Друга позиція.
ParlaMint-UA_2003-09-16-m0.u170.p5.sent2	Те, що Володимир Олександрович казав з приводу захисту, все ж таки з порушення прав.
ParlaMint-UA_2003-09-16-m0.u170.p5.sent3	Це все ж таки іншого закону компетенція, це закону, який ми з вами прийняли влітку, великий такий закон про захист прав інтелектуальної власності, де великі такі запобіжні заходи.
ParlaMint-UA_2003-09-16-m0.u170.p5.sent4	А стосовно цього закону, на мою думку, якщо він ще буде і доповнений депутатами, то комітет вважає, що цей закон, як кажуть, ліквідує прогалини, що й нема посилання на закон про авторські суміжні права давно вже прийнятий який діє в інших законах, де теж є інтелектуальна власність.
ParlaMint-UA_2003-09-16-m0.u170.p5.sent5	Тому вважаємо, що він, якщо депутати схвалять, може бути прийнятий за основу в першому читанні з урахуванням зауважень і управління, і тих, що будуть мабуть від народних депутатів.
ParlaMint-UA_2003-09-16-m0.u171.p1.sent1	Шановні колеги!
ParlaMint-UA_2003-09-16-m0.u171.p1.sent2	Є запитання до Михайла Кузьмича?
ParlaMint-UA_2003-09-16-m0.u171.p1.sent3	будь ласка, тоді запишіться.
ParlaMint-UA_2003-09-16-m0.u171.p1.sent4	На табло, будь ласка, прізвища.
ParlaMint-UA_2003-09-16-m0.u171.p2.sent1	Володимир Єщенко, будь ласка.
ParlaMint-UA_2003-09-16-m0.u171.p2.sent2	Фракція комуністів.
ParlaMint-UA_2003-09-16-m0.u172.p1.sent1	Єщенко, фракція комуністів.
ParlaMint-UA_2003-09-16-m0.u172.p1.sent2	Михайло Кузьмич, я повністю підтримую ваш проект постанови Верховної Ради про прийняття за основу цього законопроекту.
ParlaMint-UA_2003-09-16-m0.u172.p1.sent3	Але в мене питання є і уточнення.
ParlaMint-UA_2003-09-16-m0.u172.p2.sent1	Як, на ваш погляд, регламентується поправками до законів України, і це питання задають і виборці успадкування і дарування, зв’язані з авторським правом і. правами.
ParlaMint-UA_2003-09-16-m0.u173.p1.sent1	Ну я хочу сказати, що цей закон взагалі вносить всі інші закони, нагадування, що у нас є основний закон про авторські суміжні права.
ParlaMint-UA_2003-09-16-m0.u173.p1.sent2	Стосовно цього питання це питання стосується внесення змін у Декрет Кабінету Міністрів про прибутковий податок з громадян.
ParlaMint-UA_2003-09-16-m0.u173.p1.sent3	І коли вносили там от ту поправку і вносили суб’єктів авторського права та суміжних прав розробники врахували, що потрібно пункт, де є формулювання що таке успадкування і дарування, але записати, що цей пункт діє стосовно прибутку на громадян, якщо суми одержано в результаті нотаріально оформлених успадкування і дарування.
ParlaMint-UA_2003-09-16-m0.u173.p1.sent4	Не так, що як кому Бог на душу послав, як кажуть.
ParlaMint-UA_2003-09-16-m0.u173.p1.sent5	Нотаріально оформлених успадкування і дарування.
ParlaMint-UA_2003-09-16-m0.u174.p1.sent1	Віктор Мусіяка, будь ласка.
ParlaMint-UA_2003-09-16-m0.u175.p1.sent1	Це я записався замість Мусіяки, його немає.
ParlaMint-UA_2003-09-16-m0.u175.p1.sent2	Я на його місці сидів, якщо дасте мені слово.
ParlaMint-UA_2003-09-16-m0.u176.p1.sent1	Сергій Дорогунцов.
ParlaMint-UA_2003-09-16-m0.u177.p1.sent1	Михайло Кузьмич, я підтримую проект, який доповідав тут керівник департаменту, і ви опонували йому, я підтримую.
ParlaMint-UA_2003-09-16-m0.u177.p2.sent1	А у мене питання таке.
ParlaMint-UA_2003-09-16-m0.u177.p2.sent2	От скажіть, будь ласка, як фахівець, ви не відчуваєте якихось незручностей, дискомфорту у зв’язку з тим, що у нас є десяток законів про інтелектуальну власність, а немає такого стержневого загального закон.
ParlaMint-UA_2003-09-16-m0.u177.p2.sent3	Наприклад, у нас є Лісовий кодекс, Земельний кодекс і так далі.
ParlaMint-UA_2003-09-16-m0.u177.p2.sent4	І є у той же час кодекс або постанови, Закон про охорону навколишнього природного середовища.
ParlaMint-UA_2003-09-16-m0.u177.p2.sent5	Це стержневий такий закон, а потім про рослинний світ, про тваринний.
ParlaMint-UA_2003-09-16-m0.u177.p2.sent6	У нас немає такого загального фундаментального Закону про інтелектуальну власність та її захист, а є про авторські і суміжні права, про товарні знаки і так далі, і так далі.
ParlaMint-UA_2003-09-16-m0.u178.p1.sent1	Я погоджуюся з вашим зауваженням, хоча в різних законах все це досить виписано, але ж рамкового такого закону і, справді, немає.
ParlaMint-UA_2003-09-16-m0.u178.p1.sent2	Це немає заперечення.
ParlaMint-UA_2003-09-16-m0.u179.p1.sent1	Баранівський Олександр, фракція Соціалістичної партії України.
ParlaMint-UA_2003-09-16-m0.u180.p1.sent1	Дякую, Володимире Михайловичу.
ParlaMint-UA_2003-09-16-m0.u180.p1.sent2	Олександр Баранівський, фракція соціалістів.
ParlaMint-UA_2003-09-16-m0.u180.p2.sent1	Шановний Михайло Кузьмич, скажіть, будь ласка, наскільки цей закон буде захищати наших авторів інтелектуальної власності від авторів інтелектуальної власності іноземних?
ParlaMint-UA_2003-09-16-m0.u180.p2.sent2	Що я маю на увазі.
ParlaMint-UA_2003-09-16-m0.u180.p2.sent3	Ну поглянемо, які б кінофільми не йшли сьогодні на екрані зарубіжного виробництва, є свої автори, книжка друкується в Україні в першу чергу зарубіжного видавництва або автора, бо вони можуть там проплатити відповідно.
ParlaMint-UA_2003-09-16-m0.u180.p2.sent4	Тобто вже сьогодні настав час захищати нашого автора від авторів зарубіжних.
ParlaMint-UA_2003-09-16-m0.u180.p2.sent5	Чи передбачає цей закон якусь перевагу для національної інтелектуальної власності.
ParlaMint-UA_2003-09-16-m0.u180.p2.sent6	Дякую.
ParlaMint-UA_2003-09-16-m0.u181.p1.sent1	На жаль, ці зміни, які вносяться в інші закони, це все ж таки зміни привести у відповідність фразеологію в інших законах, там, де йде мова про інтелектуальну власність з посиланням на Закон "Про авторське право і суміжні права".
ParlaMint-UA_2003-09-16-m0.u181.p1.sent2	Тут він свою роль, як кажуть, все ж таки виконує.
ParlaMint-UA_2003-09-16-m0.u181.p2.sent1	А стосовно вашого запитання воно все ж таки більш грунтовне.
ParlaMint-UA_2003-09-16-m0.u181.p2.sent2	Я б вам сказав, що потрібно закон, теж мабуть рамковий, але ж про захист вітчизняного виробника.
ParlaMint-UA_2003-09-16-m0.u181.p2.sent3	А цими законами от так, безпосередньо все ж таки він, як кажуть, стосується всіх.
ParlaMint-UA_2003-09-16-m0.u182.p1.sent1	Андрій Шкіль, будь ласка, фракція блоку Юлії Тимошенко.
ParlaMint-UA_2003-09-16-m0.u182.p1.sent2	Останнє запитання.
ParlaMint-UA_2003-09-16-m0.u183.p1.sent1	Дякую.
ParlaMint-UA_2003-09-16-m0.u183.p1.sent2	Шановний доповідачу!
ParlaMint-UA_2003-09-16-m0.u183.p1.sent3	Я повністю поділяю вашу позицію з того, що потрібен рамковий закон з приводу захисту вітчизняного виробника.
ParlaMint-UA_2003-09-16-m0.u183.p1.sent4	Але треба також говорити і про рамковий закон захисту інтелектуальної власності нашого виробника.
ParlaMint-UA_2003-09-16-m0.u183.p1.sent5	Тому що є люди, які виробляють тільки інтелектуальну продукцію, а вони зараз найнезахищеніша верства населення.
ParlaMint-UA_2003-09-16-m0.u183.p1.sent6	Це при тому, що творчий потенціал високий, вони намагаються десь себе продавати і торгувати інтелектуальним потенціалом, при тому що, я ще раз кажу, от при всіх там можна по-різному ставитися, але от у нас колишній народний депутат міг би заробити на одній тільки своїй пісні більше, ніж він заробив за всю історію свого перебування в цій сесійній залі.
ParlaMint-UA_2003-09-16-m0.u183.p1.sent7	Я думаю, що настав час.
ParlaMint-UA_2003-09-16-m0.u183.p1.sent8	Я хотів би закликати комітет і все-таки цей закон підготувати.
ParlaMint-UA_2003-09-16-m0.u183.p2.sent1	А тут у мене таке конкретне запитання.
ParlaMint-UA_2003-09-16-m0.u183.p2.sent2	Ви виклали, але все ж таки чому конкретно тільки у першому читання.
ParlaMint-UA_2003-09-16-m0.u183.p2.sent3	Ви дали технічні застереження.
ParlaMint-UA_2003-09-16-m0.u183.p2.sent4	Чи є більш серйозні, грунтовніші?
ParlaMint-UA_2003-09-16-m0.u183.p2.sent5	Дякую.
ParlaMint-UA_2003-09-16-m0.u184.p1.sent1	По-перше, я гадаю, що й депутати.
ParlaMint-UA_2003-09-16-m0.u184.p1.sent2	Але ж мені здається, не все ми врахували.
ParlaMint-UA_2003-09-16-m0.u184.p1.sent3	Це ж Кабінет Міністрів дає пропозиції.
ParlaMint-UA_2003-09-16-m0.u184.p1.sent4	А в народних депутатів будуть свої інші, все ж таки у першому.
ParlaMint-UA_2003-09-16-m0.u184.p2.sent1	І друге, на ваше друге питання, дуже важливе, це стосовно захисту інтелектуальної власності нашого виробника.
ParlaMint-UA_2003-09-16-m0.u184.p2.sent2	Учора було засідання урядового комітету, і там розглядалася програма по захисту інтелектуальної власності.
ParlaMint-UA_2003-09-16-m0.u184.p2.sent3	І мною були внесені пропозиції і урядовий комітет їх підтримав того плану, що нам потрібно зараз вже не тільки однобоко розглядати питання захисту інтелектуальної власності, нам потрібно цілу програму про створення умов розробки інтелектуальної власності на Україні, бо скоро нічого буде захищати.
ParlaMint-UA_2003-09-16-m0.u185.p1.sent1	Так, дякую, час вичерпаний.
ParlaMint-UA_2003-09-16-m0.u185.p1.sent2	Сідайте, будь ласка.
ParlaMint-UA_2003-09-16-m0.u185.p1.sent3	Переходимо до обговорення.
ParlaMint-UA_2003-09-16-m0.u185.p1.sent4	На табло прізвища народних депутатів дайте, будь ласка, що записалися на виступ.
ParlaMint-UA_2003-09-16-m0.u185.p1.sent5	Ми домовлялися 10 хвилин.
ParlaMint-UA_2003-09-16-m0.u185.p1.sent6	Я просив би вашого дозволу продовжити роботу Верховної Ради, ранкове засідання, на 10 хвилин для того, щоб ми могли обговорити це питання.
ParlaMint-UA_2003-09-16-m0.u185.p1.sent7	Слово має Кармазін Юрій Анатолійович, фракція "Наша Україна".
ParlaMint-UA_2003-09-16-m0.u185.p1.sent8	Підготуватися Володимиру Пузакову.
ParlaMint-UA_2003-09-16-m0.u186.p1.sent1	Шановні народні депутати!
ParlaMint-UA_2003-09-16-m0.u186.p2.sent1	Юрій Кармазін, Партія захисників вітчизни, "Солідарність", "Наша Україна".
ParlaMint-UA_2003-09-16-m0.u186.p3.sent1	Я вважаю, що зміни, які сьогодні вносяться, потребують на детальне обговорення через те, що ми весь час якось до другорядних речей звертаємо увагу.
ParlaMint-UA_2003-09-16-m0.u186.p3.sent2	Ось у цьому законопроекті, абсолютно я погоджуюсь з виступаючими від імені комітету, нашим колегою, депутатом про те, що дуже сильно полізли в закон про авторське право на об’єкти архітектурної діяльності.
ParlaMint-UA_2003-09-16-m0.u186.p3.sent3	На мій погляд, його треба виключати, не погоджуватися з урядом через те, що вже доходить до повного маразму.
ParlaMint-UA_2003-09-16-m0.u186.p4.sent1	Я показую вам статтю 31-у просто як ілюстрацію малесеньку - автор об’єкта архітектурної діяльності, - тобто оце все, що сьогодні будується в Києві, в інших містах, оці всі дебільні п’ятиповерхівки, триповерхівки, оці надбудови над мансардами, через які хати падають і будинки валяться, так от автору цієї діяльності належать особисті немайнові права, визначені законом, зокрема - і ви уточнюєте, які права, - зазначення на збудованому об’єкті архітектурної діяльності власного імені, імен співавторів.
ParlaMint-UA_2003-09-16-m0.u186.p5.sent1	Шановні!
ParlaMint-UA_2003-09-16-m0.u186.p5.sent2	Та проїдьтеся по Києву подивіться, що будується!
ParlaMint-UA_2003-09-16-m0.u186.p5.sent3	Абсолютно правильно було сказано про.
ParlaMint-UA_2003-09-16-m0.u186.p5.sent4	Коли дивишся, то боляче за Київ стає!
ParlaMint-UA_2003-09-16-m0.u186.p5.sent5	І там будемо ще імена викарбовувати і писати?
ParlaMint-UA_2003-09-16-m0.u186.p5.sent6	Та в кого глузду вистачило ще викарбовувати і писати?
ParlaMint-UA_2003-09-16-m0.u186.p5.sent7	Та в кого глузду оце вистачило це писати?
ParlaMint-UA_2003-09-16-m0.u186.p5.sent8	І ми це будемо приймати від імені Верховної Ради?
ParlaMint-UA_2003-09-16-m0.u186.p6.sent1	Я категорично вношу пропозицію: у випадку прийняття у першому читанні, це пропозиція Кармазіна, вилучити цей маразм просто як маразм, без пояснень.
ParlaMint-UA_2003-09-16-m0.u186.p7.sent1	Далі.
ParlaMint-UA_2003-09-16-m0.u186.p7.sent2	Шановні народні депутати, жалко, що немає зараз Голови Верховної Ради, тоді я звертаюся до Геннадія Андрійовича: впродовж кількох років я звертаю вашу увагу на те, що ми, народні депутати, працюємо по-чорному над цими текстами законопроектів.
ParlaMint-UA_2003-09-16-m0.u186.p7.sent3	Після прийняття закон це є наш продукт, нашої інтелектуальної власності - народних депутатів України і в цілому Верховної Ради України з її органами.
ParlaMint-UA_2003-09-16-m0.u186.p8.sent1	Чому тоді наш продукт інтелектуальний продають всі, хто завгодно: ліги, шміги і інші, інші організації, всі продають, друкують, відтворюють без ніяких відрахувань для Верховної Ради України.
ParlaMint-UA_2003-09-16-m0.u186.p8.sent2	Шановні, та ми можемо не бути на бюджеті, ми просто маємо отримувати свою частку за нашу інтелектуальну працю, більше - нічого.
ParlaMint-UA_2003-09-16-m0.u186.p8.sent3	І це нам дозволяє закон, і ми будемо на самофінансуванні.
ParlaMint-UA_2003-09-16-m0.u186.p9.sent1	Чому комерційні установи мають сьогодні продавати текст закону, спустіться вниз, подивіться в книгарню: вони продають наш закон, який ми з вами розробили і прийняли і вони отримують за це гроші.
ParlaMint-UA_2003-09-16-m0.u186.p9.sent2	Яке право хто це має і чому ви сидите і мовчите всі?
ParlaMint-UA_2003-09-16-m0.u186.p9.sent3	Департамент цілий інтелектуальної власності!
ParlaMint-UA_2003-09-16-m0.u186.p10.sent1	Взагалі я маю багато дуже претензій до цього департаменту саме через це, через відсутність контролю.
ParlaMint-UA_2003-09-16-m0.u186.p10.sent2	І тому я хотів би, щоб ви сьогодні підійшли, Геннадія Андрійовича прошу, що цих питань і до забезпечення авторського права парламенту, по-перше.
ParlaMint-UA_2003-09-16-m0.u186.p11.sent1	І по-друге, до того, що якщо ми записуємо такі речі, як ми хочемо міняти в декреті Кабінету Міністрів про прибутковий.
ParlaMint-UA_2003-09-16-m0.u186.p11.sent2	вибачте, про стандартизацію і сертифікацію, в декреті Кабінету Міністрів, виключити положення, за яким майнова частина авторського права на державні стандарти України належить державі, незалежно від джерел фінансування і розроблення, це частина 5 статті 15, виключається положення, за яким Державний комітет України по стандартизації, метрології, сертифікації здійснює функцію розпорядника майнової частини авторських прав стосовно державних стандартів, а також стандартів, правил, директив і рекомендацій міжнародних і регіональних.
ParlaMint-UA_2003-09-16-m0.u186.p11.sent3	Я закінчую.
ParlaMint-UA_2003-09-16-m0.u186.p12.sent1	То я хочу запитати: якщо ми це виключаємо, то на користь кого це буде, кому це буде вигідно?
ParlaMint-UA_2003-09-16-m0.u186.p12.sent2	Я знову звертаюсь до комітету: вилучите це, не давайте проходити таким речам.
ParlaMint-UA_2003-09-16-m0.u186.p12.sent3	Хай це залишається у власності держави, хай держава хоч щось з цього отримає.
ParlaMint-UA_2003-09-16-m0.u186.p12.sent4	Дякую.
ParlaMint-UA_2003-09-16-m0.u187.p1.sent1	Дуже актуальне питання підняв Юрій Анатолійович.
ParlaMint-UA_2003-09-16-m0.u187.p1.sent2	Треба це мати на увазі.
ParlaMint-UA_2003-09-16-m0.u187.p2.sent1	Слово надається Пузакову, Володимиру Пузакову.
ParlaMint-UA_2003-09-16-m0.u187.p2.sent2	Наступний Яворівський.
ParlaMint-UA_2003-09-16-m0.u188.p1.sent1	Володимир Пузаков, фракція Комуністичної партії України, Кіровоградщина.
ParlaMint-UA_2003-09-16-m0.u188.p2.sent1	Цілком слушно винесено на сесію питання змін до законів про захист інтелектуальної власності у нашій державі.
ParlaMint-UA_2003-09-16-m0.u188.p2.sent2	Всім відомо, що нині, в стрімкий і бурхливий розвиток науково-технічного прогресу виграє в світі та держава, яка зуміє захистити свою інтелектуальну власність, надбання наукової, розумової діяльності всього населення.
ParlaMint-UA_2003-09-16-m0.u188.p3.sent1	Радянська держава здійснила небувалий в історії розвитку світової науки вибуховий прорив у створенні інтелектуальної бази для забезпечення індустріального скачка в широку-широку загальнолюдську цивілізацію.
ParlaMint-UA_2003-09-16-m0.u188.p3.sent2	Неспроста діяльність освітніх закладів, навчання, зміст освіти, устрімлення і результати наукових відкриттів, раціоналізаторських осередків визнані найкращими.
ParlaMint-UA_2003-09-16-m0.u188.p3.sent3	І ніхто не міг зрівнятися у світі з темпами росту і якістю наукових досліджень, зросту кількості науковців та вчених.
ParlaMint-UA_2003-09-16-m0.u188.p4.sent1	В основі розвитку загальноосвітньої школи були покладені математично-гуманітарні напрями, і це виправдало себе.
ParlaMint-UA_2003-09-16-m0.u188.p4.sent2	Зараз навіть в дні святкування 85-ї річниці від дня народження Сухомлинського починають стверджувати, що математичне спрямування нікому не потрібне, то лише радянські забаганки, тому варто зробити ухил лише гуманітарний.
ParlaMint-UA_2003-09-16-m0.u188.p4.sent3	Всім зрозуміло, що це злочин.
ParlaMint-UA_2003-09-16-m0.u188.p4.sent4	І необхідно ввести в закон вимогу про захист математично-гуманітарно-технічного спрямування в освіті.
ParlaMint-UA_2003-09-16-m0.u188.p5.sent1	Вихована велика кількість інженерів, агрономів, зоотехніків, економістів, учителів, лікарів, вчених у різних галузях стала нікому не потрібна.
ParlaMint-UA_2003-09-16-m0.u188.p5.sent2	Цей золотий фонд жорстоко розбазарюється.
ParlaMint-UA_2003-09-16-m0.u188.p5.sent3	Інженера, зоотехніка, вченого агронома не зустріти на селі, бо в забур’янених зарослях чагарником, зруйнованих тракторних бригад, ферм, вони просто не потрібні.
ParlaMint-UA_2003-09-16-m0.u188.p5.sent4	Інфраструктура великих механізованих господарств знищена.
ParlaMint-UA_2003-09-16-m0.u188.p6.sent1	Чи варта увага влади, яка знищила той вражений потенціал могутності держави велику інтелектуальну власність народу.
ParlaMint-UA_2003-09-16-m0.u188.p7.sent1	Так.
ParlaMint-UA_2003-09-16-m0.u188.p7.sent2	Вона варта кардинального осуду абсолютної вимоги припинити винищення кадрів технологічного спрямування, спеціалістів освіти загальної і вищої школи, культури, котрим не створені умови життєдіяльності.
ParlaMint-UA_2003-09-16-m0.u188.p7.sent3	Саме цю вимогу необхідно дописати до законодавства про збереження інтелектуальної власності.
ParlaMint-UA_2003-09-16-m0.u188.p7.sent4	У закон вкрай необхідно внести вимоги про вивчення причини розгрому наявних.
ParlaMint-UA_2003-09-16-m0.u188.p7.sent5	,кадрів, технологій, напрямків наукових розробок з метою його припинення.
ParlaMint-UA_2003-09-16-m0.u188.p8.sent1	Треба підняти рівень патріотизму, тобто загального настрою, зацікавленості держави в їх діяльності на благо народу, в ім’я могутності та незалежності України.
ParlaMint-UA_2003-09-16-m0.u188.p8.sent2	Адже цінність праці вченого, освіченого, інтелектуального, розвинутого діяча витрачена, а це значить витрачена привабливість науки і праці вченого.
ParlaMint-UA_2003-09-16-m0.u188.p8.sent3	В таких умовах немає захисту інтелектуальній власності.
ParlaMint-UA_2003-09-16-m0.u188.p9.sent1	Якщо сьогодні ми не зробимо докорінної перебудови в цьому законі органами державного забезпечення, Україна буде відкинута в епоху середньовічча.
ParlaMint-UA_2003-09-16-m0.u188.p9.sent2	Дякую.
ParlaMint-UA_2003-09-16-m0.u189.p1.sent1	Дяку.
ParlaMint-UA_2003-09-16-m0.u189.p1.sent2	Володимир Яворівський, будь ласка.
ParlaMint-UA_2003-09-16-m0.u190.p1.sent1	Володимир Яворівський, Жовківський і Яворівський райони, голова Національної спілки письменників України.
ParlaMint-UA_2003-09-16-m0.u190.p2.sent1	Шановні народні депутати, а для того, щоб не дратувати депутата Шевчука, то я скажу золотий залишок народних депутатів, які тут є.
ParlaMint-UA_2003-09-16-m0.u190.p3.sent1	Коли Олександр Мокедонський повертався із свого чергового переможного походу філософ Діоген сидів, грався на сонечку.
ParlaMint-UA_2003-09-16-m0.u190.p3.sent2	Македонський підходить до нього і каже: "Скажи, що для тебе зробити, і я для тебе все зроблю".
ParlaMint-UA_2003-09-16-m0.u190.p3.sent3	Діоген подумав і сказав: "Не заступай мені сонце".
ParlaMint-UA_2003-09-16-m0.u190.p4.sent1	Я думаю, що точнісінько так само сьогодні може сказати українська інтелігенція, творча інтелігенція, технічна інтелігенція, тобто носії національного інтелекту можуть точнісінько так само сказати до нашої сьогоднішньої влади.
ParlaMint-UA_2003-09-16-m0.u190.p5.sent1	Я хотів би просто владі нагадати про те, що саме завдяки інтелігенції, національно свідомій інтелігенції була проголошена і українська держава, в принципі, була прийнята Конституція, і ви існуєте, шановні, і міністри, і Президент.
ParlaMint-UA_2003-09-16-m0.u190.p5.sent2	І тільки через те, що ця демократична, мирна революція.
ParlaMint-UA_2003-09-16-m0.u190.p6.sent1	Ми сьогодні з вами повинні констатувати факт катастрофи духовної в Україні.
ParlaMint-UA_2003-09-16-m0.u190.p6.sent2	Вона абсолютно очевидна.
ParlaMint-UA_2003-09-16-m0.u190.p6.sent3	Я очолюю Спілку письменників і найближче знаю книговидавничу справу, захист прав, скажімо, письменників.
ParlaMint-UA_2003-09-16-m0.u190.p6.sent4	За 12 років люди забули, що таке є слово "гонорар".
ParlaMint-UA_2003-09-16-m0.u190.p6.sent5	Я стою перед вами, який видав останнім часом чотири книжки: роман-публіцистика "Що ж ми за народ такий".
ParlaMint-UA_2003-09-16-m0.u190.p6.sent6	Я не отримав фактично ні копійки гонорару.
ParlaMint-UA_2003-09-16-m0.u190.p6.sent7	Що вже казати про інших людей.
ParlaMint-UA_2003-09-16-m0.u190.p6.sent8	Раніше сяк-так був все-таки УАП або ВААП, так званий, якісь там гроші залишалися у Москві, за видання, скажімо, мої за кордоном щось мені капало і сюди.
ParlaMint-UA_2003-09-16-m0.u190.p6.sent9	Сьогодні абсолютно покинуті напризволяще.
ParlaMint-UA_2003-09-16-m0.u190.p7.sent1	Тут була цікава думка , і вона є у цьому законопроекті, про те, що треба писати прізвище архітектора на будинку.
ParlaMint-UA_2003-09-16-m0.u190.p7.sent2	Я не проти, хоч я переконаний, що якби зараз написати всі прізвища, то багато хто із існуючих, можливо, і покінчив би життя самогубством.
ParlaMint-UA_2003-09-16-m0.u190.p8.sent1	Я вважаю, що якщо ця позиція пройде у законі, то давайте будемо писати з чиєї ідеї, скажімо, збудовано цей будинок.
ParlaMint-UA_2003-09-16-m0.u190.p8.sent2	Бо я вам нагадаю, дорогі мої колеги, ми з вами прийняли постанову от тут на майдані цьому біля "Арсеналу" збудувати музей голодомору.
ParlaMint-UA_2003-09-16-m0.u190.p8.sent3	Ви знаєте, що там будується сьогодні?
ParlaMint-UA_2003-09-16-m0.u190.p8.sent4	Кабінет Міністрів уже практично таємно будує будинок, елітний будинок для своїх людей, абсолютно проігнорувавши нашу з вами постанову.
ParlaMint-UA_2003-09-16-m0.u190.p9.sent1	Через те я ще раз хочу сказати, сьогоднішній владі інтелігенція і її інтелект не потрібні.
ParlaMint-UA_2003-09-16-m0.u190.p10.sent1	Є прекрасна фраза про те, що інтелектуальна власність - це те, що залишається після всього, коли все вже розкрадено.
ParlaMint-UA_2003-09-16-m0.u190.p10.sent2	Через те Україна ще має сьогодні трішки інтелектуальної власності, хоч дуже багато спродано на захід за безцінь.
ParlaMint-UA_2003-09-16-m0.u190.p10.sent3	Через те я переконаний, що цей рахітичний закон - він дуже рахітичний - треба хоча б його прийняти.
ParlaMint-UA_2003-09-16-m0.u190.p10.sent4	А потім його те, що казав і Кармазін, його потрібно обов’язково нарощувати.
ParlaMint-UA_2003-09-16-m0.u190.p10.sent5	Якщо ми як нація не захистимо своєї інтелектуальної власності, ми в цьому світі нікому не будемо потрібні.
ParlaMint-UA_2003-09-16-m0.u190.p10.sent6	Навіть тій самій Росії, яка сьогодні за поли нас тягне не знаєте куди.
ParlaMint-UA_2003-09-16-m0.u190.p10.sent7	Дякую.
ParlaMint-UA_2003-09-16-m0.u191.p1.sent1	Дякую.
ParlaMint-UA_2003-09-16-m0.u191.p1.sent2	Володимир Кирилович Черняк.
ParlaMint-UA_2003-09-16-m0.u191.p1.sent3	З місця хвилина.
ParlaMint-UA_2003-09-16-m0.u191.p1.sent4	З місця, будь ласка.
ParlaMint-UA_2003-09-16-m0.u191.p1.sent5	Час вичерпано.
ParlaMint-UA_2003-09-16-m0.u192.p1.sent1	Шановні колеги!
ParlaMint-UA_2003-09-16-m0.u192.p1.sent2	В зв’язку з прийняттям законопроекту закону про авторські та суміжні права виникла необхідність привести інші закони у відповідність з цим законом.
ParlaMint-UA_2003-09-16-m0.u192.p1.sent3	Це взагалі технічне питання, процедурне питання і тут, я думаю, немає потреби довго про це говорити.
ParlaMint-UA_2003-09-16-m0.u192.p1.sent4	Потрібно усунути суперечності, узгодити.
ParlaMint-UA_2003-09-16-m0.u192.p1.sent5	І це нормально, це рутинна робота Верховної Ради, яку треба виконати.
ParlaMint-UA_2003-09-16-m0.u192.p1.sent6	Але якщо дивитися далі, то виникають питання як бути далі.
ParlaMint-UA_2003-09-16-m0.u192.p1.sent7	В зв’язку з цим, на мій погляд, по-перше, це потрібно подбати про створення сприятливих умов для продукування інтелектуальної власності в Україні.
ParlaMint-UA_2003-09-16-m0.u192.p1.sent8	Це питання, яке має багато аспектів.
ParlaMint-UA_2003-09-16-m0.u192.p2.sent1	Друге.
ParlaMint-UA_2003-09-16-m0.u192.p2.sent2	Потрібно створити систему захисту авторських прав.
ParlaMint-UA_2003-09-16-m0.u192.p2.sent3	Наголошую, систему.
ParlaMint-UA_2003-09-16-m0.u192.p2.sent4	Наших композиторів, поетів, виконавців, скульпторів, архітекторів.
ParlaMint-UA_2003-09-16-m0.u192.p3.sent1	І по-третє, потрібно подбати про те, щоб не ігнорувались права і не ігнорувалась воля народу, воля виборців, воля глядачів, слухачів.
ParlaMint-UA_2003-09-16-m0.u192.p3.sent2	Дуже часто чиновники ігнорують цю волю.
ParlaMint-UA_2003-09-16-m0.u192.p3.sent3	Тут вже декілька разів говорилося про те.
ParlaMint-UA_2003-09-16-m0.u192.p3.sent4	що невдоволені люди Майданом Незалежності.
ParlaMint-UA_2003-09-16-m0.u192.p3.sent5	В зв’язку з цим я вношу пропозицію.
ParlaMint-UA_2003-09-16-m0.u192.p3.sent6	Нам потрібно прийняти закон, відповідно до якого захистити права всіх причетних до створення ансамблю майдана Незалежності і спорудити стелю.
ParlaMint-UA_2003-09-16-m0.u192.p3.sent7	І на цій стелі викарбувати прізвища керівників міста, чиновників від архітектури, виконавців, будівельників.
ParlaMint-UA_2003-09-16-m0.u192.p3.sent8	всіх інших, щоб Батьківщина знала своїх героїв.
ParlaMint-UA_2003-09-16-m0.u192.p3.sent9	Дякую.
ParlaMint-UA_2003-09-16-m0.u193.p1.sent1	Спасибі.
ParlaMint-UA_2003-09-16-m0.u193.p1.sent2	Розгляд питання завершено.
ParlaMint-UA_2003-09-16-m0.u193.p2.sent1	Ранкове засідання Верховної Ради України оголошується закритим.
ParlaMint-UA_2003-09-16-m0.u193.p2.sent2	Вечірнє засідання відбудеться о 16 годині.
ParlaMint-UA_2003-09-16-m0.u193.p2.sent3	На все добре.
