id	text
ParlaMint-UA_2004-10-19-m1.u1.p1.sent1	Запросіть народних депутатів, будь ласка, до сесійної зали.
ParlaMint-UA_2004-10-19-m1.u1.p1.sent2	Прошу, шановні колеги, підготуватися до реєстрації.
ParlaMint-UA_2004-10-19-m1.u1.p1.sent3	Ввімкніть систему "Рада".
ParlaMint-UA_2004-10-19-m1.u1.p2.sent1	Зареєструвалося -258
ParlaMint-UA_2004-10-19-m1.u1.p3.sent1	В сесійній залі зареєструвалося 258 народних депутатів.
ParlaMint-UA_2004-10-19-m1.u1.p3.sent2	Вечірнє засідання Верховної Ради України оголошую відкритим.
ParlaMint-UA_2004-10-19-m1.u1.p4.sent1	Шановні колеги.
ParlaMint-UA_2004-10-19-m1.u1.p4.sent2	По фракціях?
ParlaMint-UA_2004-10-19-m1.u1.p4.sent3	Будь ласка.
ParlaMint-UA_2004-10-19-m1.u1.p4.sent4	Раз ви наполягаєте, зачитаю.
ParlaMint-UA_2004-10-19-m1.u1.p5.sent1	"Наша Україна" - 0.
ParlaMint-UA_2004-10-19-m1.u1.p5.sent2	Ні, це тут голосування дали.
ParlaMint-UA_2004-10-19-m1.u1.p5.sent3	Прошу дати на табло реєстрацію, будь ласка.
ParlaMint-UA_2004-10-19-m1.u1.p5.sent4	Зараз дадуть реєстрацію.
ParlaMint-UA_2004-10-19-m1.u1.p5.sent5	А, справа я дивлюся, шановні колеги, вибачте.
ParlaMint-UA_2004-10-19-m1.u1.p6.sent1	Сто.
ParlaMint-UA_2004-10-19-m1.u1.p6.sent2	"Регіони України" - 0.
ParlaMint-UA_2004-10-19-m1.u1.p6.sent3	"Наша Україна" - 100, "Регіони України" - 0, фракція комуністів - 59, СДПУ (о) - 0, "Трудова Україна" - 0, Народна аграрна - 18, СПУ - 20, Блок Тимошенко - 19, "Союз" - 0, "Єдина Україна" - 0, "Центр" - 15, НДП, промисловці і підприємці - 6, "Демократичні ініціативи" - 5, "Позафракційні" - 16.
ParlaMint-UA_2004-10-19-m1.u1.p7.sent1	Шановні колеги, оголошується до розгляду проект Закону про затвердження прожиткового мінімуму на 2005 рік.
ParlaMint-UA_2004-10-19-m1.u1.p7.sent2	Друге читання.
ParlaMint-UA_2004-10-19-m1.u1.p7.sent3	Реєстраційний номер 6032.
ParlaMint-UA_2004-10-19-m1.u1.p7.sent4	Комітет, будь ласка.
ParlaMint-UA_2004-10-19-m1.u1.p7.sent5	Хто буде доповідати?
ParlaMint-UA_2004-10-19-m1.u1.p7.sent6	Написано, що доповідає Хара.
ParlaMint-UA_2004-10-19-m1.u1.p7.sent7	Немає?
ParlaMint-UA_2004-10-19-m1.u1.p7.sent8	Значить, будемо обговорювати документ.
ParlaMint-UA_2004-10-19-m1.u1.p7.sent9	Це друге читання, шановні колеги.
ParlaMint-UA_2004-10-19-m1.u1.p7.sent10	Значить, шановні колеги, візьміть таблицю, йдемо по поправках.
ParlaMint-UA_2004-10-19-m1.u1.p8.sent1	Перша поправка врахована частково в прикінцевих положеннях.
ParlaMint-UA_2004-10-19-m1.u1.p8.sent2	Хто наполягає на цій поправці?
ParlaMint-UA_2004-10-19-m1.u1.p8.sent3	Будь ласка, Пинзеник як автор поправки.
ParlaMint-UA_2004-10-19-m1.u2.p1.sent1	Шановні народні депутати!
ParlaMint-UA_2004-10-19-m1.u2.p1.sent2	Згідно з Законом "Про прожитковий мінімум", він має вираховувати темпи зростання споживчих цін.
ParlaMint-UA_2004-10-19-m1.u2.p2.sent1	При затверджені прожиткового мінімуму на цей рік інфляція, урядовий показник, була занижена на 40 відсотків, вона виявилася на 40 відсотків більше.
ParlaMint-UA_2004-10-19-m1.u2.p2.sent2	Підніміть офіційно статистику цього року, інфляція значно вище ніж подав у розрахунках уряд.
ParlaMint-UA_2004-10-19-m1.u2.p2.sent3	А, якщо ви подивитесь на прилавки магазинів, то вже коло кожного цінника стоїть міліціонер, замість ловити злочинця, тримає роздрібні ціни.
ParlaMint-UA_2004-10-19-m1.u2.p3.sent1	Саме тому внесена поправа Віктором Ющенко, Віктором Пинзеником, яка враховує реальний розмір зміни цін, яка і передбачає встановлення прожиткового мінімуму на рівні 423 гривні, а не 382 гривні як запропоновано урядом.
ParlaMint-UA_2004-10-19-m1.u2.p3.sent2	Прошу шановних депутатів підтримати цю правку.
ParlaMint-UA_2004-10-19-m1.u3.p1.sent1	Шановні колеги!
ParlaMint-UA_2004-10-19-m1.u3.p1.sent2	Я ставлю на голосування поправку №1.
ParlaMint-UA_2004-10-19-m1.u3.p1.sent3	Зміст цієї поправки щойно пояснив народний депутат Пинзеник.
ParlaMint-UA_2004-10-19-m1.u3.p2.sent1	За-189
ParlaMint-UA_2004-10-19-m1.u3.p3.sent1	Поправка не врахована.
ParlaMint-UA_2004-10-19-m1.u3.p3.sent2	Поправка №2. Борис Беспалий, наполягаєте на ній?
ParlaMint-UA_2004-10-19-m1.u3.p3.sent3	Будь ласка, мікрофон Бориса Беспалого.
ParlaMint-UA_2004-10-19-m1.u4.p1.sent1	Борис Беспалий, Блок Віктора Ющенка.
ParlaMint-UA_2004-10-19-m1.u4.p2.sent1	Шановні колеги!
ParlaMint-UA_2004-10-19-m1.u4.p2.sent2	Справа в тому, що прожитковий мінімум - це величина розрахункова, а не емоційна.
ParlaMint-UA_2004-10-19-m1.u4.p2.sent3	На момент, коли затверджувався він в першому читанні були одні ціни, а сьогодні ціни на, особливо, на продовольчі товари значно підвищилися.
ParlaMint-UA_2004-10-19-m1.u4.p2.sent4	Я не буду говорити, хто в цьому винен, хоча усі знають, що винен у цьому уряд.
ParlaMint-UA_2004-10-19-m1.u4.p3.sent1	Тепер друга частина.
ParlaMint-UA_2004-10-19-m1.u4.p3.sent2	Ви, будь ласка, вслухайтесь як звучать слова - "прожитковий мінімум", тобто ця мінімальна величина за яку люди можуть прожити, а не так, як зараз деякі - ні жити, ні вмерти.
ParlaMint-UA_2004-10-19-m1.u4.p4.sent1	Тому, враховуючи, що за ці гроші треба прожити на будь-якій території, а маю честь представляти місто Київ, де ціни дещо вищі, тому, мені здається, що навіть запропонований колегами прожитковий мінімум дещо занижений.
ParlaMint-UA_2004-10-19-m1.u4.p4.sent2	Я пропоную його встановити на рівні 500 гривень і прошу всіх дуже підтримати.
ParlaMint-UA_2004-10-19-m1.u5.p1.sent1	Шановні колеги!
ParlaMint-UA_2004-10-19-m1.u5.p1.sent2	Я ставлю на голосування поправку другу Бориса Беспалого, щойно він озвучив цю поправку.
ParlaMint-UA_2004-10-19-m1.u5.p2.sent1	За-185
ParlaMint-UA_2004-10-19-m1.u5.p3.sent1	Рішення не прийнято.
ParlaMint-UA_2004-10-19-m1.u5.p4.sent1	По фракціях, будь ласка.
ParlaMint-UA_2004-10-19-m1.u5.p5.sent1	Наша Україна - 94, Регіони України - 0, фракція комуністів - 51, СДПУ(о) - 0, Демініціативи - Народовладдя - 1, Трудова Україна - 0 , Народна аграрна партія - 10, СПУ - 11, Блок Тимошенко - 3, Союз - 0, Єдина Україна - 0, НДП, промисловці і підприємці - 3, Центр - 4, позафракційні - 8.
ParlaMint-UA_2004-10-19-m1.u5.p6.sent1	Поправка номер чотири Ніколаєнка, будь ласка.
ParlaMint-UA_2004-10-19-m1.u5.p6.sent2	Є Станіслав Ніколаєнко?
ParlaMint-UA_2004-10-19-m1.u5.p6.sent3	Немає.
ParlaMint-UA_2004-10-19-m1.u5.p7.sent1	П’ята, шоста, сьома і восьма поправка Бориса Беспалого.
ParlaMint-UA_2004-10-19-m1.u5.p7.sent2	Зразу будемо голосувати за всі.
ParlaMint-UA_2004-10-19-m1.u5.p7.sent3	Будь ласка, мікрофон.
ParlaMint-UA_2004-10-19-m1.u6.p1.sent1	Шановні колеги!
ParlaMint-UA_2004-10-19-m1.u6.p1.sent2	Я зразу по цих всіх поправках хотів би проаргументувати, тому що вони є однотипні.
ParlaMint-UA_2004-10-19-m1.u6.p1.sent3	Я все ж таки думаю, що або не всі ще просто зорієнтувалися після перерви, тому що прожитковий мінімум нам треба встановити, без цього не можна приймати державний бюджет.
ParlaMint-UA_2004-10-19-m1.u6.p1.sent4	І хоча урядовий проект бюджету нікуди не годиться, але ж бюджет Україні потрібен.
ParlaMint-UA_2004-10-19-m1.u6.p1.sent5	Тому пропозиція фракції Блоку Віктора Ющенка полягає у наступному.
ParlaMint-UA_2004-10-19-m1.u6.p1.sent6	Ми зараз маємо проголосувати реалістичний прожитковий мінімум, за який люди можуть проіснувати.
ParlaMint-UA_2004-10-19-m1.u6.p1.sent7	Це перше.
ParlaMint-UA_2004-10-19-m1.u6.p2.sent1	І друге.
ParlaMint-UA_2004-10-19-m1.u6.p2.sent2	Прожитковий мінімум насправді не пов’язаний з якимись теоретичними бюджетними розрахунками, він пов’язаний і прив’язаний тільки до мінімального споживчого кошику на продовольчу і непродовольчу групу.
ParlaMint-UA_2004-10-19-m1.u6.p2.sent3	І оскільки такий мінімум сьогодні ніяк не є меншим за 500 гривень, то я, дорогі друзі, прошу обов’язково це проголосувати і наших людей не морити голодом.
ParlaMint-UA_2004-10-19-m1.u6.p3.sent1	Шановні колеги, я ставлю поправки, вони однотипні - п’ята, шоста, сьома і восьма поправки Бориса Беспалого на голосування.
ParlaMint-UA_2004-10-19-m1.u6.p4.sent1	За-212
ParlaMint-UA_2004-10-19-m1.u6.p5.sent1	Не враховані поправки.
ParlaMint-UA_2004-10-19-m1.u6.p6.sent1	Дев’ята поправка.
ParlaMint-UA_2004-10-19-m1.u6.p6.sent2	Петро Цибенко, будь ласка.
ParlaMint-UA_2004-10-19-m1.u6.p6.sent3	Мікрофон ввімкніть.
ParlaMint-UA_2004-10-19-m1.u6.p6.sent4	Прошу уваги!
ParlaMint-UA_2004-10-19-m1.u7.p1.sent1	Спасибі, Володимире Михайловичу.
ParlaMint-UA_2004-10-19-m1.u7.p1.sent2	Фракція комуністів, Цибенко.
ParlaMint-UA_2004-10-19-m1.u7.p2.sent1	Шановні колеги, у програмі, передвиборній програмі кандидата в Президенти України Петра Миколайовича Симоненка чітко розписано прожитковий мінімум, який має складати, на його думку, 792 гривні і є механізм досягнення цієї цифри.
ParlaMint-UA_2004-10-19-m1.u7.p2.sent2	Я пропоную як проміжний етап наближення до цієї суми затвердити прожитковий мінімум для непрацюючих у розмірі 500 гривень.
ParlaMint-UA_2004-10-19-m1.u7.p2.sent3	Я думаю, що це має забезпечити хоча б якесь виживання людини в сьогоднішніх умовах - умовах різкого зростання, буквально стрибка цін.
ParlaMint-UA_2004-10-19-m1.u7.p2.sent4	Тому, Шановні колеги, я закликаю вас підтримати той показник, який є у дев’ятій поправці.
ParlaMint-UA_2004-10-19-m1.u7.p2.sent5	Дякую.
ParlaMint-UA_2004-10-19-m1.u8.p1.sent1	Шановні колеги, прошу уваги!
ParlaMint-UA_2004-10-19-m1.u8.p2.sent1	Ставиться на голосування поправка номер 9, народний депутат Цибенко - автор цієї поправки.
ParlaMint-UA_2004-10-19-m1.u8.p3.sent1	За-195
ParlaMint-UA_2004-10-19-m1.u8.p4.sent1	Рішення не прийнято.
ParlaMint-UA_2004-10-19-m1.u8.p5.sent1	Шановні колеги.
ParlaMint-UA_2004-10-19-m1.u8.p5.sent2	По фракціях, будь ласка.
ParlaMint-UA_2004-10-19-m1.u8.p6.sent1	“Наша Україна" - 87, "Регіони України" - 0, Фракція комуністів - 57, СДПУ(о) - 0, "Трудова Україна" - 0, Народна аграрна партія - 6, СПУ - 17, Блок Тимошенко - 17, "Союз" - 0, "Єдина Україна" - 0, "Центр" - 6, НДП та ПППУ - 0, "Демініціативи" і "Народовладдя" - 0, Позафракційні - 5.
ParlaMint-UA_2004-10-19-m1.u8.p7.sent1	Шановні колеги, всі поправки, на яких наполягали народні депутати, проголосовані.
ParlaMint-UA_2004-10-19-m1.u8.p7.sent2	Я прошу від уряду, будь ласка.
ParlaMint-UA_2004-10-19-m1.u8.p7.sent3	Позиція уряду.
ParlaMint-UA_2004-10-19-m1.u8.p7.sent4	Гнибіденко Іван Федорович.
ParlaMint-UA_2004-10-19-m1.u8.p7.sent5	Правильно?
ParlaMint-UA_2004-10-19-m1.u8.p7.sent6	Перший заступник міністра праці та соціальної політики.
ParlaMint-UA_2004-10-19-m1.u8.p8.sent1	Шановні колеги, підготуйтеся до голосування.
ParlaMint-UA_2004-10-19-m1.u8.p8.sent2	Одну хвилиночку, зараз висту.
ParlaMint-UA_2004-10-19-m1.u8.p8.sent3	Одну хвилинку.
ParlaMint-UA_2004-10-19-m1.u8.p8.sent4	Мікрофон, ввімкніть, будь ласка, урядову трибуну.
ParlaMint-UA_2004-10-19-m1.u8.p8.sent5	Кнопку натисніть, будь ласка.
ParlaMint-UA_2004-10-19-m1.u8.p8.sent6	Ну, допоможіть там ввімкнути.
ParlaMint-UA_2004-10-19-m1.u9.p1.sent1	Шановний Володимире Михайловичу, шановні народні депутати.
ParlaMint-UA_2004-10-19-m1.u9.p1.sent2	Комітет соціальної політики та праці опрацював, я думаю, нормальне доповнення до законопроекту і вніс запропоновані до другого читання доповнення.
ParlaMint-UA_2004-10-19-m1.u9.p1.sent3	Вони стосуються того, щоб після того, коли затвердиться у запропонованому вигляді прожитковий мінімум доповнити його таким змістом.
ParlaMint-UA_2004-10-19-m1.u9.p1.sent4	Внести до закону України до цього щодо збільшення розміру.
ParlaMint-UA_2004-10-19-m1.u9.p1.sent5	мінімуму на суму податків з доходів фізичних осіб, це ми зробимо.
ParlaMint-UA_2004-10-19-m1.u9.p1.sent6	І зараз комісія працює, переглядає набори продуктів харчування непродовльчих товарів та послуг для визначення прожиткового мінімуму на наступний рік.
ParlaMint-UA_2004-10-19-m1.u9.p1.sent7	І будемо переглядати разом з вами прожитковий мінімум відповідно до індексу цін, якщо він буде змінюватись так різко.
ParlaMint-UA_2004-10-19-m1.u9.p1.sent8	На це у мене такі пропозиції, врахувати те, що зробив Комітет із питань соціальної політики та праці і уряд підтримує ці пропозиції.
ParlaMint-UA_2004-10-19-m1.u9.p1.sent9	Дякую.
ParlaMint-UA_2004-10-19-m1.u10.p1.sent1	З мотивів, будь ласка, три хвилини.
ParlaMint-UA_2004-10-19-m1.u10.p1.sent2	Запишіться, будь ласка.
ParlaMint-UA_2004-10-19-m1.u10.p1.sent3	Запишіться, хвилини.
ParlaMint-UA_2004-10-19-m1.u10.p1.sent4	На табло прізвища народних депутатів, що записалися.
ParlaMint-UA_2004-10-19-m1.u10.p1.sent5	Будь ласка, Борис Беспалий.
ParlaMint-UA_2004-10-19-m1.u11.p1.sent1	Шановні колеги, Борис Беспалий, Блок Віктора Ющенка, "Наша Україна".
ParlaMint-UA_2004-10-19-m1.u11.p2.sent1	Я думаю, що тут все ж таки, можливо, був якийсь дух непорозуміння.
ParlaMint-UA_2004-10-19-m1.u11.p2.sent2	І я пропоную, по-перше, повернутися до розгляду поправок до цього законопроекту і підтримати прожитковий мінімум 500 гривень.
ParlaMint-UA_2004-10-19-m1.u11.p3.sent1	І прошу ще передати слово В’ячеславу Кириленко.
ParlaMint-UA_2004-10-19-m1.u12.p1.sent1	В’ячеслав Кириленко, 40 секунд, будь ласка.
ParlaMint-UA_2004-10-19-m1.u13.p1.sent1	В’ячеслав Кириленко, Блок Віктора Ющенка, Українська народна партія.
ParlaMint-UA_2004-10-19-m1.u13.p2.sent1	Шановні колеги.
ParlaMint-UA_2004-10-19-m1.u13.p2.sent2	Я як член Комітету з питань соціальної політики мушу сказати, що далеко не одностайно всі підтримували цю таблицю.
ParlaMint-UA_2004-10-19-m1.u13.p2.sent3	Тому що основний кошик по продовольчих і непродовольчих товарах співвіднесений до старих цін.
ParlaMint-UA_2004-10-19-m1.u13.p2.sent4	Тому 382 гривні, як стоїть це зараз, це не є жодним прожитковим мінімумом.
ParlaMint-UA_2004-10-19-m1.u13.p2.sent5	Тепер після різкого стрибка цін прожити на це жодна соціально демографічна група невзмозі.
ParlaMint-UA_2004-10-19-m1.u13.p2.sent6	Тому я пропоную або повернутися до голосування поправок, або уряду запропонувати відкликати цей законопроект і внести реалістичний - 432 гривні хоча би прожитковий мінімум.
ParlaMint-UA_2004-10-19-m1.u14.p1.sent1	Будь ласка, Цибенко, за ним Вернигора.
ParlaMint-UA_2004-10-19-m1.u15.p1.sent1	Прошу передати слово Гмирі.
ParlaMint-UA_2004-10-19-m1.u16.p1.sent1	Мікрофон, будь ласка, Гмирі.
ParlaMint-UA_2004-10-19-m1.u17.p1.sent1	Спасибо.
ParlaMint-UA_2004-10-19-m1.u17.p1.sent2	Уважаемые коллеги, поскольку большинство бросило не свое правительство, а наш народ, то мы вынуждены заниматься естественно те, кто в зале, остались вопросами, связанными с установлением нормального прожиточного минимума для людей.
ParlaMint-UA_2004-10-19-m1.u17.p1.sent3	Но я хотел бы узнать точку зрения правительства.
ParlaMint-UA_2004-10-19-m1.u17.p1.sent4	Считает ли все-таки правительство вопрос об установлении этого показателя важным.
ParlaMint-UA_2004-10-19-m1.u17.p2.sent1	Я почему это спрашиваю.
ParlaMint-UA_2004-10-19-m1.u17.p2.sent2	Буквально вчера Виктор Федорович Янукович сказал, что уверен, что на Верховном Совете не будет рассматриваться ни один важный вопрос, а будет демагогия только.
ParlaMint-UA_2004-10-19-m1.u17.p2.sent3	Так вот те предложения, которые делает правительство, это демагогия или все-таки важный вопрос?
ParlaMint-UA_2004-10-19-m1.u17.p2.sent4	Как в связи с этим, какова точка зрения правительства?
ParlaMint-UA_2004-10-19-m1.u18.p1.sent1	Будь ласка, Вернигора.
ParlaMint-UA_2004-10-19-m1.u19.p1.sent1	Леонід Вернигора, Соціалістична фракція України.
ParlaMint-UA_2004-10-19-m1.u19.p1.sent2	Ми закінчили сьогодні ранкове засідання, Адаме Івановичу, питанням про економічний розвиток.
ParlaMint-UA_2004-10-19-m1.u19.p1.sent3	От треба було б, мені не досталося слово, перевести це питання у питання про прожитковий мінімум.
ParlaMint-UA_2004-10-19-m1.u19.p1.sent4	Тому що нам треба було розглядати питання не про економічний розвиток України, а прийняти план відбудови народного господарства України після того, як ми завдали їй шкоди за ці десять років.
ParlaMint-UA_2004-10-19-m1.u19.p2.sent1	Тому Соціалістична фракція України і кандидат на пост Президента Олександр Мороз, ми офіційно подали на розгляд Верховної Ради прожитковий мінімум удвічі більший того, що пропонує уряд.
ParlaMint-UA_2004-10-19-m1.u19.p2.sent2	Чому удвічі?
ParlaMint-UA_2004-10-19-m1.u19.p2.sent3	Тому що основні товари сьогодні споживчі, надто ж продукти харчування, а м’ясо втричі подорожчало, а ті вдвічі.
ParlaMint-UA_2004-10-19-m1.u19.p3.sent1	Тому ми пропонуємо і погоджуємося, що надо на 409, а уже 818 гривень повинен бути прожитковий мінімум.
ParlaMint-UA_2004-10-19-m1.u19.p3.sent2	А коли врахувати ще і паливо, і інші, то, ясна річ, що не менше тисячі гривень.
ParlaMint-UA_2004-10-19-m1.u19.p3.sent3	Тому я пропоную, щоб терміново уряд до бюджету подав нову величину прожитк.
ParlaMint-UA_2004-10-19-m1.u20.p1.sent1	Так, шановні колеги, обмін думками завершено.
ParlaMint-UA_2004-10-19-m1.u20.p1.sent2	Була пропозиція переголосувати поправки.
ParlaMint-UA_2004-10-19-m1.u20.p1.sent3	Була пропозиція переголосувати поправки.
ParlaMint-UA_2004-10-19-m1.u20.p1.sent4	Я зараз її поставлю на голосування, підготуйтесь.
ParlaMint-UA_2004-10-19-m1.u20.p1.sent5	А те, що говорив Вернигора, да, Леонід Михайлович, це добре, що ви подали, але треба було давати поправки до другого читання, і тут вони могли б бути враховані.
ParlaMint-UA_2004-10-19-m1.u20.p1.sent6	Їх немає тут, ваших поправок, а є окремий законопроект.
ParlaMint-UA_2004-10-19-m1.u20.p1.sent7	Наскільки мені відомо, ви працюєте в тому ж комітеті.
ParlaMint-UA_2004-10-19-m1.u20.p2.sent1	Так, шановні колеги, я ставлю на голосування пропозицію народних депутатів про те, щоб повернутися до розгляду поправок до даного законопроекту.
ParlaMint-UA_2004-10-19-m1.u20.p2.sent2	Прошу голосувати.
ParlaMint-UA_2004-10-19-m1.u20.p3.sent1	За-230
ParlaMint-UA_2004-10-19-m1.u20.p4.sent1	Тобто починаємо спочатку.
ParlaMint-UA_2004-10-19-m1.u20.p4.sent2	Але, шановні колеги, оскільки вже аргументація була, давайте не будемо витрачати час, а тільки будемо голосувати поправки.
ParlaMint-UA_2004-10-19-m1.u20.p4.sent3	Нема заперечень?
ParlaMint-UA_2004-10-19-m1.u20.p4.sent4	Перша поправка, яку тут аргументував народний депутат Пинзеник.
ParlaMint-UA_2004-10-19-m1.u20.p4.sent5	Прошу голосувати.
ParlaMint-UA_2004-10-19-m1.u20.p4.sent6	Про збільшення прожиткового мінімуму.
ParlaMint-UA_2004-10-19-m1.u20.p5.sent1	За-233
ParlaMint-UA_2004-10-19-m1.u20.p6.sent1	Прийнята поправка.
ParlaMint-UA_2004-10-19-m1.u20.p7.sent1	Ставиться наступна.
ParlaMint-UA_2004-10-19-m1.u20.p7.sent2	По фракціях?
ParlaMint-UA_2004-10-19-m1.u20.p7.sent3	Будь ласка.
ParlaMint-UA_2004-10-19-m1.u20.p8.sent1	"Наша Україна" - 99, "Регіони України" - 0, комуністів - 56, СДПУ(о) - 0, "Трудова Україна" - 0, Народна аграрна партія - 13, СПУ - 19, Блок Тимошенко - 18, "Союз" - 0, "Єдина Україна" - 0, "Центр" - 15, НДП та ПППУ - 3, "Демініціативи" - 0, Позафракційні - 10.
ParlaMint-UA_2004-10-19-m1.u20.p9.sent1	Шановні колеги, наступні поправки народного депутата Беспалого зводяться до того, щоб текст, де написано "382 гривні" замінити словами, текстом "500 гривень".
ParlaMint-UA_2004-10-19-m1.u20.p9.sent2	Прошу голосувати всі ці поправки.
ParlaMint-UA_2004-10-19-m1.u20.p10.sent1	За-208
ParlaMint-UA_2004-10-19-m1.u20.p11.sent1	По фракціях, будь ласка.
ParlaMint-UA_2004-10-19-m1.u20.p12.sent1	“Наша Україна" - 92, "Регіони України" - 0, Фракція комуністів - 59, СДПУ(о) - 0, "Трудова Україна" - 0, Народна аграрна партія - 6, СПУ - 17, Блок Тимошенко - 18, "Союз" - 0, "Єдина Україна" - 0, "Центр" - 3, НДП та ПППУ - 3, "Демініціативи" - 0, Позафракційні - 10.
ParlaMint-UA_2004-10-19-m1.u20.p12.sent2	Поправка не пройшла.
ParlaMint-UA_2004-10-19-m1.u20.p13.sent1	Поправки народного депутата Беспалого - це шоста, сьома, восьма поправка, де стосується, знову ж таки, збільшити суму пропорційно до збільшення прожиткового мінімуму з 382-х гривень до 500 гривень.
ParlaMint-UA_2004-10-19-m1.u20.p14.sent1	Всі ці три поправки ставлю на голосування.
ParlaMint-UA_2004-10-19-m1.u20.p15.sent1	Голосуємо, прошу голосувати.
ParlaMint-UA_2004-10-19-m1.u20.p16.sent1	За-194
ParlaMint-UA_2004-10-19-m1.u20.p17.sent1	Не прийнято.
ParlaMint-UA_2004-10-19-m1.u20.p18.sent1	І поправка Цибенка: "Реальний прожитковий мінімум, зокрема, для непрацюючих, має бути, як мінімум, 500 гривень.
ParlaMint-UA_2004-10-19-m1.u20.p18.sent2	Прошу голосувати.
ParlaMint-UA_2004-10-19-m1.u20.p19.sent1	За-186
ParlaMint-UA_2004-10-19-m1.u20.p20.sent1	Поправка не прийнята.
ParlaMint-UA_2004-10-19-m1.u20.p20.sent2	По фракціях, будь ласка.
ParlaMint-UA_2004-10-19-m1.u20.p21.sent1	"Наша Україна" - 63, "Регіони України" - 0, комуністів - 59, соціал-демократи, "Трудова Україна" - нулі, Народна аграрна партія - 10, соціалісти і Блок Тимошенко - по 19, "Союз", "Єдина Україна" - нулі, "Центр" - 4, НДП, промисловці і підприємці 3, "Демініціативи" - 0, "Позафракційні" - 9.
ParlaMint-UA_2004-10-19-m1.u20.p22.sent1	Таким чином, шановні колеги, ми з вами з усіх поправок підтримали першу поправку групи народних депутатів.
ParlaMint-UA_2004-10-19-m1.u20.p22.sent2	Із урахуванням тої поправки я ставлю на голосування про прийняття.
ParlaMint-UA_2004-10-19-m1.u20.p23.sent1	Гаврилюк, будь ласка, з мотивів голосування.
ParlaMint-UA_2004-10-19-m1.u21.p1.sent1	Дякую, Адаме Івановичу.
ParlaMint-UA_2004-10-19-m1.u21.p2.sent1	Я хотел бы обратиться к вам, Адам Иванович, прежде всего, уточните: а правильно ли мы делаем, что голосуем без участия остатков от "большинства", когда фактически идет речь о принятии прожиточного минимума, нужного для закона, необходимого перед принятием бюджета, нужного законопроекта для наших избирателей, для нашей страны, и фактически фракции так называемого "большинства" не участвуют и не принимают участия в голосовании?
ParlaMint-UA_2004-10-19-m1.u21.p2.sent2	Так вот, может быть, мы это как-то засвидетельствуем и примем по этому поводу какое-то решение, а потом будем принимать решение: голосовать "за" или нет?
ParlaMint-UA_2004-10-19-m1.u21.p2.sent3	Спасибо.
ParlaMint-UA_2004-10-19-m1.u22.p1.sent1	Ну, вносьте пропозиції, яке рішення прийняти.
ParlaMint-UA_2004-10-19-m1.u22.p1.sent2	Кожен депутат має право діяти так, як він вважає за необхідне.
ParlaMint-UA_2004-10-19-m1.u22.p2.sent1	Запишіться тоді, будь ласка.
ParlaMint-UA_2004-10-19-m1.u22.p2.sent2	Три хвилини з мотивів голосування - і будемо голосувати.
ParlaMint-UA_2004-10-19-m1.u22.p3.sent1	Будь ласка, висвітліть.
ParlaMint-UA_2004-10-19-m1.u22.p3.sent2	Загрева передає Беспалому слово.
ParlaMint-UA_2004-10-19-m1.u22.p3.sent3	Підготуватися Шульзі.
ParlaMint-UA_2004-10-19-m1.u23.p1.sent1	Борис Беспалий, Блок Віктора Ющенка "Наша Україна".
ParlaMint-UA_2004-10-19-m1.u23.p2.sent1	Шановні колеги, я хотів звернутися до вас з таким проханням.
ParlaMint-UA_2004-10-19-m1.u23.p2.sent2	Власне, я глибоко шкодую, і, на мій погляд, шкода, що не пройшли ті поправки, які пропонував я і які співпадають з тими поправками, які пропонував Петро Степанович Цибенко.
ParlaMint-UA_2004-10-19-m1.u23.p2.sent3	Це повністю одна і та сама поправка - 500 гривень.
ParlaMint-UA_2004-10-19-m1.u23.p3.sent1	Далі.
ParlaMint-UA_2004-10-19-m1.u23.p3.sent2	Я погоджуюся з позицією депутата Гаврилюка, ми погоджуємося, що люди повинні знати позиції всіх без виключення фракцій.
ParlaMint-UA_2004-10-19-m1.u23.p3.sent3	Але, головний мотив, який я думаю, керуються ті відповідальні політики, які не бойкотують Верховну Раду, а залишилися в залі, це все ж таки покращувати життя людей.
ParlaMint-UA_2004-10-19-m1.u23.p3.sent4	І з цієї точки зору те, що ми зробили, хоча і не повністю, але підняли все ж таки прожитковий мінімум - це добра справа.
ParlaMint-UA_2004-10-19-m1.u23.p4.sent1	Тому я звертаюся до всіх з великим проханням.
ParlaMint-UA_2004-10-19-m1.u23.p4.sent2	Спочатку проголосувати цей закон вцілому, а вже потім з’ясовувати стосунки, хто?
ParlaMint-UA_2004-10-19-m1.u23.p4.sent3	Чому?
ParlaMint-UA_2004-10-19-m1.u23.p4.sent4	Пішов із зали і таке інше.
ParlaMint-UA_2004-10-19-m1.u23.p4.sent5	Бог з ними, нехай і без них ми нормально працюємо.
ParlaMint-UA_2004-10-19-m1.u24.p1.sent1	Так.
ParlaMint-UA_2004-10-19-m1.u24.p1.sent2	Шульга.
ParlaMint-UA_2004-10-19-m1.u24.p1.sent3	Не бачу.
ParlaMint-UA_2004-10-19-m1.u24.p1.sent4	Будь ласка.
ParlaMint-UA_2004-10-19-m1.u24.p2.sent1	Будь ласка, Вернигора.
ParlaMint-UA_2004-10-19-m1.u24.p2.sent2	Мікрофон Вернигори.
ParlaMint-UA_2004-10-19-m1.u25.p1.sent1	Адаме Івановичу, ну, я все можу зрозуміти і обстановку в залі.
ParlaMint-UA_2004-10-19-m1.u25.p1.sent2	Я не розумію тільки як коаліція, яка з урядом в змові і сьогодні вирішила взагалі не приймати прожиткового мінімуму.
ParlaMint-UA_2004-10-19-m1.u25.p1.sent3	Тобто, більшість хоче сьогодні зірвати і бюджет.
ParlaMint-UA_2004-10-19-m1.u25.p1.sent4	Тоді, про який прожитковий мінімум може йти мова взагалі на 2005 рік?
ParlaMint-UA_2004-10-19-m1.u25.p1.sent5	Ви слухайте ті фракції, які залишилися в залі.
ParlaMint-UA_2004-10-19-m1.u25.p1.sent6	Пропонується сьогодні здорова, нормальна, як і була для України, величина прожиткового мінімуму згідно або пропорційно, адекватно цінам, які сьогодні складаються на ринку.
ParlaMint-UA_2004-10-19-m1.u25.p2.sent1	Сьогодні ми не можемо ніяк зменшити у двічі прожитковий мінімум, а навпаки ці 409 пропонованих уряд же ж не зайняв у "сірка" очі, він же повинен бачити, що на ринку робиться.
ParlaMint-UA_2004-10-19-m1.u25.p2.sent2	Тому не може бути менше 960 прожитковий мінімум і соціалісти вже котре пропонують, а ви кажете, чи є воно в поправках чи ні?
ParlaMint-UA_2004-10-19-m1.u25.p2.sent3	Є!
ParlaMint-UA_2004-10-19-m1.u25.p2.sent4	Нас слухає вся Україна.
ParlaMint-UA_2004-10-19-m1.u25.p2.sent5	В залі знаходяться тільки фракції, які бажають добра Україні.
ParlaMint-UA_2004-10-19-m1.u25.p2.sent6	так давайте голосувати.
ParlaMint-UA_2004-10-19-m1.u26.p1.sent1	Дякую.
ParlaMint-UA_2004-10-19-m1.u26.p1.sent2	Шановні колеги, всі, хто виступив з процедури мали на меті одне, нам треба все зробити для того, щоб прийняти зараз цей законопроект вцілому як закон.
ParlaMint-UA_2004-10-19-m1.u26.p1.sent3	Тому я ставлю на голосування про прийняття вцілому як закону з тими поправками, яку ми проголосували, Закону "Про затвердження прожиткового мінімуму на 2005 рік".
ParlaMint-UA_2004-10-19-m1.u26.p1.sent4	Прошу голосувати.
ParlaMint-UA_2004-10-19-m1.u26.p2.sent1	За-250
ParlaMint-UA_2004-10-19-m1.u26.p3.sent1	По фракціях.
ParlaMint-UA_2004-10-19-m1.u26.p4.sent1	Наша Україна - 100, Регіони України - 0, Фракція комуністів - 58, СДПУ(о) - 0, Трудова Україна - 0, Народна аграрна партія - 20, СПУ - 20, Блок Тимошенко - 19, Союз - 0, Єдина Україна - 0, Центр - 15, НДП, промисловці і підприємці - 5, Демініціативи - Народовладдя - 0, позафракційні - 13 Закон прийнято.
ParlaMint-UA_2004-10-19-m1.u27.p1.sent1	Шановні колеги!
ParlaMint-UA_2004-10-19-m1.u27.p1.sent2	Оголошується до розгляду проект Закону про органи юстиції.
ParlaMint-UA_2004-10-19-m1.u27.p1.sent3	Але перед цим нам треба порадитися.
ParlaMint-UA_2004-10-19-m1.u27.p1.sent4	Прошу уваги, шановні колеги.
ParlaMint-UA_2004-10-19-m1.u27.p1.sent5	Поступив лист від міністра юстиції України Олександра Лавриновича такого змісту: "З огляду на необхідність ознайомлення і опрацювання висловлених пропозицій і зауважень на засіданні Комітету з питань правової політики 14 вересня цього року до проекту Закону України "Про органи юстиції" внесено народними депутатами Задорожнім, Абдуліним, Осикою прошу перенести його розгляд на пленарному засіданні Верховної Ради України".
ParlaMint-UA_2004-10-19-m1.u27.p2.sent1	Юрію Анатолійовичу, Адам Іванович зачитував.
ParlaMint-UA_2004-10-19-m1.u27.p2.sent2	Було.
ParlaMint-UA_2004-10-19-m1.u27.p3.sent1	Які міркування з цього приводу?
ParlaMint-UA_2004-10-19-m1.u27.p3.sent2	Я ще раз хочу сказати, оголошується до розгляду проект Закону про органами юстиції, але звернувся до нас міністр юстиції України з проханням у зв’язку з необхідністю дальшого доопрацювання проекту перенести його розгляд на більш пізніший час.
ParlaMint-UA_2004-10-19-m1.u27.p4.sent1	Матвєєв Валентин Григорович, голова комітету, будь ласка.
ParlaMint-UA_2004-10-19-m1.u28.p1.sent1	Я дякую.
ParlaMint-UA_2004-10-19-m1.u28.p1.sent2	Шановний Володимире Михайловичу!
ParlaMint-UA_2004-10-19-m1.u28.p1.sent3	Шановні колеги!
ParlaMint-UA_2004-10-19-m1.u28.p1.sent4	У відповідності з чинним Регламентом ми не можемо просто так за листом міністра чи навіть Прем’єр-міністра зняти питання з розгляду, яке вже включене до порядку денного сьогоднішнього засідання Верховної Ради.
ParlaMint-UA_2004-10-19-m1.u28.p1.sent5	Тому для того, щоб його виключити необхідна, необхідна воля народних депутатів.
ParlaMint-UA_2004-10-19-m1.u28.p1.sent6	Тому необхідно розглянути сьогодні це питання і прийняти по ньому у відповідності з Регламентом відповідне рішення.
ParlaMint-UA_2004-10-19-m1.u28.p1.sent7	Дякую.
ParlaMint-UA_2004-10-19-m1.u29.p1.sent1	Дякую.
ParlaMint-UA_2004-10-19-m1.u29.p1.sent2	Шановні колеги, є тут позиція Комітету з питань Регламенту.
ParlaMint-UA_2004-10-19-m1.u29.p1.sent3	Станіслав Іванович Гуренко, будь ласка.
ParlaMint-UA_2004-10-19-m1.u29.p1.sent4	Потім Кармазін і будемо визначатися.
ParlaMint-UA_2004-10-19-m1.u30.p1.sent1	Шановні колеги!
ParlaMint-UA_2004-10-19-m1.u30.p1.sent2	Гуренко, фракція Комуністичної партії України.
ParlaMint-UA_2004-10-19-m1.u30.p2.sent1	Я думаю, що ми не повинні підтримувати це рішення, тому що зрозуміло, чому шановний міністр поставив запитання.
ParlaMint-UA_2004-10-19-m1.u30.p2.sent2	Його фракція, його прихильники валять сьогодні роботу Верховної Ради і хочуть на шиї тих народних депутатів, які сумлінно працюють, незважаючи на політичну кон’юнктуру, впровадити свої інтереси.
ParlaMint-UA_2004-10-19-m1.u30.p2.sent3	Тож хай сидять у залі і голосують, що їм потрібно.
ParlaMint-UA_2004-10-19-m1.u30.p2.sent4	А якщо їм ніколи, значить, Володимире Михайловичу, згідно з регламентом, затвердженим порядком денним.
ParlaMint-UA_2004-10-19-m1.u30.p2.sent5	Тільки так!
ParlaMint-UA_2004-10-19-m1.u30.p2.sent6	Спасибі.
ParlaMint-UA_2004-10-19-m1.u31.p1.sent1	Дякую.
ParlaMint-UA_2004-10-19-m1.u31.p1.sent2	Кармазін.
ParlaMint-UA_2004-10-19-m1.u31.p1.sent3	І будемо визначатися зараз.
ParlaMint-UA_2004-10-19-m1.u32.p1.sent1	Юрій Кармазін, Партія захисників Вітчизни, "Солідарність" виборчого блоку Віктора Ющенка "Наша Україна".
ParlaMint-UA_2004-10-19-m1.u32.p2.sent1	Шановний Володимире Михайловичу, в мене дві пропозиції.
ParlaMint-UA_2004-10-19-m1.u32.p2.sent2	Перша.
ParlaMint-UA_2004-10-19-m1.u32.p2.sent3	Я відношусь до того комітету, який допрацьовував цей закон про органи юстиції, до Комітету правової політики.
ParlaMint-UA_2004-10-19-m1.u32.p2.sent4	Закон, дійсно, серйозно доопрацьований.
ParlaMint-UA_2004-10-19-m1.u32.p2.sent5	І, дійсно, такий закон чекають.
ParlaMint-UA_2004-10-19-m1.u32.p2.sent6	Інше питання, що сьогодні політичні пристрасті не дають, і ви знаєте добре, що щоб зірвати прожитковий мінімум за завданням так званого кандидата в Президенти, якого зараз Мельниченко обнародував, як пресу знищувати і так далі, зараз обнародував при всіх.
ParlaMint-UA_2004-10-19-m1.u32.p2.sent7	це він.
ParlaMint-UA_2004-10-19-m1.u32.p2.sent8	Звісно, ці фракції зривають.
ParlaMint-UA_2004-10-19-m1.u32.p2.sent9	Але закон немає страждати.
ParlaMint-UA_2004-10-19-m1.u32.p2.sent10	Тому нічого страшного, якщо пересунути це перше і друге.
ParlaMint-UA_2004-10-19-m1.u32.p3.sent1	Володимире Михайловичу, ми просимо вас, 250 чоловік взяли на себе відповідальність за долю країни, за прожитковий мінімум.
ParlaMint-UA_2004-10-19-m1.u32.p3.sent2	Оголосіть по фракціям, хто це.
ParlaMint-UA_2004-10-19-m1.u32.p3.sent3	Прошу вас.
ParlaMint-UA_2004-10-19-m1.u32.p3.sent4	Це відповідає регламенту.
ParlaMint-UA_2004-10-19-m1.u32.p3.sent5	Дякую.
ParlaMint-UA_2004-10-19-m1.u33.p1.sent1	Шановні колеги, справа у тім, що Адам Іванович зачитав, хто і скільки голосів, яка фракція дала.
ParlaMint-UA_2004-10-19-m1.u33.p1.sent2	Ну, будь ласка, підготуйте, я ще раз зачитаю.
ParlaMint-UA_2004-10-19-m1.u33.p1.sent3	Це не проблема.
ParlaMint-UA_2004-10-19-m1.u33.p2.sent1	Шановні колеги, ми обмінялися думками.
ParlaMint-UA_2004-10-19-m1.u33.p2.sent2	Давайте для чистоти, щоб зберегти у нас нормальні взаємини, я поставлю на голосування прохання Міністерства юстиції про перенесення розгляду законопроекту.
ParlaMint-UA_2004-10-19-m1.u33.p2.sent3	Іде голосування.
ParlaMint-UA_2004-10-19-m1.u33.p3.sent1	Відмініть голосування.
ParlaMint-UA_2004-10-19-m1.u33.p3.sent2	Зараз я зачитаю голосування.
ParlaMint-UA_2004-10-19-m1.u33.p3.sent3	"Наша Україна" - 100; "Регіони України" - 0 ; фракція комуністів - 58 за; СДПУ(о), "Трудова Україна" - 0; Народна аграрна - 20; СПУ - 20; Блок Тимошенко - 19; "Союз" - 0; "Єдина Україна" - 0; НДП, промисловці і підприємці - 5; "Демократичні ініціативи" - 0; позафракційні - 13.
ParlaMint-UA_2004-10-19-m1.u33.p4.sent1	Хорошо.
ParlaMint-UA_2004-10-19-m1.u33.p4.sent2	Гаразд.
ParlaMint-UA_2004-10-19-m1.u33.p4.sent3	Добре, підготуйте для публікування.
ParlaMint-UA_2004-10-19-m1.u33.p4.sent4	Я сказав, щоб підготували і розглянув регламентний комітет, опублікуємо.
ParlaMint-UA_2004-10-19-m1.u33.p5.sent1	Шановні колеги, прошу уваги.
ParlaMint-UA_2004-10-19-m1.u33.p5.sent2	Я ставлю на голосування звернення Міністерства юстиції про перенесення розгляду законопроекту про органи юстиції, реєстраційний номер 2152.
ParlaMint-UA_2004-10-19-m1.u33.p6.sent1	За-36
ParlaMint-UA_2004-10-19-m1.u33.p7.sent1	Рішення не прийнято.
ParlaMint-UA_2004-10-19-m1.u33.p8.sent1	Оголошується до розгляду проект Закону "Про органи юстиції".
ParlaMint-UA_2004-10-19-m1.u33.p8.sent2	Будь ласка, хто буде доповідати?
ParlaMint-UA_2004-10-19-m1.u33.p8.sent3	Микола Катерничук.
ParlaMint-UA_2004-10-19-m1.u33.p8.sent4	Хто доповідати від комітету буде?
ParlaMint-UA_2004-10-19-m1.u33.p9.sent1	Значить, я буду доповідати.
ParlaMint-UA_2004-10-19-m1.u33.p9.sent2	Ідемо по поправках, шановні колеги.
ParlaMint-UA_2004-10-19-m1.u33.p9.sent3	Подивіться, які поправки не враховані і хто буде наполягати на своїх поправках.
ParlaMint-UA_2004-10-19-m1.u33.p10.sent1	11-та Кириченко.
ParlaMint-UA_2004-10-19-m1.u33.p10.sent2	Не наполягає.
ParlaMint-UA_2004-10-19-m1.u33.p10.sent3	Ландик 17-та.
ParlaMint-UA_2004-10-19-m1.u33.p10.sent4	Ні.
ParlaMint-UA_2004-10-19-m1.u33.p10.sent5	Пеклушенко 19-та.
ParlaMint-UA_2004-10-19-m1.u33.p10.sent6	Не бачу.
ParlaMint-UA_2004-10-19-m1.u33.p10.sent7	Беспалий, 24-та поправка.
ParlaMint-UA_2004-10-19-m1.u33.p10.sent8	Дайте можливість.
ParlaMint-UA_2004-10-19-m1.u33.p11.sent1	Шановні колеги, хто наполягає на своїх поправках, які не враховані?
ParlaMint-UA_2004-10-19-m1.u33.p11.sent2	Борис Беспалий, будь ласка, яка поправка.
ParlaMint-UA_2004-10-19-m1.u34.p1.sent1	51-ша поправка, вона стосується такої ситуації.
ParlaMint-UA_2004-10-19-m1.u34.p1.sent2	Запропонований текст передбачає, що органи державної виконавчої служби виконують примусове виконання рішень судів та інших органів і посадових осіб.
ParlaMint-UA_2004-10-19-m1.u34.p1.sent3	Тобто у мене виникають серйозні сумніви.
ParlaMint-UA_2004-10-19-m1.u34.p1.sent4	Які це ще рішення крім судових виконуються виконавчою службою в примусовому порядку.
ParlaMint-UA_2004-10-19-m1.u34.p1.sent5	Я думаю, що це не є такий правовий підхід.
ParlaMint-UA_2004-10-19-m1.u34.p1.sent6	У примусовому порядку виконавчою службою мають виконуватися тільки судові рішення, а не адміністративні рішення.
ParlaMint-UA_2004-10-19-m1.u34.p1.sent7	Як, наприклад, зараз доручили міліції там регулювати ціни, ходити по базарах.
ParlaMint-UA_2004-10-19-m1.u34.p1.sent8	Я не думаю, що це є правовий підхід.
ParlaMint-UA_2004-10-19-m1.u34.p1.sent9	Тому я прошу погодитися з такою пропозицією.
ParlaMint-UA_2004-10-19-m1.u35.p1.sent1	Ставиться на голосування поправка 51-ша Бориса Беспалого.
ParlaMint-UA_2004-10-19-m1.u35.p1.sent2	Це сторінка 12.
ParlaMint-UA_2004-10-19-m1.u35.p2.sent1	За-98
ParlaMint-UA_2004-10-19-m1.u35.p3.sent1	Поправка не прийнята.
ParlaMint-UA_2004-10-19-m1.u35.p4.sent1	Які ще поправки, будь ласка?
ParlaMint-UA_2004-10-19-m1.u35.p4.sent2	Хто наполягає ще на поправках?
ParlaMint-UA_2004-10-19-m1.u35.p4.sent3	Будь ласка, Борис Беспалий.
ParlaMint-UA_2004-10-19-m1.u36.p1.sent1	Шановні колеги.
ParlaMint-UA_2004-10-19-m1.u36.p1.sent2	Борис Беспалий, блок Віктора Ющенка, "Наша Україна".
ParlaMint-UA_2004-10-19-m1.u36.p1.sent3	Я розумію наше піднесення і до певної міри ейфоричний стан, тому що ми зараз зробили дуже добру справу - підняли на 50 гривень прожитковий мінімум людей.
ParlaMint-UA_2004-10-19-m1.u36.p1.sent4	Хоча це є і недостатньо, але як перший крок - то добра справа.
ParlaMint-UA_2004-10-19-m1.u36.p2.sent1	Але є і інші важливі речі.
ParlaMint-UA_2004-10-19-m1.u36.p2.sent2	Зокрема і Закон про органи юстиції.
ParlaMint-UA_2004-10-19-m1.u36.p2.sent3	Тому що сьогодні уже всім зрозуміло, що судова система України не дрімає, вона просто міцно спить там, де треба захищати права людей.
ParlaMint-UA_2004-10-19-m1.u36.p2.sent4	І сьогодні наші люди бідні не тільки тому, що безгосподарно керує державою уряд, а вони бідні ще й тому, що і безправні.
ParlaMint-UA_2004-10-19-m1.u36.p2.sent5	Тому я дуже прошу підтримати поправку, яку я пропоную до закону органи юстиції.
ParlaMint-UA_2004-10-19-m1.u36.p2.sent6	Тут пропонується, щоб органи державної влади вручались в організацію роботи з підготовки фахівців.
ParlaMint-UA_2004-10-19-m1.u36.p2.sent7	Я думаю, це є неправильно, і ми бачимо до чого таке втручання приводить на ділі.
ParlaMint-UA_2004-10-19-m1.u36.p2.sent8	Тому я прошу 118 поправку підтримати.
ParlaMint-UA_2004-10-19-m1.u37.p1.sent1	Ставлю на голосування поправку народного депутата Бориса Беспалого 118.
ParlaMint-UA_2004-10-19-m1.u37.p1.sent2	Це сторінка 27.
ParlaMint-UA_2004-10-19-m1.u37.p2.sent1	За-92
ParlaMint-UA_2004-10-19-m1.u37.p3.sent1	Рішення не прийнято.
ParlaMint-UA_2004-10-19-m1.u37.p4.sent1	Ідемо далі.
ParlaMint-UA_2004-10-19-m1.u37.p4.sent2	Борис Якович, є ще ваші поправки?
ParlaMint-UA_2004-10-19-m1.u37.p4.sent3	Мікрофон Бориса Беспалого.
ParlaMint-UA_2004-10-19-m1.u38.p1.sent1	Так, я вважаю принциповою поправку 305 до статті 30, це на сторінці 73.
ParlaMint-UA_2004-10-19-m1.u38.p1.sent2	Там йдеться про те, що міністр юстиції несе персональну відповідальність перед Кабінетом Міністрів України і перед Президентом України.
ParlaMint-UA_2004-10-19-m1.u38.p1.sent3	Я думаю, така подвійна персональна відповідальність є точною ілюстрацією народної приказки про те, що у кількох няньок дитина без ока.
ParlaMint-UA_2004-10-19-m1.u38.p1.sent4	Це насправді є формою безвідповідальності.
ParlaMint-UA_2004-10-19-m1.u38.p1.sent5	І я думаю, що всі вже зрозуміли, що багато бід України і полягає від того, що у нас є фактично авторитарний диктат Президента.
ParlaMint-UA_2004-10-19-m1.u38.p1.sent6	Я думаю, що міністри мають нести персональну відповідальність перед керівництвом, перед Кабінетом Міністрів, а не перед Президентом.
ParlaMint-UA_2004-10-19-m1.u38.p1.sent7	Тому я пропоную вилучити слова "Президентом України", щоб міністр ніс персональну відповідальність перед Кабінетом Міністрів України і прошу підтримати.
ParlaMint-UA_2004-10-19-m1.u39.p1.sent1	Ставиться на голосування поправка 305 Бориса Беспалого, сторінка 73.
ParlaMint-UA_2004-10-19-m1.u39.p2.sent1	За-77
ParlaMint-UA_2004-10-19-m1.u39.p3.sent1	Рішення не прийнято.
ParlaMint-UA_2004-10-19-m1.u39.p4.sent1	Які ще поправки, будь ласка?
ParlaMint-UA_2004-10-19-m1.u39.p4.sent2	Борис Беспалий, мікрофон ввімкніть.
ParlaMint-UA_2004-10-19-m1.u40.p1.sent1	Борис Беспалий, блок Віктора Ющенка "Наша Україна".
ParlaMint-UA_2004-10-19-m1.u40.p2.sent1	359-та поправка стосується ось чого.
ParlaMint-UA_2004-10-19-m1.u40.p2.sent2	В даному випадку йдеться: до сфери управління Міністерства юстиції пропонується віднести, ви тільки подумайте, інші підприємства, установи і організації.
ParlaMint-UA_2004-10-19-m1.u40.p2.sent3	Я думаю, що наші правоохоронні органи і деякі спеціалізовані органи не мають часу займатися своїми прямими обов’язками саме тому, що вони дуже займаються багато бізнесом.
ParlaMint-UA_2004-10-19-m1.u40.p2.sent4	І тут пропонується, щоб Міністерство юстиції.
ParlaMint-UA_2004-10-19-m1.u40.p2.sent5	Міністерство юстиції, ви подумайте!.мало право і керувало іншими підприємствами, установами і організаціями!
ParlaMint-UA_2004-10-19-m1.u40.p2.sent6	Ну, типовий бізнес-холдинг.
ParlaMint-UA_2004-10-19-m1.u40.p3.sent1	Я думаю, якщо на практиці таким чином діяв уряд Януковича, то це не значить, що такі речі ми повинні узаконювати.
ParlaMint-UA_2004-10-19-m1.u40.p4.sent1	І я пропоную вилучити з підпорядкування Міністерства юстиції управління підприємствами, установами і організаціями, це не їхня справа - займатися бізнесом.
ParlaMint-UA_2004-10-19-m1.u41.p1.sent1	Шановні колеги, ставиться на голосування поправка 359, автор Борис Беспалий, сторінка 89.
ParlaMint-UA_2004-10-19-m1.u41.p2.sent1	За-106
ParlaMint-UA_2004-10-19-m1.u41.p3.sent1	Поправка не прийнята.
ParlaMint-UA_2004-10-19-m1.u41.p4.sent1	Які ще є поправки?
ParlaMint-UA_2004-10-19-m1.u41.p4.sent2	Будь ласка, Борис Беспалий, мікрофон.
ParlaMint-UA_2004-10-19-m1.u42.p1.sent1	Ну, 365-та поправка.
ParlaMint-UA_2004-10-19-m1.u42.p2.sent1	Але я хотів би зараз скористатися можливістю, це остання, я вже так дивлюся, що багато речей, які повинні були б не пройти, вони все ж таки включені, і, звичайно, в такому вигляді, на мій погляд не можна приймати закон в цілому.
ParlaMint-UA_2004-10-19-m1.u42.p2.sent2	Тому я прошу, навіть якщо ми його приймемо в другому читанні, то в цілому його не приймати.
ParlaMint-UA_2004-10-19-m1.u42.p3.sent1	Стосовно 365-ї поправки, яка стосується ось чого, я пропоную вилучити з прикінцевих положень такий сюжет, а саме, цитую: "Нормативно-правові акти до приведення їх у відповідність з цим законом діють у части ні, яка не суперечить цьому закону.
ParlaMint-UA_2004-10-19-m1.u42.p3.sent2	Але визначати, що суперечить закону, що не суперечить, може тільки Конституційний суд.
ParlaMint-UA_2004-10-19-m1.u42.p3.sent3	Такими нормами і подібними, ми вводимо просто хаос у законодавство.
ParlaMint-UA_2004-10-19-m1.u42.p3.sent4	Тому я пропоную з даного закону цю норму вилучити і закон, якщо його підтримувати в другому читанні, то не підтримувати в цілому, тому що це просто буде закон про безправ’я.
ParlaMint-UA_2004-10-19-m1.u43.p1.sent1	Шановні колеги, ставиться на голосування поправка 365 Бориса Беспалого, сторінка 91.
ParlaMint-UA_2004-10-19-m1.u43.p2.sent1	За-70
ParlaMint-UA_2004-10-19-m1.u43.p3.sent1	Рішення не прийнято.
ParlaMint-UA_2004-10-19-m1.u43.p4.sent1	Хто ще наполягає на своїх поправках?
ParlaMint-UA_2004-10-19-m1.u43.p4.sent2	Не бачу.
ParlaMint-UA_2004-10-19-m1.u43.p4.sent3	Будь ласка, Міністерство юстиції, позиція Міністерства юстиції щодо цього законопроекту.
ParlaMint-UA_2004-10-19-m1.u43.p4.sent4	Анатолій Павлович Заєць.
ParlaMint-UA_2004-10-19-m1.u44.p1.sent1	Шановний Володимире Михайловичу, шановні народні депутати!
ParlaMint-UA_2004-10-19-m1.u44.p2.sent1	Міністерство юстиції не підтримує жодну з названих поправок.
ParlaMint-UA_2004-10-19-m1.u45.p1.sent1	Ні, я маю на увазі: ми не проголосували поправок.
ParlaMint-UA_2004-10-19-m1.u45.p1.sent2	Як ви ставитеся до закону в такому вигляді, в якому він зараз поданий на розгляд Верховній Раді.
ParlaMint-UA_2004-10-19-m1.u46.p1.sent1	Позиція Міністерства юстиції, я все ж таки дозволю, Володимире Михайловичу, ще раз нагадати, полягала в тому, щоб не ставити під сумнів сьогодні в залі майбутнє системи юстиції і перенести цей законопроект.
ParlaMint-UA_2004-10-19-m1.u46.p2.sent1	Якщо говорити про нашу позицію, то спірні питання, про які говорив, зокрема, народний депутат Кармазін, вони доопрацьовані.
ParlaMint-UA_2004-10-19-m1.u46.p2.sent2	Це стосувалося реєстрації прав на нерухомість.
ParlaMint-UA_2004-10-19-m1.u46.p2.sent3	Якщо народні депутати підтримують позицію про необхідність збереження в системі юстиції пенітенціарної системи, то в такому вигляді він може бути прийнятий, незважаючи на наше прохання відкласти розгляд.
ParlaMint-UA_2004-10-19-m1.u47.p1.sent1	Дякую.
ParlaMint-UA_2004-10-19-m1.u47.p2.sent1	Я хотів би сказати, шановні колеги, тут присутні люди, які налаштовані на прийняття закону.
ParlaMint-UA_2004-10-19-m1.u47.p2.sent2	Ваше прохання треба було б адресувати дещо іншій установі з цього приводу.
ParlaMint-UA_2004-10-19-m1.u47.p3.sent1	Я ставив на голосування пропозицію вашу.
ParlaMint-UA_2004-10-19-m1.u47.p3.sent2	Верховна Рада не підтримала, на жаль.
ParlaMint-UA_2004-10-19-m1.u47.p3.sent3	Хоча я підтримував перенесення цього проекту закону.
ParlaMint-UA_2004-10-19-m1.u47.p4.sent1	Шановні колеги, відповідно до пропозицій, які прозвучали, я буду ставити на голосування.
ParlaMint-UA_2004-10-19-m1.u47.p4.sent2	Першою ставиться на голосування пропозиція профільного комітету: прийняти в другому читанні та в цілому як закон проект Закону про органи юстиції.
ParlaMint-UA_2004-10-19-m1.u47.p4.sent3	Реєстраційний номер 2152.
ParlaMint-UA_2004-10-19-m1.u47.p4.sent4	Прошу голосувати.
ParlaMint-UA_2004-10-19-m1.u47.p5.sent1	За-44
ParlaMint-UA_2004-10-19-m1.u47.p6.sent1	Рішення не прийнято.
ParlaMint-UA_2004-10-19-m1.u47.p6.sent2	Другим я поставлю на голосування пропозицію Бориса Беспалого.
ParlaMint-UA_2004-10-19-m1.u47.p6.sent3	Прийняти у другому читанні.
ParlaMint-UA_2004-10-19-m1.u47.p6.sent4	Знімаєте?
ParlaMint-UA_2004-10-19-m1.u47.p6.sent5	Тоді, якщо на доопрацювання, я ставлю на голосування про направлення на повторне друге читання проекту Закону "Про органи юстиції", реєстраційний номер - 2152.
ParlaMint-UA_2004-10-19-m1.u47.p7.sent1	За-76
ParlaMint-UA_2004-10-19-m1.u47.p8.sent1	Рішення не прийнято.
ParlaMint-UA_2004-10-19-m1.u47.p8.sent2	Законопроект відхилено.
ParlaMint-UA_2004-10-19-m1.u47.p9.sent1	Оголошується до розгляду проект Постанови "Про скасування рішень Верховної Ради України про прийняття за основу проектів законів України про підприємства в Україні".
ParlaMint-UA_2004-10-19-m1.u47.p9.sent2	Доповідач - заступник голови Комітету з питань економічної політики, управління народним господарством, власності та інвестицій Володимир Йосипович Матвєєв.
ParlaMint-UA_2004-10-19-m1.u47.p9.sent3	Будь ласка.
ParlaMint-UA_2004-10-19-m1.u48.p1.sent1	Шановні колеги, тут і частина з вас звертається і Кармазін, і представники інших фракцій звертаються, і звертаються радіослухачі.
ParlaMint-UA_2004-10-19-m1.u48.p1.sent2	Дійсно, їм дуже цікаво, що ми з вами прийняли у попередньому законопроекті, коли голосували про встановлення межі прожиткового мінімуму.
ParlaMint-UA_2004-10-19-m1.u48.p2.sent1	Я інформую.
ParlaMint-UA_2004-10-19-m1.u48.p2.sent2	Це і для вас, ви це знаєте, бо свідомо голосували, але для наших радіослухачів.
ParlaMint-UA_2004-10-19-m1.u48.p2.sent3	Кабінет Міністрів запропонував, щоб затвердити на наступний рік прожитковий мінімум на одну особу з розрахунком на місяць у розмірі 382 гривні.
ParlaMint-UA_2004-10-19-m1.u48.p2.sent4	Ми з вами проголосували поправку, групи народних депутатів, набрала ця поправка 233 голоси вцілому, вцілому закон набрав 250 голосів про те, щоб величину прожиткового мінімуму на 2005 рік установити в розмірі 432 гривні.
ParlaMint-UA_2004-10-19-m1.u48.p2.sent5	Тобто, збільшили, на жаль, всього-на-всього на 50 гривень.
ParlaMint-UA_2004-10-19-m1.u49.p1.sent1	Шановні колеги!
ParlaMint-UA_2004-10-19-m1.u49.p1.sent2	Оголошується до розгляду проект Постанови "Про скасування рішень Верховної Ради України про прийняття за основу проектів законів України про внесення змін до Закону України "Про підприємства в Україні”.
ParlaMint-UA_2004-10-19-m1.u49.p1.sent3	Доповідає голова Комітету з питань економічної політики, управління народним господарством, власності та інвестицій Станіслав Іванович Гуренко.
ParlaMint-UA_2004-10-19-m1.u50.p1.sent1	Гуренко, фракція комуністів.
ParlaMint-UA_2004-10-19-m1.u50.p2.sent1	Шановні колеги!
ParlaMint-UA_2004-10-19-m1.u50.p2.sent2	Шановні наші виборці!
ParlaMint-UA_2004-10-19-m1.u50.p2.sent3	Сьогодні ми розглядаємо питання, яке, на мій погляд, повинно знайти стовідсоткову підтримку у цій залі.
ParlaMint-UA_2004-10-19-m1.u50.p3.sent1	Про що йдеться?
ParlaMint-UA_2004-10-19-m1.u50.p3.sent2	Йдеться про те, що з того часу, коли законопроекти, які сьогодні винесені на розгляд , з того часу законопроекти, які знаходяться в різній стадії розгляду, вони попали під зміну діючого законодавства.
ParlaMint-UA_2004-10-19-m1.u50.p3.sent3	Справа у тому, що був прийнятий Господарчий кодекс України.
ParlaMint-UA_2004-10-19-m1.u50.p3.sent4	У відповідності із пунктом другим дев’ятого розділу заключних положень Господарчого кодексу України Закон України " Про підприємства в Україні" , який пропонувався указаними законопроектами до внесення змін, він втратив силу, і фактично не діє з 1 січня 2004 року.
ParlaMint-UA_2004-10-19-m1.u50.p3.sent5	Зважаючи на сказане комітет прийняв рішення рекомендувати нашому засіданню.
ParlaMint-UA_2004-10-19-m1.u50.p4.sent1	Перше, відмінити рішення Верховної Ради України від 3 квітня 2003 року про прийняття за основу проекту Закону України про внесення змін у Закон України "Про підприємства" .
ParlaMint-UA_2004-10-19-m1.u50.p5.sent1	Друге.
ParlaMint-UA_2004-10-19-m1.u50.p5.sent2	Відмінити рішення Верховної Ради від 22 травня 2003 року про прийняття за основу проекту Закону про внесення змін у Закон України "Про підприємства в Україні" .
ParlaMint-UA_2004-10-19-m1.u50.p6.sent1	І, нарешті, відмінити рішення Верховної Ради України від 20 листопада 2003 року про прийняття за основу проектів Закону України про внесення змін і доповнень у Господарчий кодекс України стосовно управління державними підприємствами і внесення змін у Закон України "Про підприємства в Україні" в частині прийняття за основу проекту України про внесення змін у Закон України "Про підприємства в Україні", реєстраційний номер 3286.
ParlaMint-UA_2004-10-19-m1.u50.p6.sent2	Отаке, багато тут нібито фактажу, а фактично йдеться про приведення у відповідність діючого законодавства до тих змін, що сталися в нашому житті.
ParlaMint-UA_2004-10-19-m1.u50.p6.sent3	Спасибі.
ParlaMint-UA_2004-10-19-m1.u51.p1.sent1	Дякую, Станіслав Іванович.
ParlaMint-UA_2004-10-19-m1.u51.p2.sent1	Шановні колеги, нема потреби, мабуть, тут обговорювати.
ParlaMint-UA_2004-10-19-m1.u51.p2.sent2	Питання цілком очевидне.
ParlaMint-UA_2004-10-19-m1.u51.p2.sent3	Тому я прошу змобілізуватися для того, щоб ми могли проголосувати.
ParlaMint-UA_2004-10-19-m1.u51.p2.sent4	Прошу уваги!
ParlaMint-UA_2004-10-19-m1.u51.p3.sent1	Я ставлю на голосування пропозицію комітету про прийняття проекту Постанови Верховної Ради України як Постанови про скасування рішень Верховної Ради України про прийняття за основу проектів законів України про внесення змін до Закону України "Про підприємства в Україні", реєстраційний номер 1216-П.
ParlaMint-UA_2004-10-19-m1.u51.p3.sent2	Прошу голосувати.
ParlaMint-UA_2004-10-19-m1.u51.p4.sent1	За-230
ParlaMint-UA_2004-10-19-m1.u51.p5.sent1	Рішення прийнято.
ParlaMint-UA_2004-10-19-m1.u51.p6.sent1	Шановні колеги!.
ParlaMint-UA_2004-10-19-m1.u51.p6.sent2	Що, що?
ParlaMint-UA_2004-10-19-m1.u51.p6.sent3	Шановні колеги, прошу уваги!
ParlaMint-UA_2004-10-19-m1.u51.p6.sent4	Тут дві фракції звернулися - "Центр" і фракція Соціалістичної партії з вимогою оголосити перерву, відповідно до регламенту, 30 хвилин.
ParlaMint-UA_2004-10-19-m1.u51.p6.sent5	Давайте, очевидно, таким чином.
ParlaMint-UA_2004-10-19-m1.u51.p6.sent6	Оскільки ці фракції тут зареєстровані і працюють, то я не можу не надати слова.
ParlaMint-UA_2004-10-19-m1.u51.p6.sent7	Я просив би, якщо є з приводу чого ви б хотіли брати перерву, зробити відповідне повідомлення, щоб ми могли б продовжувати нашу роботу.
ParlaMint-UA_2004-10-19-m1.u51.p6.sent8	"Центр" і соціалістична.
ParlaMint-UA_2004-10-19-m1.u51.p6.sent9	фракція Соціалістичної партії.
ParlaMint-UA_2004-10-19-m1.u51.p6.sent10	Кому ви доручаєте?
ParlaMint-UA_2004-10-19-m1.u51.p6.sent11	Слово Королю Віктору Михайловичу, будь ласка.
ParlaMint-UA_2004-10-19-m1.u52.p1.sent1	Шановні!
ParlaMint-UA_2004-10-19-m1.u52.p1.sent2	Нині діючий режим доживає останні дні.
ParlaMint-UA_2004-10-19-m1.u52.p1.sent3	Агонія влади перейшла в істерику.
ParlaMint-UA_2004-10-19-m1.u52.p1.sent4	Сьогодні вся країна стала ареною для репресій тих, хто на боці народного Президента України Віктора Ющенка.
ParlaMint-UA_2004-10-19-m1.u52.p1.sent5	Ті, хто покликаний захищати людей, перетворилися у порушників і провокаторів.
ParlaMint-UA_2004-10-19-m1.u52.p1.sent6	Сьогодні вищі чини і правоохоронці віддають антинародні накази, слугують кримінальній владі.
ParlaMint-UA_2004-10-19-m1.u52.p2.sent1	Буквально за останні кілька днів українська стрічка новин стала стежкою, схожою на хроніку піночетовського путчу в Чилі.
ParlaMint-UA_2004-10-19-m1.u52.p2.sent2	16 жовтня міліція сфабрикувала справу проти активістів.
ParlaMint-UA_2004-10-19-m1.u52.p2.sent3	Ярослава Годунка.
ParlaMint-UA_2004-10-19-m1.u52.p2.sent4	17 намагання провести несанкціонований обшук у приміщенні Києво-Могилянської академії.
ParlaMint-UA_2004-10-19-m1.u52.p2.sent5	18 жовтня масові арешти у Чернігові учасників студентського "Віча".
ParlaMint-UA_2004-10-19-m1.u52.p2.sent6	19 затримання студентки Людмили Тимошенко на третій день після того, як вона виступила на студентському "Віче" на Подолі.
ParlaMint-UA_2004-10-19-m1.u52.p2.sent7	У цей же день силове викрадення міліціонерами у цивільному Анатолія Завіновського, прес-секретаря Миколаївського виборчого штабу Віктора Ющенка.
ParlaMint-UA_2004-10-19-m1.u52.p3.sent1	Тобто сьогодні влада нам продемонструвала, якою вона бачить майбутнє нашої країни.
ParlaMint-UA_2004-10-19-m1.u52.p3.sent2	Команда нинішнього Прем’єра задумала перетворити український народ на безсловесне стадо, Україну - на державу страха, приниження, беззаконня і нужди.
ParlaMint-UA_2004-10-19-m1.u52.p3.sent3	Сьогодні ми можемо впевнено сказати, нічого у влади не вийде, як не вийшло із безграмотного зробити професора.
ParlaMint-UA_2004-10-19-m1.u52.p4.sent1	Ми звертаємося до працівників правоохоронних органів, до падіння режиму залишилося лічені дні.
ParlaMint-UA_2004-10-19-m1.u52.p4.sent2	Пам’ятайте про присягу, не виконуйте злочинних наказів, бо ті, хто сьогодні вам їх віддає, утече на кіпри і за кордон, а відповідати перед народом будете ви.
ParlaMint-UA_2004-10-19-m1.u52.p5.sent1	Коаліція сили народу заявляє, що захищатиме всіх чесних людей, яких сьогодні пригнічує бандитсько-поліцейська влада.
ParlaMint-UA_2004-10-19-m1.u52.p5.sent2	Ми боротимося за права людини і не поступимося у цій боротьбі.
ParlaMint-UA_2004-10-19-m1.u52.p5.sent3	Також ми запевняємо, залишаємо за собою право на громадський протест у межах законодавства і Конституції України.
ParlaMint-UA_2004-10-19-m1.u52.p5.sent4	Дякую.
ParlaMint-UA_2004-10-19-m1.u53.p1.sent1	Шановні колеги, я ще раз просив би.
ParlaMint-UA_2004-10-19-m1.u53.p1.sent2	Шановні колеги, ще раз просив би до коректності висловлювань, дуже прошу вас.
ParlaMint-UA_2004-10-19-m1.u53.p1.sent3	Давайте, щоб у нас не було підстав, жодних звинувачень.
ParlaMint-UA_2004-10-19-m1.u53.p1.sent4	Я прошу вас, шановні колеги, якщо факти, говоріть про факти.
ParlaMint-UA_2004-10-19-m1.u53.p1.sent5	Будь ласка.
ParlaMint-UA_2004-10-19-m1.u53.p1.sent6	Нам треба зараз прийняти рішення за результатами проведення Дня уряду, коли ми обговорювали питання про нові напрями співробітництва України з Європейським союзом у зв’язку з розширенням ЄС.
ParlaMint-UA_2004-10-19-m1.u53.p1.sent7	Ми проводили День уряду, обговорювали це питання, підготовлений проект постанови.
ParlaMint-UA_2004-10-19-m1.u53.p1.sent8	Вам його роздано.
ParlaMint-UA_2004-10-19-m1.u53.p2.sent1	Зварич, будь ласка, Роман Михайлович.
ParlaMint-UA_2004-10-19-m1.u53.p2.sent2	Тільки прошу звернути увагу, шановні колеги, що у нас не буде обговорення, оскільки ми це питання розглядали.
ParlaMint-UA_2004-10-19-m1.u54.p1.sent1	Шановний Володимире Михайловичу, шановні колеги.
ParlaMint-UA_2004-10-19-m1.u54.p1.sent2	Дозвольте нагадати вам, що 14 вересня цього року у Верховній Раді було проведено День уряду, присвячений питанню нових напрямків співробітництва України з Європейський союзом.
ParlaMint-UA_2004-10-19-m1.u54.p1.sent3	За результатами підготовлено проект постанови, який пропонується вашій увазі.
ParlaMint-UA_2004-10-19-m1.u54.p2.sent1	Проектом пропонується доручити Кабінету Міністрів активізувати роботу на багатьох напрямках співробітництва з ЄС, активізувати роботу з державами, членами ЄС з питань транскордонного співробітництва, активізувати співпрацю з державами, членами ЄС у сфері боротьби з тероризмом, організованою злочинністю і тому подібне.
ParlaMint-UA_2004-10-19-m1.u54.p2.sent2	Верховній Раді пропонується зосередити основу увагу на питаннях наближення законодавства України до законодавства ЄС, а також здійсненні ефективного парламентського контролю з виконанням заходів, спрямованих на реалізацію плану дій Україна-ЄС.
ParlaMint-UA_2004-10-19-m1.u54.p3.sent1	Просимо підтримати цей проект постанови.
ParlaMint-UA_2004-10-19-m1.u55.p1.sent1	Дякую, Романе Михайловичу.
ParlaMint-UA_2004-10-19-m1.u55.p1.sent2	Шановні колеги, прошу уваги.
ParlaMint-UA_2004-10-19-m1.u55.p1.sent3	Шановні колеги, прошу уваги.
ParlaMint-UA_2004-10-19-m1.u55.p2.sent1	Я ставлю на голосування проект постанови Верховної Ради для прийняття як постанови Верховної Ради про інформацію Кабінету Міністрів України про нові напрями співробітництва України з Європейським союзом у зв’язку з розширенням Європейським союзом.
ParlaMint-UA_2004-10-19-m1.u55.p2.sent2	Реєстраційний номер 6196.
ParlaMint-UA_2004-10-19-m1.u55.p2.sent3	Прошу голосувати.
ParlaMint-UA_2004-10-19-m1.u55.p3.sent1	За-169
ParlaMint-UA_2004-10-19-m1.u55.p4.sent1	Рішення не прийнято.
ParlaMint-UA_2004-10-19-m1.u55.p5.sent1	Так, Кармазін.
ParlaMint-UA_2004-10-19-m1.u55.p5.sent2	Говорить, що альтернативний, але мені не далі альтернативний проект.
ParlaMint-UA_2004-10-19-m1.u55.p5.sent3	Будь ласка, Юрій Анатолійович, давайте обгрунтуйте свою позицію і дайте мені цей проект.
ParlaMint-UA_2004-10-19-m1.u55.p5.sent4	Секретаріат, прошу розібратися, чому своєчасно не було подано альтернативний проект, коли він зареєстрований.
ParlaMint-UA_2004-10-19-m1.u55.p5.sent5	Будь ласка.
ParlaMint-UA_2004-10-19-m1.u56.p1.sent1	Юрій Кармазін, Партія захисників вітчизни, "Солідарність" виборчого блоку Віктора Ющенка.
ParlaMint-UA_2004-10-19-m1.u56.p2.sent1	Шановні народні депутати!
ParlaMint-UA_2004-10-19-m1.u56.p2.sent2	Законопроект 6196-1 - альтернативний проект Постанови Верховної Ради України.
ParlaMint-UA_2004-10-19-m1.u56.p2.sent3	Я бачу, що не всі готові прийняти той проект постанови, але нам треба прийняти постанову.
ParlaMint-UA_2004-10-19-m1.u56.p3.sent1	Тут я коротко доповім так, чим він відрізняється?
ParlaMint-UA_2004-10-19-m1.u56.p3.sent2	З метою захисту національних інтересів України і подальшого розвитку відносин між Україною та ЄС на якісно новому рівні Верховна Рада України постановляє: перше - інформацію Кабінету Міністрів про нові напрямки співробітництва України з Європейським Союзом у зв’язку з розширенням ЄС взяти до відома, з метою адаптації законодавства до законодавства Європейського Союзу для досягнення відповідності правової системи України правовій системі ЄС з метою набуття нею членства в Європейському Союзі з урахуванням критеріїв, що висуваються Європейським Союзом до держав, які мають намір вступити до нього та визначення механізмів, етапів та графіку досягнення цих систем Верховній Раді в кожному комітеті Верховної Ради створити підкомітет, до повноважень якого входить підготовка законопроектів з питань європейської інтеграції та відповідності міжнародному праву відповідно до предмету відання цього комітету.
ParlaMint-UA_2004-10-19-m1.u56.p3.sent3	До речі, так зроблено в багатьох країнах світу.
ParlaMint-UA_2004-10-19-m1.u56.p4.sent1	Далі.
ParlaMint-UA_2004-10-19-m1.u56.p4.sent2	Створити координаційну раду з питань загальнодержавної програми адаптації нормативно-правових актів України та Європейського Союзу при Верховній Раді в складі голови координаційної ради - Голови Верховної Ради України, заступника голови Комітету з питань європейської інтеграції, членів ради голів тих підкомітетів Верховної Ради, до повноважень яких входить підготовка законопроектів з питань європейської інтеграції і відповідності міжнародному праву.
ParlaMint-UA_2004-10-19-m1.u56.p4.sent3	Затвердити план роботи на 2005-2010, який складається з послідовних етапів досягнення ступенів відповідності законодавства України законодавству ЄС, визначити цілі, завдання і терміни виконання етапів виконання програми, встановлювати їх період.
ParlaMint-UA_2004-10-19-m1.u56.p4.sent4	Розглянути пропозицію стосовно внесення змін до програми, визначити перелік законопроектних робіт затвердити щорічний план заходів, передбачити в проектах Державного бюджету витрати на фінансування заходів з виконання програми Верховною Радою України, визначити пріоритети при формуванні графіку розробки і адаптації нормативно-правових актів України та Європейського союзу і перекладу на українську мову термінів та цих актів з урахуванням угоди про партнерство та співробітництво між Україною і європейським співтовариством та їх державами членами від 14 червня 1994 року, узгодити з Европарламентом для уникнення розбіжностей і різних тлумачень, механізм надання перекладам актів законодавства Європейського союзу офіційного статусу, створити в апараті Верховної Ради юридичну службу, що включає до свого складу Головне юридичне науково-експертне управління, відділи по зв’язкам з органами правосуддя та перекладу на українську мову актів законодавства Європейського союзу, на яку також покладається питання експертизи чинних нормативно-правових актів України та їх проектів на відповідність положенням нормативно-правових актів Європейського союзу, затвердити класифікатор нормативно-правових актів Верховної Ради та зміни до нього, координація та контроль пріоритетного спрямування відповідно до цієї програми коштів Державного бюджету.
ParlaMint-UA_2004-10-19-m1.u56.p5.sent1	І тут є доручення юридичній службі і іншим службам і уряду України: забезпечити створення і функціонування.
ParlaMint-UA_2004-10-19-m1.u57.p1.sent1	Шановні колеги!
ParlaMint-UA_2004-10-19-m1.u57.p2.sent1	Щоб зберегти тут вже повністю всю чистоту, я ставлю на голосування ще один проект, це проект, внесений народним депутатом Юрієм Кармазіним про інформацію Кабінету Міністрів України щодо нових напрямів співробітництва України з Європейським союзом у зв’язку з розширенням Європейського союзу.
ParlaMint-UA_2004-10-19-m1.u57.p2.sent2	Реєстраційний номер 6196-1.
ParlaMint-UA_2004-10-19-m1.u57.p3.sent1	За-136
ParlaMint-UA_2004-10-19-m1.u57.p4.sent1	Рішення не прийнято.
ParlaMint-UA_2004-10-19-m1.u57.p5.sent1	Оголошується до розгляду проект постанови про звернення Верховної Ради України до урядів країн великої сімки та європейського товариства, реєстраційний номер 5697, доповідач - секретар Комітету з питань екологічної політики, природокористування та ліквідації наслідків Чорнобильської катастрофи Юрій Петрович Соломатін.
ParlaMint-UA_2004-10-19-m1.u57.p6.sent1	Будь ласка, Юрію Петровичу.
ParlaMint-UA_2004-10-19-m1.u57.p6.sent2	Якщо можна, коротко.
ParlaMint-UA_2004-10-19-m1.u58.p1.sent1	Шановні колеги, шановні радіослухачі!
ParlaMint-UA_2004-10-19-m1.u58.p2.sent1	11 березня 2004 року був оголошений міжнародний тендер на спорудження нового безпечного.
ParlaMint-UA_2004-10-19-m1.u58.p2.sent2	над зруйнованим четвертим блоком Чорнобильської АЕС.
ParlaMint-UA_2004-10-19-m1.u58.p2.sent3	А 25 жовтня планується отримання технічних пропозицій від потенційних інвесторів щодо даного проекту.
ParlaMint-UA_2004-10-19-m1.u58.p3.sent1	Після оцінки пропозицій з переможцями тендеру будуть укладені контракти.
ParlaMint-UA_2004-10-19-m1.u58.p3.sent2	Даний контракт у відповідності з правилами Європейського банку реконструкції та розвитку може бути заключений тільки у тому випадку, якщо у ЄБРР - розпорядник коштів чорнобильського фонду укриття - будуть гарантії фінансового забезпечення контракту.
ParlaMint-UA_2004-10-19-m1.u58.p4.sent1	Виконані у 2004 році уточнені фінансові оцінки міжнародного проекту, план здійснення заходів на об’єкті укриття обгрунтували необхідність збору додаткових коштів.
ParlaMint-UA_2004-10-19-m1.u58.p4.sent2	Якщо у 1997 році, за експертними оцінками, ці потреби складали 758 мільйонів доларів, то за останніми експертними оцінками вже один мільярд 91 мільйон доларів.
ParlaMint-UA_2004-10-19-m1.u58.p5.sent1	Питання додаткового фінансування на розв’язання проблем на об’єкті укриття розглядається на асамблеях країн-донорів та робочої групи країн Великої сімки вже більше року.
ParlaMint-UA_2004-10-19-m1.u58.p5.sent2	Але остаточних рішень з цього питання вже не було прийнято.
ParlaMint-UA_2004-10-19-m1.u58.p5.sent3	Тому в проекті постанови, яка запропонована вашій увазі, передбачається наступне.
ParlaMint-UA_2004-10-19-m1.u58.p5.sent4	Верховна Рада України звертається до парламентів країн Великої сімки, країн-донорів Чорнобильського фонду укриття та Європейського парламенту із закликом: перше - підтримати зусилля України у справі подолання соціальних наслідків закриття Чорнобильської АЕС та надати відповідне сприяння у реалізації проектів щодо створення додаткових робочих місць для працівників Чорнобильської АЕС, які вивільняються після закриття станції, і жителів міста Славутич; друге - продемонструвати готовність до пошуку більш дієвих та ефективних механізмів для спільного контролю за реалізацією міжнародних чорнобильських проектів, розгляду будь-яких технічних чи фінансових проблем, які створюють перешкоди на шляху досягнення сталості результатів впровадження проектів.
ParlaMint-UA_2004-10-19-m1.u58.p6.sent1	І третє.
ParlaMint-UA_2004-10-19-m1.u58.p6.sent2	Сприяти надходженню додаткових фінансових ресурсів для повного завершення плану здійснення заходів на об’єктів укриття та реалізації інтегрованої системи поводження з радіоактивними відходами як одного з критичних елементів зняття Чорнобильської АЕС з експлуатації та перетворення об’єкту укриття на екологічну безпечну систему.
ParlaMint-UA_2004-10-19-m1.u58.p6.sent3	Ось такі наші пропозиції, ось такий зміст наших звернень.
ParlaMint-UA_2004-10-19-m1.u58.p7.sent1	21 жовтня на позачерговій асамблеї країн-донорів Чорнобильського фонду укриття та 27-29 жовтня на засіданні робочої групи країн "великої сімки" дані питання будуть розглядатися додатково.
ParlaMint-UA_2004-10-19-m1.u58.p7.sent2	У зв’язку з цим, а також враховуючи те, питання виділення коштів на надання фінансової допомоги іншим державам вирішують парламенти.
ParlaMint-UA_2004-10-19-m1.u58.p7.sent3	І тому, доцільно розглянути та прийняти таке наше звернення до вказаних заходів, які мають відбутися наприкінці жовтня.
ParlaMint-UA_2004-10-19-m1.u58.p8.sent1	Проект звернення доопрацьований із врахуванням пропозиції Прем’єр-міністра України, міністерств, інших центральних органів виконавчої влади та міжнародних організацій.
ParlaMint-UA_2004-10-19-m1.u58.p8.sent2	Прошу від імені нашого комітету підтримати проект звернення у запропонованій редакції.
ParlaMint-UA_2004-10-19-m1.u58.p8.sent3	Дякую за увагу.
ParlaMint-UA_2004-10-19-m1.u59.p1.sent1	Дякую за увагу.
ParlaMint-UA_2004-10-19-m1.u59.p2.sent1	Шановні колеги, дозвольте вас поінформувати, що ми розглядали це питання, після доопрацювали.
ParlaMint-UA_2004-10-19-m1.u59.p2.sent2	Я хочу зачитати вам перелік прізвищ народних депутатів, які.
ParlaMint-UA_2004-10-19-m1.u59.p3.sent1	Шановні колеги, вносилися в проект цього документу: Руденко, Осика, Оніщук, Баграєв, Кравчук, Шаров, Бокий, Турчинов, Тополов, Шаров, Ващук.
ParlaMint-UA_2004-10-19-m1.u59.p3.sent2	Після обговорення цей документ був істотно доопрацьований.
ParlaMint-UA_2004-10-19-m1.u59.p4.sent1	І у нас є всі підстави його поставити на голосування і прийняти, бо він не викликає якихось таких різких заперечень.
ParlaMint-UA_2004-10-19-m1.u59.p4.sent2	Немає у вас інших міркувань?
ParlaMint-UA_2004-10-19-m1.u59.p5.sent1	Тоді я ставлю на голосування пропозицію комітету, прошу уваги, про прийняття за основу і в цілому проекту Постанови про звернення Верховної Ради України до урядів країн "великої сімки" та європейського товариства .
ParlaMint-UA_2004-10-19-m1.u59.p5.sent2	Прошу голосувати, шановні колеги.
ParlaMint-UA_2004-10-19-m1.u59.p6.sent1	За-232
ParlaMint-UA_2004-10-19-m1.u59.p7.sent1	Постанова прийнята.
ParlaMint-UA_2004-10-19-m1.u59.p8.sent1	Оголошується до розгляду проект Закону про внесення зміни до статті 77 Господарського кодексу України .
ParlaMint-UA_2004-10-19-m1.u59.p9.sent1	Доповідач перший заступник міністра економіки та з питань євроінтеграції Вощевський Валерій Миколайович.
ParlaMint-UA_2004-10-19-m1.u59.p9.sent2	Будь ласка, Валерію Миколайовичу, 3 хвилини.
ParlaMint-UA_2004-10-19-m1.u60.p1.sent1	Шановний Володимире Михайловичу!
ParlaMint-UA_2004-10-19-m1.u60.p1.sent2	Шановні народні депутати!
ParlaMint-UA_2004-10-19-m1.u60.p1.sent3	На розгляд пропонується проект Закону України про внесення зміни до Господарського кодексу.
ParlaMint-UA_2004-10-19-m1.u60.p1.sent4	Проект Закону розроблено з метою приведення положень Господарського кодексу України у відповідність до положень Цивільного та Бюджетного кодексу.
ParlaMint-UA_2004-10-19-m1.u60.p2.sent1	Проектом передбачається виключити положення частини сьомої статті 77 Господарського кодексу, яким визначено, що у разі недостатності коштів, що перебувають у розпорядженні казенного підприємства, держава в особі органу, до сфери управління якого воно входить, несе субсидіарну відповідальність за зобов’язанням казенного підприємства.
ParlaMint-UA_2004-10-19-m1.u60.p3.sent1	При цьому.
ParlaMint-UA_2004-10-19-m1.u60.p3.sent2	положення, що казенне підприємство відповідає за своїм зобов’язанням коштами, що перебувають у його розпорядженні.
ParlaMint-UA_2004-10-19-m1.u60.p4.sent1	відповідно до статті 4 Господарського кодексу майнові та особисті немайнові відносини регулюються Цивільним кодексом, а фінансові відносини за участю суб’єктів господарювання, що виникають у процесі формування та контролю виконання бюджетів всіх рівнів, регулюються Бюджетним кодексом.
ParlaMint-UA_2004-10-19-m1.u60.p5.sent1	Отже, виконання зобов’язань казенного підприємство має здійснюватися згідно з зазначеними кодексами і не потребує додаткового регулювання.
ParlaMint-UA_2004-10-19-m1.u60.p6.sent1	Прийняття зазначеного проекту закону сприятиме нормативно-правовому впорядкуванню діяльності казенних підприємств.
ParlaMint-UA_2004-10-19-m1.u60.p6.sent2	Прохання підтримати.
ParlaMint-UA_2004-10-19-m1.u61.p1.sent1	Дякую.
ParlaMint-UA_2004-10-19-m1.u61.p1.sent2	Сідайте, будь ласка.
ParlaMint-UA_2004-10-19-m1.u61.p2.sent1	Станіслав Іванович Гуренко, голова комітету з питань економічної політики, управління народним господарством, власності та інвестицій.
ParlaMint-UA_2004-10-19-m1.u61.p2.sent2	З позицією комітету з приводу цього законопроекту.
ParlaMint-UA_2004-10-19-m1.u62.p1.sent1	Гуренко, фракція Комуністичної партії України.
ParlaMint-UA_2004-10-19-m1.u62.p2.sent1	Володимире Михайловичу, я з вашого дозволу виголошу аж три позиції зразу.
ParlaMint-UA_2004-10-19-m1.u62.p2.sent2	Перша позиція комітету, який більшістю голосів вирішив підтримати цей законопроект.
ParlaMint-UA_2004-10-19-m1.u62.p2.sent3	Але я не можу не сказати про те, що Комітет з питань фінансів, я не бачу тут.
ParlaMint-UA_2004-10-19-m1.u62.p2.sent4	Є, є його члени.
ParlaMint-UA_2004-10-19-m1.u62.p2.sent5	висловився за те, що зміни в цей закон можуть бути внесені тільки з 2006 року.
ParlaMint-UA_2004-10-19-m1.u62.p2.sent6	І друга пересторога полягає в тому, що група народних депутатів, народних депутатів комуністів, членів нашого комітету, вважає, що не слід приймати цей закон, тому що, тому що його прийняття сьогодні ослаблює позиції казенних заводів.
ParlaMint-UA_2004-10-19-m1.u62.p2.sent7	Сьогодні інтереси заводу, заводу казенного так чи інакше змушене відстоювати відомство, змушене відстоювати міністерство, бо збитки, а у нас зараз ви знаєте, я тільки нагадаю історію, останню історію з літаками "Руслан", коли просто з надуманих, з необгрунтованих приводів арештовували наше державне майно і збиткувалися місяцями над цими.
ParlaMint-UA_2004-10-19-m1.u62.p2.sent8	Оця практика буде продовжена, тому що він не буде захищати не відомство, не посольство, яке знаходиться за рубежем у випадку тому, коли буде відчужене майно нашого підприємства за кордоном.
ParlaMint-UA_2004-10-19-m1.u62.p2.sent9	Тому ще раз говорю: рішення комітету - підтримати, рішення Комітету з питань фінансів - з 2006 року, група депутатів вважає, що не слід цього робити.
ParlaMint-UA_2004-10-19-m1.u62.p2.sent10	Ми визначимося голосуванням Спасибі.
ParlaMint-UA_2004-10-19-m1.u63.p1.sent1	Шановні колеги, можливо, ми тоді поставимо на голосування з тим, щоб Верховна Рада визначилася приймати за основу чи ні.
ParlaMint-UA_2004-10-19-m1.u63.p1.sent2	З мотивів, будь ласка Пинзеник.
ParlaMint-UA_2004-10-19-m1.u63.p1.sent3	Черняк з мотивів.
ParlaMint-UA_2004-10-19-m1.u63.p1.sent4	З мотивів Кармазін.
ParlaMint-UA_2004-10-19-m1.u63.p1.sent5	Будь ласка, Віктор Пинзеник - до мікрофону.
ParlaMint-UA_2004-10-19-m1.u64.p1.sent1	Шановні народні депутати, я звертаюся персонально до фракції комуністів, тому що цей закон треба підтримати.
ParlaMint-UA_2004-10-19-m1.u64.p1.sent2	Що містить нині діючий закон?
ParlaMint-UA_2004-10-19-m1.u64.p1.sent3	Що зобов’язання казенних підприємств покривається з бюджету, якщо говорити людською мовою.
ParlaMint-UA_2004-10-19-m1.u64.p2.sent1	Нинішній закон каже: дорогі хлопці, крадіть побільше, все вам покриє державний бюджет.
ParlaMint-UA_2004-10-19-m1.u64.p2.sent2	Тому скасування цієї норми якраз закриває дірки зловживань.
ParlaMint-UA_2004-10-19-m1.u64.p2.sent3	Бо що стосується дотацій чи субсидій окремим підприємствам, і це рішення можемо прийняти у бюджеті.
ParlaMint-UA_2004-10-19-m1.u64.p2.sent4	Тому я звертаюся до фракції комуністів, підтримати закон, за яким розкривається можливість розкрадання державних коштів.
ParlaMint-UA_2004-10-19-m1.u65.p1.sent1	Будь ласка, Черняк, фракція "Наша Україна".
ParlaMint-UA_2004-10-19-m1.u66.p1.sent1	Шановні колеги, питання не таке просте, як здається.
ParlaMint-UA_2004-10-19-m1.u66.p1.sent2	Я в цілому підтримую пропозицію свого колеги Пинзеника.
ParlaMint-UA_2004-10-19-m1.u66.p1.sent3	Але все-таки держава зобов’язана нести зобов’язання по казенних підприємствах, вона є власником.
ParlaMint-UA_2004-10-19-m1.u66.p1.sent4	Я розумію, що треба уникнути розкрадання державних коштів.
ParlaMint-UA_2004-10-19-m1.u66.p1.sent5	Але треба вибудувати систему управління ефективну корпоративними правами держави, державними казенними підприємствами.
ParlaMint-UA_2004-10-19-m1.u66.p1.sent6	Тому питання тут є.
ParlaMint-UA_2004-10-19-m1.u66.p1.sent7	Якщо поставити його вузько, як ставить Пинзеник, тоді треба підтримати законопроект.
ParlaMint-UA_2004-10-19-m1.u66.p2.sent1	Я буду, мабуть, так і голосувати.
ParlaMint-UA_2004-10-19-m1.u66.p2.sent2	Але якщо поставити у більш широкий контекст, то треба подумати над тим все-таки, як зобов’язати державу відповідати за казенні підприємства і зобов’язати їх працювати ефективно.
ParlaMint-UA_2004-10-19-m1.u66.p3.sent1	Дякую.
ParlaMint-UA_2004-10-19-m1.u67.p1.sent1	Юрій Кармазін, потім Мироненко Віктор.
ParlaMint-UA_2004-10-19-m1.u67.p1.sent2	Будь ласка, мікрофон.
ParlaMint-UA_2004-10-19-m1.u68.p1.sent1	Юрій Кармазін, Партія захисників Вітчизни, "Солідарність" виборчого Блоку Віктора Ющенка, "Наша Україна".
ParlaMint-UA_2004-10-19-m1.u68.p2.sent1	Шановні народні депутати, шановний Володимире Михайловичу.
ParlaMint-UA_2004-10-19-m1.u68.p3.sent1	Дійсно, цей закон зовсім з іншої точки зору треба приймати, але приймати тільки у першому читанні, щоб виробити якісь запобіжники.
ParlaMint-UA_2004-10-19-m1.u68.p3.sent2	Я маю на увазі те, що нова редакція частини 7-ї статті 77 Господарського кодексу у новій буде виглядати.
ParlaMint-UA_2004-10-19-m1.u68.p3.sent3	І відповідно до неї казенне підприємство відповідає виключно коштами, що перебувають у його розпорядженні.
ParlaMint-UA_2004-10-19-m1.u68.p3.sent4	І виключаються ті положення, згідно яких орган, до сфери управління якого входить казенне підприємство, внесе повну субсидіарну відповідальність за його зобов’язанням.
ParlaMint-UA_2004-10-19-m1.u68.p4.sent1	Правда, є небезпека.
ParlaMint-UA_2004-10-19-m1.u68.p4.sent2	Небезпека ця, чому я кажу, що у першому читанні його можна прийняти і треба прийняти, тому що норми мають бути узгоджені між собою Господарського кодексу, Цивільного і Бюджетного.
ParlaMint-UA_2004-10-19-m1.u68.p4.sent3	А вони зараз не є узгодженими.
ParlaMint-UA_2004-10-19-m1.u68.p4.sent4	Небезпека є якраз.
ParlaMint-UA_2004-10-19-m1.u69.p1.sent1	Дякую.
ParlaMint-UA_2004-10-19-m1.u69.p1.sent2	Віктор Мироненко.
ParlaMint-UA_2004-10-19-m1.u69.p1.sent3	Мікрофон, будь ласка, увімкніть, фракція комуністів.
ParlaMint-UA_2004-10-19-m1.u70.p1.sent1	Пятый округ, Мироненко, фракция коммунистов.
ParlaMint-UA_2004-10-19-m1.u70.p2.sent1	Уважаемые народные депутаты, на мой взгляд, этот законопроект не следует поддерживать по нескольким причинам.
ParlaMint-UA_2004-10-19-m1.u70.p2.sent2	Во-первых, государство стремится снять с себя ответственность и в результате пострадает опять таки же трудящиеся.
ParlaMint-UA_2004-10-19-m1.u70.p2.sent3	Ибо потом в перспективе вы посмотрите, если не дай Бог Верховная Рада примет закон, с зарплатой будет проблема и так далее, некому будет отвечать перед трудящимися.
ParlaMint-UA_2004-10-19-m1.u70.p3.sent1	Второе.
ParlaMint-UA_2004-10-19-m1.u70.p3.sent2	Уничтожение госсектора с целью приватизации и ограбление народа намечается вот этим законопроектом.
ParlaMint-UA_2004-10-19-m1.u70.p3.sent3	Довести казенные предприятия до банкротства и приватизировать.
ParlaMint-UA_2004-10-19-m1.u70.p3.sent4	И те, кто из "Нашей Украины" только что говорили коммунистов призывают, то призывают фактически к приватизации и к добиванию экономики.
ParlaMint-UA_2004-10-19-m1.u70.p4.sent1	Но и третье.
ParlaMint-UA_2004-10-19-m1.u70.p4.sent2	Госсектор надо усиливать по примеру Советского Союза в Италии, Франции, в Великобритании госсектор усиливается.
ParlaMint-UA_2004-10-19-m1.u70.p4.sent3	Это работает на всю экономику, на весь народ.
ParlaMint-UA_2004-10-19-m1.u70.p4.sent4	Спасибо.
ParlaMint-UA_2004-10-19-m1.u71.p1.sent1	Шановні колеги, давайте знайдемо золоту середину, поставимо на голосування для прийняття за основу, а далі будемо розбиратися.
ParlaMint-UA_2004-10-19-m1.u71.p1.sent2	Давайте приймемо, а далі подивимося.
ParlaMint-UA_2004-10-19-m1.u71.p1.sent3	Може у нас будуть інші аргументи "за" чи "проти" цього документа.
ParlaMint-UA_2004-10-19-m1.u71.p2.sent1	Я ставлю на голосування пропозицію профільного комітету про прийняття за основу проекту закону про внесення зміни до статті 77 Господарського кодексу України щодо казенних підприємств.
ParlaMint-UA_2004-10-19-m1.u71.p2.sent2	Реєстраційний номер 5504.
ParlaMint-UA_2004-10-19-m1.u71.p2.sent3	Прошу голосувати.
ParlaMint-UA_2004-10-19-m1.u71.p3.sent1	За-150
ParlaMint-UA_2004-10-19-m1.u71.p4.sent1	Рішення не прийнято.
ParlaMint-UA_2004-10-19-m1.u71.p5.sent1	Яка пропозиція буде комітету, Станіслав Іванович?
ParlaMint-UA_2004-10-19-m1.u71.p5.sent2	Мікрофон Станіслава Івановича Гуренко.
ParlaMint-UA_2004-10-19-m1.u72.p1.sent1	Гуренко, голова комітету.
ParlaMint-UA_2004-10-19-m1.u72.p2.sent1	Я думаю, що з огляду на всі ті думки, які були тут висловлені, з огляду на ситуацію, його доцільно було б перенести на повторне перше читання і пізніше, може, в кінці цього місяця чи в кінці нашої каденції розглянути ще раз, тим більше, що час у нас є.
ParlaMint-UA_2004-10-19-m1.u72.p2.sent2	У цьому році він уже просто не може бути прийнятий із регламентних положень.
ParlaMint-UA_2004-10-19-m1.u73.p1.sent1	Шановні колеги, пропозиція комітету - направити на повторне перше читання цей проект.
ParlaMint-UA_2004-10-19-m1.u73.p1.sent2	Вона ставиться на голосування, тобто про направлення на повторне перше читання проекту Закону про внесення зміни до статті 77 Господарського кодексу України щодо казенних підприємств.
ParlaMint-UA_2004-10-19-m1.u73.p1.sent3	Реєстраційний номер 5504.
ParlaMint-UA_2004-10-19-m1.u73.p2.sent1	За-212
ParlaMint-UA_2004-10-19-m1.u73.p3.sent1	Законопроект відхилено.
ParlaMint-UA_2004-10-19-m1.u73.p4.sent1	Шановні колеги, законопроект відхилено, "за" - 212.
ParlaMint-UA_2004-10-19-m1.u73.p4.sent2	Ну немає голосів, так що я можу?
ParlaMint-UA_2004-10-19-m1.u73.p4.sent3	По фракціях?
ParlaMint-UA_2004-10-19-m1.u73.p4.sent4	Будь ласка.
ParlaMint-UA_2004-10-19-m1.u73.p4.sent5	"Наша Україна" - 94, "Регіони України" - нуль, комуністів фракція - 41, СДПУ, "Трудова Україна" - нуль, Народна аграрна - 20, СПУ - 16, блок Тимошенко - 13, "Союз", "Єдина Україна" - нулі, "Центр" - 15, НДП, промисловці, підприємці - 4, "Демократичні ініціативи" - 0, позафракційні - 9.
ParlaMint-UA_2004-10-19-m1.u73.p5.sent1	Оголошується до розгляду проект Закону про внесення змін до деяких законодавчих актів України у зв’язку з прийняттям Цивільного та Сімейного кодексів України.
ParlaMint-UA_2004-10-19-m1.u73.p5.sent2	Доповідач - народний депутат України Станіслав Анатолійович Косінов, будь ласка.
ParlaMint-UA_2004-10-19-m1.u73.p5.sent3	Співдоповідачем буде виступати член Комітету з питань правової політики Сергій Іванович Слабенко.
ParlaMint-UA_2004-10-19-m1.u73.p5.sent4	Будь ласка.
ParlaMint-UA_2004-10-19-m1.u74.p1.sent1	Уважаемый Владимир Михайлович, уважаемые коллеги!
ParlaMint-UA_2004-10-19-m1.u74.p1.sent2	Данным законом предполагается согласовать положение Семейного и Гражданского кодексов с положениями других нормативных актов, в частности Закона о гражданстве и гражданско-процессуальном кодексом.
ParlaMint-UA_2004-10-19-m1.u74.p1.sent3	Речь идет о том, чтобы 15-летний возраст понизить до 14-ти лет, имеется в виду о даче права ребенка дать согласие на принятие гражданства, а также выход из гражданства, а также с некоторыми положениями, в частности, статьи 101-й Гражданского процессуального кодекса.
ParlaMint-UA_2004-10-19-m1.u74.p1.sent4	Данное положение носит технический согласовательный характер.
ParlaMint-UA_2004-10-19-m1.u74.p1.sent5	Я думаю, что необходимо просто состыковать отдельные нормы различных законов.
ParlaMint-UA_2004-10-19-m1.u74.p1.sent6	Спасибо.
ParlaMint-UA_2004-10-19-m1.u75.p1.sent1	Дякую, Станіслав Анатолійович.
ParlaMint-UA_2004-10-19-m1.u75.p2.sent1	Слабенко Сергій Іванович, Будь ласка, позиція комітету з приводу цього законопроекту.
ParlaMint-UA_2004-10-19-m1.u76.p1.sent1	Розглянувши на своєму засідання проект Закону України про внесення змін до деяких законодавчих актів України у зв’язку з прийняттям цивільного та сімейного кодексів, реєстраційний номер 3630 від 17.06.2003 року, внесений народним депутатом України Косіновим, Комітет з питань правової політики вирішив рекомендувати Верховній Раді прийняти за основу, а також доручити, допрацювати зазначений законопроект і подати його на розгляд Верховній Раді у другому читанні.
ParlaMint-UA_2004-10-19-m1.u76.p2.sent1	Відповідно є висновки Головного науково-експертного управління, які у своєму висновку від 16.09.2003 року пропонує його положення використати при підготовці до другого читання законопроекту 2420.
ParlaMint-UA_2004-10-19-m1.u76.p3.sent1	Реалізація даного законопроекту не потребують витрат Державного бюджету.
ParlaMint-UA_2004-10-19-m1.u76.p3.sent2	В цілому є одержані висновки і від Кабінету Міністрів позитивні, які вважають за необхідне привести у відповідність нормативно-правові акти у зв’язку з прийняттям нового Цивільного кодексу і нового Сімейного кодексу України.
ParlaMint-UA_2004-10-19-m1.u77.p1.sent1	Дякую.
ParlaMint-UA_2004-10-19-m1.u77.p2.sent1	Шановні колеги, справа, фактично, йде про технічний характер для того, щоб ми могли привести у відповідність Цивільний і сімейний кодекси України.
ParlaMint-UA_2004-10-19-m1.u77.p2.sent2	То, можливо, давайте ми зараз поставимо пропозицію комітету на голосування, приймемо за основу, тоді ще подивимося раз, які в нас будуть виникати питання.
ParlaMint-UA_2004-10-19-m1.u77.p3.sent1	Ну, будь ласка, з мотивів.
ParlaMint-UA_2004-10-19-m1.u77.p3.sent2	Тоді.
ParlaMint-UA_2004-10-19-m1.u77.p4.sent1	Хто з мотивів наполягає?
ParlaMint-UA_2004-10-19-m1.u77.p5.sent1	Кармазін з мотивів, будь ласка.
ParlaMint-UA_2004-10-19-m1.u77.p5.sent2	Сергій Іванович, сідайте, будь ласка.
ParlaMint-UA_2004-10-19-m1.u78.p1.sent1	Юрій Кармазін, Партія захисників Вітчизни, "Солідарність", виборчий блок Віктора Ющенка "Наша Україна".
ParlaMint-UA_2004-10-19-m1.u78.p2.sent1	Шановні народні депутати!
ParlaMint-UA_2004-10-19-m1.u78.p3.sent1	Звісно, треба приймати зразу і в першому, і в другому читанні, тому що абсолютно технічне узгодження.
ParlaMint-UA_2004-10-19-m1.u78.p3.sent2	Це перше питання.
ParlaMint-UA_2004-10-19-m1.u78.p4.sent1	І друге питання.
ParlaMint-UA_2004-10-19-m1.u78.p4.sent2	Володимире Михайловичу, я звертаюся до вас як голови Комісії Верховної Ради по моніторингу виборів.
ParlaMint-UA_2004-10-19-m1.u78.p4.sent3	Зараз дані команди в адміністративному порядку в Луганській і Донецькій області всім директорам шахт: з кожної шахти по 150 чоловік виділити для поїздки на Київ в підтримку Януковича.
ParlaMint-UA_2004-10-19-m1.u78.p4.sent4	Готується протистояння за державний кошт.
ParlaMint-UA_2004-10-19-m1.u78.p4.sent5	Шахти не працюють, а тільки дають, для того щоб по 150 чоловік зараз виділити і їхати на Київ.
ParlaMint-UA_2004-10-19-m1.u78.p4.sent6	Що це таке?!
ParlaMint-UA_2004-10-19-m1.u78.p5.sent1	Я прошу вас негайно зв’язатися з Президентом як з гарантом Конституції, зв’язатися з Кузьмуком, який зараз командування налаштовує на те, що вони мають виконати будь-який наказ.
ParlaMint-UA_2004-10-19-m1.u78.p5.sent2	Під словом "будь-який" ми розуміємо, який наказ можуть виконати зараз, 28-29 числа під час підготовки.
ParlaMint-UA_2004-10-19-m1.u78.p6.sent1	І тому я звертаюся до вас, Володимире Михайловичу.
ParlaMint-UA_2004-10-19-m1.u78.p6.sent2	Будь ласка, вживіть заходів, для того щоб припинили збирати зараз шахтарів, тому що вони ведуть країну до зіткнення.
ParlaMint-UA_2004-10-19-m1.u78.p6.sent3	Цього не можна допустити.
ParlaMint-UA_2004-10-19-m1.u79.p1.sent1	Шановні народні депутати, шановні колеги!
ParlaMint-UA_2004-10-19-m1.u79.p1.sent2	Давайте ми не будемо нагнітати настрої катастрофізму, все у нас буде нормально, давайте не будемо лякати один одного.
ParlaMint-UA_2004-10-19-m1.u79.p1.sent3	А все, що потрібно, ми зробимо.
ParlaMint-UA_2004-10-19-m1.u79.p1.sent4	Давайте будемо діяти згідно затверджених планів.
ParlaMint-UA_2004-10-19-m1.u79.p2.sent1	Шановні колеги, прошу уваги!
ParlaMint-UA_2004-10-19-m1.u79.p2.sent2	Ставиться на голосування пропозиція: про прийняття за основу і в цілому як закон проект Закону про внесення змін до деяких законодавчих актів України у зв’язку з прийняттям Цивільного та Сімейного кодексів України.
ParlaMint-UA_2004-10-19-m1.u79.p2.sent3	Реєстраційний номер 3630.
ParlaMint-UA_2004-10-19-m1.u79.p2.sent4	Прошу голосувати.
ParlaMint-UA_2004-10-19-m1.u79.p3.sent1	За-240
ParlaMint-UA_2004-10-19-m1.u79.p4.sent1	Закон прийнято.
ParlaMint-UA_2004-10-19-m1.u79.p4.sent2	Я поставив вашу пропозицію за основу і в цілому.
ParlaMint-UA_2004-10-19-m1.u79.p4.sent3	Закон прийнято.
ParlaMint-UA_2004-10-19-m1.u79.p4.sent4	Ні, ні, я все чітко сказав.
ParlaMint-UA_2004-10-19-m1.u79.p4.sent5	Закон прийнято.
ParlaMint-UA_2004-10-19-m1.u79.p5.sent1	Оголошується до розгляду проект Постанови про відзначення 110-річчя від дня народження видатного державного діяча Радянської України Дем’яна Коротченка.
ParlaMint-UA_2004-10-19-m1.u79.p5.sent2	У нас тут є два проекти.
ParlaMint-UA_2004-10-19-m1.u79.p5.sent3	Тому я попросив би Валентина Григоровича Матвєєва виступити з цього питання, а також Ольгу Гінзбург.
ParlaMint-UA_2004-10-19-m1.u79.p5.sent4	Прошу, будь ласка, Валентине Григоровичу.
ParlaMint-UA_2004-10-19-m1.u80.p1.sent1	Я дякую.
ParlaMint-UA_2004-10-19-m1.u80.p1.sent2	Валентин Матвєєв, фракція комуністів.
ParlaMint-UA_2004-10-19-m1.u80.p2.sent1	Шановні народні депутати!
ParlaMint-UA_2004-10-19-m1.u80.p2.sent2	Шановні виборці!
ParlaMint-UA_2004-10-19-m1.u80.p2.sent3	Уже через 10 днів, тобто 29 жовтня виповнюється 110 років з дня народження Дем’яна Сергійовича Коротченка.
ParlaMint-UA_2004-10-19-m1.u80.p2.sent4	Син бідного поліського селянина, він піднявся до таких висот і обріїв, які здатна була відкрити його співвітчизникам лише радянська влада.
ParlaMint-UA_2004-10-19-m1.u80.p3.sent1	В роки Великої Вітчизняної Війни секретар Центрального комітету Компартії України, Дем’ян Коротченко один із організаторів підпільної та партизанської боротьби на тимчасово окупованій фашистами радянській території.
ParlaMint-UA_2004-10-19-m1.u80.p3.sent2	Його рейди за лінію фронту.
ParlaMint-UA_2004-10-19-m1.u80.p3.sent3	Проведена величезна організаторська робота безпосередньо в партизанських з’єднаннях, сприяли активізації боротьби народних месників проти німецьких поневолювачів, наближали жаданий день перемоги.
ParlaMint-UA_2004-10-19-m1.u80.p4.sent1	Після війни Дем’ян Сергійович Коротченко - голова ради міністрів української РСР.
ParlaMint-UA_2004-10-19-m1.u80.p4.sent2	На його плечі ліг новий організаторський тягар тепер уже по відродженню зруйнованого війною народного господарства республіки, котре вже на кінець 1950 року перевищило довоєнний рівень.
ParlaMint-UA_2004-10-19-m1.u80.p5.sent1	З 1954 року і до останніх днів свого життя, тобто, більше півтора десятиліття Дем’ян Коротченко працює головою президії Верховної Ради української РСР.
ParlaMint-UA_2004-10-19-m1.u80.p6.sent1	Будучи мудрим і далекоглядним політиком він багато зробив щодо підвищення ролі місцевих рад депутатів трудящих у господарському та соціально-культурному будівництві, у підвищення добробуту народу України.
ParlaMint-UA_2004-10-19-m1.u80.p7.sent1	Життя Дем’яна Сергійовича Коротченка - яскравий взірець служіння інтересам України, ідеалам соціальної справедливості, і справжнього народовладдя.
ParlaMint-UA_2004-10-19-m1.u80.p7.sent2	Тому нашою постановою, з Петром Миколайовичем Симоненко, пропонується: відзначити сторіччя з дня народження Дем’яна Сергійовича Коротченка на державному рівні.
ParlaMint-UA_2004-10-19-m1.u80.p8.sent1	І друге.
ParlaMint-UA_2004-10-19-m1.u80.p8.sent2	Кабінету Міністрів розробити план заходів щодо відзначення ювілею Коротченка, у тому числі передбачивши кошти для реконструкції центральної площі села Коротченкове Шосткінського району Сумської області, тобто на батьківщині Дем’яна Сергійовича.
ParlaMint-UA_2004-10-19-m1.u80.p8.sent3	Про це у своєму проекті, у наступному проекті, який буде доповідати Ольга Петрівна Гінзбург і пропонується, Тому я прошу вас, шановні колеги, підтримати цей проект постанови.
ParlaMint-UA_2004-10-19-m1.u80.p8.sent4	Дякую.
ParlaMint-UA_2004-10-19-m1.u81.p1.sent1	Дякую, Володимире Григоровичу.
ParlaMint-UA_2004-10-19-m1.u81.p2.sent1	Запрошується до виступу Гінзбург Ольга Петрівна щодо проекту постанови 5764-1, будь ласка
ParlaMint-UA_2004-10-19-m1.u82.p1.sent1	Шановний Володимире Михайловичу!
ParlaMint-UA_2004-10-19-m1.u82.p1.sent2	Шановні народні депутати!
ParlaMint-UA_2004-10-19-m1.u82.p1.sent3	Справа у тому, що так сталося, що наші два проекти про одну видатну особу пов’язані, і я мушу зняти чи маю зняти свій проект, бо він співпадає з тією постановою, яку сьогодні тільки що ознайомив вас мій колега, а також Петро Миколайович Симоненко.
ParlaMint-UA_2004-10-19-m1.u82.p2.sent1	Але я повинна сказати деякі слова.
ParlaMint-UA_2004-10-19-m1.u82.p2.sent2	Чому саме сьогодні у селі Коротченко, це мій округ, Шосткінського району, де стоїть бронзове погруддя цієї знаменитої людини, і де всі люди - земляки, пишаються їм, ми сьогодні мусимо віднестися до цього, тому що ця людина була представником радянської лади, образцем відданості свого життя служінню народу.
ParlaMint-UA_2004-10-19-m1.u82.p3.sent1	І якщо вже можна говорити там про його партійну роботу, то головніше б сказати сьогодні, які героїчні поступки робила ця людина в роки Великої вітчизняної війни.
ParlaMint-UA_2004-10-19-m1.u82.p3.sent2	Він свої часи свого життя проводив на відбудові захисту Києва, він працював у Сталінграді, він був у загонах Ковпака і разом з ним пройшов багато, багато кілометрів по партизанським лісам.
ParlaMint-UA_2004-10-19-m1.u82.p3.sent3	Ми знаємо, що він у 43-му році був направлений у діюче з’єднання Південно-західного напрямку, де працював.
ParlaMint-UA_2004-10-19-m1.u82.p3.sent4	Коротченко нагороджений шістьома Орденами Леніна, Орденом Суворова і багатьма медалями.
ParlaMint-UA_2004-10-19-m1.u82.p4.sent1	І в тому, що треба відзначити цю дату, дуже просили мої земляки, жителі міста Коротченко Сумської області і я до вас звертаюся з цім же проханням.
ParlaMint-UA_2004-10-19-m1.u82.p4.sent2	Дякую за увагу.
ParlaMint-UA_2004-10-19-m1.u83.p1.sent1	Шановні колеги, від комітету, будь ласка, Віталій Олуйко.
ParlaMint-UA_2004-10-19-m1.u83.p1.sent2	Є Віталій Олуйко?
ParlaMint-UA_2004-10-19-m1.u83.p1.sent3	Немає.
ParlaMint-UA_2004-10-19-m1.u83.p1.sent4	Є рішення комітету.
ParlaMint-UA_2004-10-19-m1.u83.p1.sent5	У нас є, шановні колеги, два проекти постанов про неприйнятність.
ParlaMint-UA_2004-10-19-m1.u83.p1.sent6	Будь ласка, Андрій Шкіль.
ParlaMint-UA_2004-10-19-m1.u83.p1.sent7	Другий - Олег Тягнибок.
ParlaMint-UA_2004-10-19-m1.u83.p1.sent8	Зараз ми ж про неприйнятність, потім з мотивів визначатися.
ParlaMint-UA_2004-10-19-m1.u84.p1.sent1	Дякую, Володимире Михайловичу.
ParlaMint-UA_2004-10-19-m1.u84.p1.sent2	Шкіль Андрій, фракція Блоку Юлії Тимошенко.
ParlaMint-UA_2004-10-19-m1.u84.p2.sent1	Ви знаєте, коли така постанова пропонується прийнятті в Верховній Раді України, виникають сумніви в тому, що чи серйозно ставляться до Верховної Ради ті, хто пропонує подібну постанову.
ParlaMint-UA_2004-10-19-m1.u84.p2.sent2	Тому що якби тут мова йшла.
ParlaMint-UA_2004-10-19-m1.u84.p2.sent3	Ми тут розглядали постанови і схрещували списи, коли йшлася мова про Уласа Савчука, Кожедуба і Рильського.
ParlaMint-UA_2004-10-19-m1.u84.p2.sent4	І врешті-решт це були спільні постаті, як один другий, всі ми могли проголосувати чи ні.
ParlaMint-UA_2004-10-19-m1.u84.p2.sent5	Але коли говориться про Дем’яна Коротченка.
ParlaMint-UA_2004-10-19-m1.u84.p2.sent6	Я розумію, що отут наголос робився на його славному військовому минулому.
ParlaMint-UA_2004-10-19-m1.u84.p2.sent7	Але давайте ми пригадаємо його ще діяльність довоєнну.
ParlaMint-UA_2004-10-19-m1.u84.p2.sent8	Це один з організаторів голодомору в Україні.
ParlaMint-UA_2004-10-19-m1.u84.p2.sent9	І можна тричі підтверджувати чи стверджувати, чи переконувати, переконувати в тому, що не було ні голодомору, ні його тоді не було, він.
ParlaMint-UA_2004-10-19-m1.u84.p2.sent10	Я хочу наголосити на тому, що в даній ситуації ставлення цього законопроекту, постанови цієї в якості законопроекту в стінах Верховної Ради нинішньої та ще як радянського державного діяча викликає в мене величезну кількість запитань.
ParlaMint-UA_2004-10-19-m1.u84.p2.sent11	І у мене є тільки одна на це відповідь.
ParlaMint-UA_2004-10-19-m1.u84.p2.sent12	Я думаю, ті, хто пропонував подібний законопроект, вони хотіли посіяти розбрат і хитання в стінах Верховної Ради, тому що наперед знаючи, що цей законопроект викличе колосальну хвилю незадоволення в Верховній Раді.
ParlaMint-UA_2004-10-19-m1.u84.p2.sent13	Це викличе колосальне збурення так чи інакше людей, які слухають і прильнули зараз до радіоприймачів Верховної Ради, тому що, тому що не треба роз’єднувати суспільство, його треба об’єднувати.
ParlaMint-UA_2004-10-19-m1.u84.p2.sent14	І властиво, коли об’єднавчої ролі не хоче брати на себе нині діюча влада виконавча, то принаймні об’єднавчу роль має брати на себе парламент.
ParlaMint-UA_2004-10-19-m1.u84.p2.sent15	І власне тому я вийшов з ініціативою про неприйнятність.
ParlaMint-UA_2004-10-19-m1.u84.p2.sent16	І я пропонував би просто відкликати ці два законопроекти як такі.
ParlaMint-UA_2004-10-19-m1.u84.p2.sent17	що не є на часі.
ParlaMint-UA_2004-10-19-m1.u84.p2.sent18	Повірте, вони і так не пройдуть у сьогоднішніх стінах цього парламенту.
ParlaMint-UA_2004-10-19-m1.u84.p2.sent19	Вони не пройдуть з багатьох причин.
ParlaMint-UA_2004-10-19-m1.u84.p2.sent20	У першу чергу, що немає ваших союзників тут у центральній частині парламенту, які дуже часто підтримують подібні законопроекти, не знаю з яких причин, і постанова Верховної Ради.
ParlaMint-UA_2004-10-19-m1.u84.p3.sent1	Тому я б наголосив, в ім’я просто здорового глузду, мира і злагоди для того, щоб не підставляти у черговий раз парламент, для того, щоб не торпедувати парламентаризм в Україні, для того, щоб не виховувати у нинішнього молодого покоління нігілізму і зневаги до парламентаризму як явища.
ParlaMint-UA_2004-10-19-m1.u84.p3.sent2	Я просто би звернувся із закликом до авторів цієї постанови, відкликати, як мінімум, на деякий час, і тоді це буде мудрий, виважений, зрозумілий крок.
ParlaMint-UA_2004-10-19-m1.u84.p3.sent3	В інакшому випадку я, чесно кажучи, буду здивований такій ініціативі і наголошу, що він не пройде у цій залі, але ви викличете серйозне резонансне протистояння.
ParlaMint-UA_2004-10-19-m1.u84.p3.sent4	Дякую.
ParlaMint-UA_2004-10-19-m1.u85.p1.sent1	Одну хвилиночку, шановні колеги, одну хвилинку.
ParlaMint-UA_2004-10-19-m1.u85.p2.sent1	Зараз я ж оголосив про неприйнятність, а потім ми з мотивів обміняємося.
ParlaMint-UA_2004-10-19-m1.u85.p2.sent2	Там же два проекти постанов є, які автор Шкіль і Олег Тягнибок.
ParlaMint-UA_2004-10-19-m1.u85.p2.sent3	Будь ласка.
ParlaMint-UA_2004-10-19-m1.u86.p1.sent1	Олег Тягнибок, Всеукраїнське об’єднання "Свобода".
ParlaMint-UA_2004-10-19-m1.u86.p2.sent1	Шановні колеги, я так само подивований, що колеги комуністи внесли цей законопроект на розгляд саме зараз у Верховній Раді, оскільки, дійсно, він викликає повне непорозуміння.
ParlaMint-UA_2004-10-19-m1.u86.p3.sent1	Скажіть мені наступне.
ParlaMint-UA_2004-10-19-m1.u86.p3.sent2	Чи може себе нація поважати, коли ми тут у стінах парламенту виставляємо законопроекти, які мають на державному рівні вихваляти катів українського народу?
ParlaMint-UA_2004-10-19-m1.u86.p3.sent3	І досить цікаво пан Матвєєв і пані Гінзбург, виступаючи тут і презентуючи цей законопроект, чомусь замовчували про деякі інші сторінки біографії пана Коротченка, який з 1918 року, працюючи у системі партійного і господарського, господарській системі комуністичного більшовицького режиму, працював і першим секретарем Бауманського райкому ВКПБ і секретарем Московського обкому ВКПБ саме у той період, саме у той період, коли був організований голодомор 1932-1933 року в Україні, саме тоді, коли 10 мільйонів українців було знищено оцим комуністично-більшовицьким режимом.
ParlaMint-UA_2004-10-19-m1.u86.p3.sent4	І Коротченко, працюючи тоді в системі партійних і господарських органів в Україні і в Москві, він не міг про не знати.
ParlaMint-UA_2004-10-19-m1.u86.p4.sent1	З 1938 по 1939 рік, панове, Коротченка було призначено головою Ради народних комісарів.
ParlaMint-UA_2004-10-19-m1.u86.p5.sent1	1939-1947 - секретар ЦК КПБУ.
ParlaMint-UA_2004-10-19-m1.u86.p5.sent2	Саме в цей період була найбільша хвиля знищення української інтелігенції, репресії, ГУЛАГи, розстріли української нації.
ParlaMint-UA_2004-10-19-m1.u86.p5.sent3	Ви що думаєте, про то ніхто не пам’ятає, і що про це вже забули?
ParlaMint-UA_2004-10-19-m1.u86.p6.sent1	1947-1954 роки - Коротченка призначено головою Ради Міністрів Української РСР.
ParlaMint-UA_2004-10-19-m1.u86.p6.sent2	Саме в цей період, і Коротченко не міг про це не знати, був третій упродовж 20 століття голодомор.
ParlaMint-UA_2004-10-19-m1.u86.p7.sent1	І тому, товариство, можна називати дальше період 1954-1968, коли Коротченко - голова Президії Верховної Ради, коли переслідувалися і знищувалися українські дисиденти, коли принижувалася українська мова, коли знищувалася українська культура.
ParlaMint-UA_2004-10-19-m1.u86.p7.sent2	І сьогодні ви вносите питання про святкування на державному рівні 110-річчя оцієї людини?
ParlaMint-UA_2004-10-19-m1.u86.p7.sent3	Даруйте мені, це по крайній мірі цинічно, і це по крайній мірі є виклик тим десяткам мільйонів жертв українцям, які були знищені від рук комуністичного тоталітарного режиму.
ParlaMint-UA_2004-10-19-m1.u86.p8.sent1	Та зрештою, товариство, на початку 90-х років у місті Києві була вулиця Дем’яна Коротченка, і тоді вона була переіменована у вулицю Олени Теліги.
ParlaMint-UA_2004-10-19-m1.u86.p8.sent2	Саме тоді це було зроблено, коли комуністи трясли штанами і боялися, не знали, яка далі буде ситуація.
ParlaMint-UA_2004-10-19-m1.u86.p8.sent3	А сьогодні, я бачу, ви вже встали з колін.
ParlaMint-UA_2004-10-19-m1.u86.p8.sent4	Сьогодні, я бачу, ви далі хочете повернути оту систему тоталітарну, злочинну, що був знищений український народ?
ParlaMint-UA_2004-10-19-m1.u86.p9.sent1	Тому була моя пропозиція про неприйнятність і прошу її підтримати, товариство.
ParlaMint-UA_2004-10-19-m1.u87.p1.sent1	Я зараз дам, шановні колеги.
ParlaMint-UA_2004-10-19-m1.u87.p1.sent2	Я ще раз хочу, шановні колеги, звернутися до виступаючих.
ParlaMint-UA_2004-10-19-m1.u87.p1.sent3	Давайте не будемо виступати суддями по відношенню один одного і давати оцінки.
ParlaMint-UA_2004-10-19-m1.u87.p1.sent4	Оцінки виставить історія.
ParlaMint-UA_2004-10-19-m1.u87.p1.sent5	Давайте збережемо консенсус і порозуміння.
ParlaMint-UA_2004-10-19-m1.u87.p1.sent6	Оскільки називалося прізвище Гінзбург і Матвєєва.
ParlaMint-UA_2004-10-19-m1.u87.p1.sent7	По хвилині для репліки, будь ласка.
ParlaMint-UA_2004-10-19-m1.u87.p1.sent8	Потім з мотивів.
ParlaMint-UA_2004-10-19-m1.u87.p1.sent9	Зараз репліки.
ParlaMint-UA_2004-10-19-m1.u87.p1.sent10	З мотивів буде.
ParlaMint-UA_2004-10-19-m1.u88.p1.sent1	Я хочу з трибуни сказати.
ParlaMint-UA_2004-10-19-m1.u88.p1.sent2	І хочу, щоб мене не перебили.
ParlaMint-UA_2004-10-19-m1.u88.p1.sent3	Я про таку людину, як Коротченко, поважну людину.
ParlaMint-UA_2004-10-19-m1.u88.p1.sent4	І мої земляки в селі Коротченко, якщо ви слухаєте це, то ви знаєте, за кого голосувати.
ParlaMint-UA_2004-10-19-m1.u88.p1.sent5	Ви згадайте, як ваш колгосп-мільйонер був в радянські часи, і як ви жили тоді.
ParlaMint-UA_2004-10-19-m1.u88.p1.sent6	І як зараз після 91-го року попалили даже всі архіви.
ParlaMint-UA_2004-10-19-m1.u88.p1.sent7	Але я інше хочу сказати опозиції: ви смійтесь чи не смійтесь і не думайте, що ви самі умніші, а решта - дурні всі.
ParlaMint-UA_2004-10-19-m1.u88.p1.sent8	Я вам хочу сказати: ви така опозиція, знаєте, як я - Маргарет Тетчер, оце я вам інше, оце хочу сказати.
ParlaMint-UA_2004-10-19-m1.u88.p2.sent1	Ви знаєте, що?
ParlaMint-UA_2004-10-19-m1.u88.p2.sent2	Ви тут розказуєте про Ющенка, як йому важко зараз.
ParlaMint-UA_2004-10-19-m1.u88.p2.sent3	У когось захворіла мати.
ParlaMint-UA_2004-10-19-m1.u88.p2.sent4	А ви знаєте, що у мене в минулому році, коли я йшла на вибори в Верховну Раду, у мене на наступний день померла мати, тому що у мене в опозиції йшов представник "Нашої України", і що він підробив протокол висунення з’їзду по 161 виборчому округу?
ParlaMint-UA_2004-10-19-m1.u88.p3.sent1	Ну яке ви вообще маєте моральне право говорити про якусь правду?
ParlaMint-UA_2004-10-19-m1.u88.p3.sent2	Ви подивіться, я сьогодні згадала собі і сиділа: Комуністична партія, отут опозиція - 10 чоловік-депутатів померло з Комуністичної партії, 10!
ParlaMint-UA_2004-10-19-m1.u88.p3.sent3	сидячи отут.
ParlaMint-UA_2004-10-19-m1.u89.p1.sent1	Дякую.
ParlaMint-UA_2004-10-19-m1.u89.p1.sent2	Дякую, все.
ParlaMint-UA_2004-10-19-m1.u89.p1.sent3	Я прошу не розхитуйте зараз, шановні колеги.
ParlaMint-UA_2004-10-19-m1.u89.p2.sent1	Валентин Григорович Матвєєв.
ParlaMint-UA_2004-10-19-m1.u89.p2.sent2	Я даю право на репліку тим, прізвище кого називались.
ParlaMint-UA_2004-10-19-m1.u89.p2.sent3	Будь ласка, мікрофон.
ParlaMint-UA_2004-10-19-m1.u89.p2.sent4	Потім будемо з мотивів говорити.
ParlaMint-UA_2004-10-19-m1.u89.p2.sent5	Будь ласка.
ParlaMint-UA_2004-10-19-m1.u90.p1.sent1	Шановні виборці!
ParlaMint-UA_2004-10-19-m1.u90.p1.sent2	Я звертаюся до вас!
ParlaMint-UA_2004-10-19-m1.u90.p1.sent3	З цієї трибуни деякі пани, які сьогодні хочуть представляти український народ, дають цинічні оцінки тому часу, у якому жив, у якому виростав Радянський Союз, ця держава, перед якою всі демократичні держави світу знімали шапки, перед громадянами яких громадяни Західної Європи і Америки уклонялися, тільки почувши, що це громадянин великого Радянського Союзу.
ParlaMint-UA_2004-10-19-m1.u90.p2.sent1	Тому ми, винісши цей проект Постанови, хотіли іще раз підкреслити, що нам необхідно шанувати свою історію і тих видатних державних і партійних діячів, які піднесли нашу державу до таких висот.
ParlaMint-UA_2004-10-19-m1.u91.p1.sent1	Так, шановні колеги, я бачу, є потреба з мотивів.
ParlaMint-UA_2004-10-19-m1.u91.p1.sent2	Будь ласка, запишіться, три хвилин з мотивів.
ParlaMint-UA_2004-10-19-m1.u91.p1.sent3	Три хвилини, запишіться, будь ласка.
ParlaMint-UA_2004-10-19-m1.u91.p1.sent4	На табло прізвища народних депутатів, що записалися.
ParlaMint-UA_2004-10-19-m1.u91.p1.sent5	Богдан Костинюк, будь ласка.
ParlaMint-UA_2004-10-19-m1.u91.p1.sent6	Потім Бабурін.
ParlaMint-UA_2004-10-19-m1.u92.p1.sent1	Прошу передати слово Яворівському.
ParlaMint-UA_2004-10-19-m1.u93.p1.sent1	Яворівський.
ParlaMint-UA_2004-10-19-m1.u93.p1.sent2	Володимир Яворівський.
ParlaMint-UA_2004-10-19-m1.u93.p1.sent3	Прошу тільки.
ParlaMint-UA_2004-10-19-m1.u94.p1.sent1	Шановний Володимир Михайлович, я апелюю передусім до вас як до лідера нашого парламенту.
ParlaMint-UA_2004-10-19-m1.u94.p1.sent2	Ми самі собі вигадуємо проблеми.
ParlaMint-UA_2004-10-19-m1.u94.p1.sent3	Я вже говорив і ще раз хочу повторити: всі теми виносити на сесійне засідання не варто.
ParlaMint-UA_2004-10-19-m1.u94.p1.sent4	Хочуть комуністи відзначити Дем’яна, хай відзначають, хоче хтось інший Самчука, хай відзначають.
ParlaMint-UA_2004-10-19-m1.u94.p1.sent5	Це не наша проблема.
ParlaMint-UA_2004-10-19-m1.u94.p2.sent1	І давайте просто уникнемо цього, тому що така ламка сьогодні оця крихка наша злагода, фактично, ламається.
ParlaMint-UA_2004-10-19-m1.u94.p2.sent2	Не треба просто цього робити.
ParlaMint-UA_2004-10-19-m1.u94.p3.sent1	І шановній пані Гінзбург, я хочу вам сказати від імені "Нашої України", від імені Віктора Андрійовича Ющенка: я вибачаю вам ваш цинізм і вашу нежіночу.
ParlaMint-UA_2004-10-19-m1.u94.p3.sent2	нежіночий цинізм і нежіночу істерику.
ParlaMint-UA_2004-10-19-m1.u94.p4.sent1	Якщо хочете в своєму окрузі протягнути трубу газову, то для цього не потрібно відзначати ювілей Дем’яна чи там Кожедуба чи ще когось, треба мати таку владу, яка проведе ці труби і без цього.
ParlaMint-UA_2004-10-19-m1.u95.p1.sent1	Бабурін передає право на виступ Сергію Гмирі.
ParlaMint-UA_2004-10-19-m1.u95.p1.sent2	Будь ласка.
ParlaMint-UA_2004-10-19-m1.u95.p2.sent1	Ну, я по запису йду, шановні колеги, спокійно.
ParlaMint-UA_2004-10-19-m1.u95.p2.sent2	Я прошу, аби нам витримати нормальну позицію в парламенті.
ParlaMint-UA_2004-10-19-m1.u95.p2.sent3	Будь ласка, заспокойтеся.
ParlaMint-UA_2004-10-19-m1.u96.p1.sent1	Тут сейчас коллеги так яростно протестуют против чествования памяти выдающегося деятеля нашей страны Коротченко, но ведь это не только память Коротченко, это память о тех, действительно, выдающихся успехах, которые стоили, действительно, огромных жертв.
ParlaMint-UA_2004-10-19-m1.u96.p1.sent2	Но они были.
ParlaMint-UA_2004-10-19-m1.u96.p2.sent1	А что мы сегодня имеем?
ParlaMint-UA_2004-10-19-m1.u96.p2.sent2	А мы сегодня имеем ситуацию, когда два конкурента на выборах объявлены кем-то, ну, я не знаю, может быть, госдепом, наиболее рейтинговыми, демонстрирует очень близкие уровни деградации нынешнего режима.
ParlaMint-UA_2004-10-19-m1.u96.p3.sent1	И если Коротченко создавал, то сегодня мы уже 13 лет падаем с той высоты, на которую нас подняла Советская власть.
ParlaMint-UA_2004-10-19-m1.u96.p3.sent2	И когда мои коллеги говорят о том, что нужно чествовать эту память, они совершенно правы, потому что, к сожалению, Украине за последние 13 лет похвастаться-то особо и нечем.
ParlaMint-UA_2004-10-19-m1.u96.p3.sent3	Спасибо.
ParlaMint-UA_2004-10-19-m1.u97.p1.sent1	Степан Хмара, будь ласка.
ParlaMint-UA_2004-10-19-m1.u98.p1.sent1	Блок Юлії Тимошенко, Партія "Батьківщина", Степан Хмара.
ParlaMint-UA_2004-10-19-m1.u98.p2.sent1	Володимире Михайловичу, я, насамперед, вношу таку пропозицію, і взагалі щоб і надалі, і надалі, Володимире Михайловичу, і надалі дотримуватися такого принципу: якщо виносяться відповідні законопроекти, то потрібно, щоб була експертиза вчених-істориків, оскільки йдеться про діячі політичних і партійних діячів колоніального періоду.
ParlaMint-UA_2004-10-19-m1.u98.p3.sent1	А тим, хто сьогодні плаче за Радянським Союзом і говорить про успіхи, то я хотів нагадати, скільки мільйонів українців загинуло в Сибіру і на Далекому Сході, на Півночі, які використовувалися як раби.
ParlaMint-UA_2004-10-19-m1.u98.p3.sent2	І як автор геноциду українців в СРСР був покараний КДБ за злісний наклеп, тому що я своїй праці висвітлював проблеми голодомору.
ParlaMint-UA_2004-10-19-m1.u99.p1.sent1	Шановні колеги, ми обмінялися думками.
ParlaMint-UA_2004-10-19-m1.u99.p1.sent2	Репліки вже були.
ParlaMint-UA_2004-10-19-m1.u99.p1.sent3	Один раз можна скористатися реплікою.
ParlaMint-UA_2004-10-19-m1.u99.p1.sent4	Вибачте, будь ласка, Ольга Петрівна.
ParlaMint-UA_2004-10-19-m1.u99.p2.sent1	Шановні колеги, давайте ми таким чином поступимо.
ParlaMint-UA_2004-10-19-m1.u99.p2.sent2	Не будемо втягувати ще вчених.
ParlaMint-UA_2004-10-19-m1.u99.p2.sent3	У нас є право законодавчої ініціативи.
ParlaMint-UA_2004-10-19-m1.u99.p2.sent4	Ми повинні спокійніше сприймати і давати можливість.
ParlaMint-UA_2004-10-19-m1.u99.p2.sent5	Один раз можна скористатися реплікою.
ParlaMint-UA_2004-10-19-m1.u99.p2.sent6	Зараз, одну хвилинку!
ParlaMint-UA_2004-10-19-m1.u99.p2.sent7	Ну, добре, з мотивів перед голосуванням візьмете.
ParlaMint-UA_2004-10-19-m1.u99.p3.sent1	Шановні колеги, ми повинні спокійніше все сприймати, ми повинні об’єктивно знати нашу всю історію.
ParlaMint-UA_2004-10-19-m1.u99.p3.sent2	І ми не повинні розглядати будь-яку подію: чи пропозиції щодо вшанування, що внесла "Наша Україна", чи, скажімо, інша частина залу, що це буде обов’язково співатись панегірик.
ParlaMint-UA_2004-10-19-m1.u99.p3.sent3	Можливо, буде можливість об’єктивно подивитися, як діяв державний діяч, політик в тих обставинах, які складалися.
ParlaMint-UA_2004-10-19-m1.u99.p4.sent1	Якщо ми не приймемо рішення - значить, не приймемо.
ParlaMint-UA_2004-10-19-m1.u99.p4.sent2	Але ми не повинні зараз обмінюватися політичними звинуваченням на адресу один одного.
ParlaMint-UA_2004-10-19-m1.u99.p4.sent3	От про що йдеться, от і все.
ParlaMint-UA_2004-10-19-m1.u99.p5.sent1	Будь ласка, перед мотивами голосування прізвище було згадано Гінзбург.
ParlaMint-UA_2004-10-19-m1.u99.p5.sent2	І переходимо до голосування.
ParlaMint-UA_2004-10-19-m1.u99.p5.sent3	Я прошу: тільки без прізвищ, спокійно!
ParlaMint-UA_2004-10-19-m1.u99.p5.sent4	Без прізвищ, спокійно, без емоцій.
ParlaMint-UA_2004-10-19-m1.u100.p1.sent1	Спасибі, Володимире Михайловичу.
ParlaMint-UA_2004-10-19-m1.u100.p1.sent2	Справа вся в тому, що коли розглядається таке питання як сьогодні і воно не особисте, а з нашої історії.
ParlaMint-UA_2004-10-19-m1.u100.p1.sent3	І не дивує те, що сьогодні фракція "Наша Україна" і Блок Юлії Тимошенко не будуть за це голосувати.
ParlaMint-UA_2004-10-19-m1.u100.p1.sent4	Але, ми, комуністи, повинні були винести його на голосування і сказати своїм людям, що ми відносимося з повагою до таких людей.
ParlaMint-UA_2004-10-19-m1.u100.p1.sent5	І я, наприклад, щасливіша від багатьох із вас, що мені в радянські часи поталанило вивчитися, стати людиною і я цю радянську владу поважаю.
ParlaMint-UA_2004-10-19-m1.u100.p1.sent6	Я про це хочу ще раз сказати вам і своїм виборцям.
ParlaMint-UA_2004-10-19-m1.u100.p1.sent7	Дякую.
ParlaMint-UA_2004-10-19-m1.u101.p1.sent1	Таким чином, шановні колеги, відповідно до Регламенту я поставлю на голосування 2 проекти постанов про неприйнятність постанови "Про вшанування 110 річниці від дня народження Дем’яна Коротченка".
ParlaMint-UA_2004-10-19-m1.u101.p2.sent1	Першою на голосування ставиться проект постанови автором якої є народний депутат Шкіль.
ParlaMint-UA_2004-10-19-m1.u101.p2.sent2	Про неприйнятність.
ParlaMint-UA_2004-10-19-m1.u101.p3.sent1	За-43
ParlaMint-UA_2004-10-19-m1.u101.p4.sent1	Рішення не прийнято.
ParlaMint-UA_2004-10-19-m1.u101.p4.sent2	Я ставлю другий проект постанови про неприйнятність цього документу, автор - народний депутат Олег Тягнибок.
ParlaMint-UA_2004-10-19-m1.u101.p5.sent1	За-43
ParlaMint-UA_2004-10-19-m1.u101.p6.sent1	Рішення не прийнято.
ParlaMint-UA_2004-10-19-m1.u101.p6.sent2	Шановні колеги, оскільки Ольга Гінзбург як автор проекту постанови зняла свій проект, то я ставлю на голосування один тільки проект постанови - це, реєстраційний номер 5764 "Про відзначення 110-річчя з дня народження видатного державного діяча Радянської України Дем’яна Коротченка".
ParlaMint-UA_2004-10-19-m1.u101.p6.sent3	Прошу голосувати.
ParlaMint-UA_2004-10-19-m1.u101.p7.sent1	За-94
ParlaMint-UA_2004-10-19-m1.u101.p8.sent1	Рішення не прийнято.
ParlaMint-UA_2004-10-19-m1.u101.p8.sent2	По фракціях, будь ласка.
ParlaMint-UA_2004-10-19-m1.u101.p8.sent3	"Наша Україна", "Регіони України" - 0, комуністи - 59, СДПУ(о), Трудова Україна - 0, Народна аграрна партія - 17, СПУ- 15, Блок Тимошенко - 0, Союз - 0, Єдина Україна - 0, Центр - 0, Народно-демократична партія, промисловці і підприємці - 0, Демократичні ініціативи - 0, позафракційні - 3.
ParlaMint-UA_2004-10-19-m1.u101.p9.sent1	Оголошується до розгляду проект Закону про внесення змін до деяких законів України .
ParlaMint-UA_2004-10-19-m1.u101.p10.sent1	Микола Рудьковський, будь ласка.
ParlaMint-UA_2004-10-19-m1.u101.p11.sent1	Від комітету, будь ласка, Бондарчук Олександр, будь ласка.
ParlaMint-UA_2004-10-19-m1.u101.p11.sent2	Хто ще з Комітету з питань соціальної політики та праці?
ParlaMint-UA_2004-10-19-m1.u101.p11.sent3	Значить тоді подивимося яке рішення пропонує прийняти профільний комітет.
ParlaMint-UA_2004-10-19-m1.u101.p11.sent4	Комітет пропонує прийняти законопроект за основу.
ParlaMint-UA_2004-10-19-m1.u101.p11.sent5	Є у когось заперечення?
ParlaMint-UA_2004-10-19-m1.u101.p11.sent6	Немає.
ParlaMint-UA_2004-10-19-m1.u101.p12.sent1	Тоді прошу уваги!
ParlaMint-UA_2004-10-19-m1.u101.p12.sent2	Я ставлю на голосування пропозицію профільного комітету про прийняття за основу проекту Закону про внесення змін до деяких законів України , реєстраційний номер 4014.
ParlaMint-UA_2004-10-19-m1.u101.p12.sent3	Прошу голосувати.
ParlaMint-UA_2004-10-19-m1.u101.p13.sent1	За-219
ParlaMint-UA_2004-10-19-m1.u101.p14.sent1	Рішення не прийнято.
ParlaMint-UA_2004-10-19-m1.u101.p15.sent1	Прошу уваги.
ParlaMint-UA_2004-10-19-m1.u101.p15.sent2	Я ставлю на голосування.
ParlaMint-UA_2004-10-19-m1.u101.p15.sent3	Хто за те, щоб повернутися до розгляду проекту закону .
ParlaMint-UA_2004-10-19-m1.u101.p15.sent4	Прошу голосувати.
ParlaMint-UA_2004-10-19-m1.u101.p16.sent1	За-220
ParlaMint-UA_2004-10-19-m1.u101.p17.sent1	Рішення не прийнято.
ParlaMint-UA_2004-10-19-m1.u101.p18.sent1	По фракціях, будь ласка.
ParlaMint-UA_2004-10-19-m1.u101.p19.sent1	Наша Україна - 81, Регіони України - 0, фракція комуністів - 59, СДПУ(о), Трудова Україна - 0, Народна аграрна - 19, СПУ- 19, Блок Тимошенко - 18, Союз - 0, Єдина Україна - 0, Центр - 12, НДП, промисловці і підприємці - 4, Демократичні ініціативи - 0, позафракційні - 8.
ParlaMint-UA_2004-10-19-m1.u101.p20.sent1	Оголошується до розгляду проект Закону про внесення змін до Закону України про позашкільну освіту .
ParlaMint-UA_2004-10-19-m1.u101.p20.sent2	Доповідач Танюк Лесь Степанович.
ParlaMint-UA_2004-10-19-m1.u101.p20.sent3	Від комітету прошу підготуватися.
ParlaMint-UA_2004-10-19-m1.u101.p20.sent4	Кафарський.
ParlaMint-UA_2004-10-19-m1.u102.p1.sent1	Запропоновані зміни до Закону України "Про позашкільну освіту" стосується роботи початкових спеціалізованих мистецьких навчальних закладів.
ParlaMint-UA_2004-10-19-m1.u102.p1.sent2	Деякі статті закону України, Закону про позашкільну освіту, що враховують специфіку роботи позашкільних закладів, загалом суперечать формам організаційної роботи початкових спеціалізованих мистецьких навчальних закладів.
ParlaMint-UA_2004-10-19-m1.u102.p2.sent1	Метою запропонованого проекту є узгодження норм Закону України про позашкільну освіту Законом України про освіту, а також і сформованою протягом багатьох десятиліть специфіку діяльності початкових спеціалізованих навчальних закладів, шкіл естетичного виховання.
ParlaMint-UA_2004-10-19-m1.u102.p2.sent2	Якщо коротко сказати, все-таки ми розвалили систему музичних, перше музичних і інших шкіл.виховання.
ParlaMint-UA_2004-10-19-m1.u102.p2.sent3	І те, що сформоване було тривалим часом у системі освіти, сьогодні випало із системи освіти.
ParlaMint-UA_2004-10-19-m1.u102.p3.sent1	Тому ми б хотіли запропонувати поправки до цього закону.
ParlaMint-UA_2004-10-19-m1.u102.p3.sent2	І ми думаємо, що введення в дію проекту Закону про внесення змін до Закону України не потребує додаткових витрат з Державного бюджету України, оскільки ідеться про збереження існуючого протягом багатьох десятиліть порядку організацій та комплектації труб, порядку встановлення тарифів, порядку встановлення внутрішніх нормативів існування наших спеціалізованих мистецьких позанавчальних закладів.
ParlaMint-UA_2004-10-19-m1.u102.p4.sent1	Фактично ми можемо цей законопроект прийняти у першому сьогодні читанні, щоб до другого читання підготувати ті зауваження і зміни, які є у різних інстанцій.
ParlaMint-UA_2004-10-19-m1.u102.p4.sent2	Дякую.
ParlaMint-UA_2004-10-19-m1.u103.p1.sent1	Дякую Лесь Степанович.
ParlaMint-UA_2004-10-19-m1.u103.p1.sent2	Сідайте, будь ласка.
ParlaMint-UA_2004-10-19-m1.u103.p1.sent3	Кафарський від Комітету з питань науки і освіти.
ParlaMint-UA_2004-10-19-m1.u103.p1.sent4	Будь ласка.
ParlaMint-UA_2004-10-19-m1.u103.p2.sent1	Шановні колеги, нам треба оперативно попрацювати, тут деякі такі соціально значущі, от наступний проект.
ParlaMint-UA_2004-10-19-m1.u104.p1.sent1	Шановні колеги, проект Закону України про внесення змін до Закону України про позашкільну освіту, підготовлений і внесений Леонідом Степановичем, розглядався на Комітеті з питань науки і освіти і був підтриманий.
ParlaMint-UA_2004-10-19-m1.u104.p1.sent2	Законопроект уточнює положення, що стосуються збереження мережі якраз мистецьких навчальних закладів і шкіл естетичного виховання.
ParlaMint-UA_2004-10-19-m1.u104.p1.sent3	На сьогоднішній день вони не мають відповідного фінансування, не мають відповідної підтримки і в багатьох випадках ця робота на місцях зводиться лише до відповідних якихось етнічних традицій, хоча в нас всюди - і в селах , і в містах - є діти, які мають надзвичайно великі таланти.
ParlaMint-UA_2004-10-19-m1.u104.p1.sent4	Якщо взяти тільки Прикарпаття і подивитися, що там діти можуть зробити, коли беруться за дерево, то відповідні, напевно, школи потрібні, повинно бути більш державне забезпечення.
ParlaMint-UA_2004-10-19-m1.u104.p1.sent5	Зокрема, положення законопроекту визначають структурні підрозділи, встановлюють норми педагогічного навантаження на одну педагогічну особу, вдосконалюють механізми перерозподілу педагогічного навчання, встановлюють порядок наповнення груп в школах мистецьких, надається право школам естетичного і мистецького плану користуватися, віддавати в оренду приміщення, що допоможе їм, в принципі, вирішувати деякі питання своєї діяльності.
ParlaMint-UA_2004-10-19-m1.u104.p2.sent1	Разом з тим, стаття 2 проекту потребує доповнення і доробки особливо, оскільки запропоновані обмеження права органів виконавчої влади контролювати ці школи можуть зашкодити в їх організації діяльності.
ParlaMint-UA_2004-10-19-m1.u104.p2.sent2	Так, потрібні відповідні зміни щодо статті 6 даного проекту.
ParlaMint-UA_2004-10-19-m1.u104.p3.sent1	Комітет розглянув, чітко визначив ці положення і зміни і пропонує підтримати цей законопроект в першому читанні.
ParlaMint-UA_2004-10-19-m1.u105.p1.sent1	Так.
ParlaMint-UA_2004-10-19-m1.u105.p1.sent2	Дякую.
ParlaMint-UA_2004-10-19-m1.u105.p2.sent1	Шановні колеги, аргументація була більш, ніж переконлива.
ParlaMint-UA_2004-10-19-m1.u105.p2.sent2	Якщо немає заперечень, можна поставити на голосування, послухавши зараз, от Юрій Анатолійович нам скаже свою думку.
ParlaMint-UA_2004-10-19-m1.u105.p2.sent3	Будь ласка, Кармазін Юрій Анатолійович.
ParlaMint-UA_2004-10-19-m1.u105.p2.sent4	Мікрофон ввімкніть.
ParlaMint-UA_2004-10-19-m1.u105.p2.sent5	Потім Яворівський і після того будемо голосувати.
ParlaMint-UA_2004-10-19-m1.u106.p1.sent1	Шановні народні депутати!
ParlaMint-UA_2004-10-19-m1.u106.p1.sent2	Юрій Кармазін.
ParlaMint-UA_2004-10-19-m1.u106.p2.sent1	Мене боляче вразило, що ми розвалили.
ParlaMint-UA_2004-10-19-m1.u106.p2.sent2	Ми нічого не розвалювали і пан Листенюк це дуже добре знає.
ParlaMint-UA_2004-10-19-m1.u106.p2.sent3	13 років при владі знаходиться режим Кучми і 10 Прем’єр-міністрів, яких він призначає.
ParlaMint-UA_2004-10-19-m1.u106.p2.sent4	І тому ми абсолютно нічого не розвалювали.
ParlaMint-UA_2004-10-19-m1.u106.p2.sent5	Це перше.
ParlaMint-UA_2004-10-19-m1.u106.p3.sent1	Друге.
ParlaMint-UA_2004-10-19-m1.u106.p3.sent2	Те, що треба приймати закон, його треба приймати, але тільки в першому читанні.
ParlaMint-UA_2004-10-19-m1.u106.p3.sent3	Чому?
ParlaMint-UA_2004-10-19-m1.u106.p3.sent4	Тому що деякі юридичні терміни, які вжиті, вони.
ParlaMint-UA_2004-10-19-m1.u106.p3.sent5	Я не міг зрозуміти, що таке школа естетичного виховання?
ParlaMint-UA_2004-10-19-m1.u106.p3.sent6	Закон знає початкові спеціалізовані мистецькі навчальні заклади.
ParlaMint-UA_2004-10-19-m1.u106.p3.sent7	Так записано в законі, так має бути записано.
ParlaMint-UA_2004-10-19-m1.u106.p3.sent8	Закон знає, що плата за навчання можлива тільки в закладах освіти, які на приватній формі власності, а далі тільки вже платні послуги можуть бути.
ParlaMint-UA_2004-10-19-m1.u106.p3.sent9	Отак має бути, а у нас тут батьківська плата.
ParlaMint-UA_2004-10-19-m1.u106.p3.sent10	Тобто в першому читанні треба приймати, це вилучити.
ParlaMint-UA_2004-10-19-m1.u106.p3.sent11	І пам’ятати те, що сьогодні освіту гвалтують, прямо в передвиборних цілях гвалтують.
ParlaMint-UA_2004-10-19-m1.u107.p1.sent1	Володимир Яворівський.
ParlaMint-UA_2004-10-19-m1.u107.p1.sent2	Потім Мироненко.
ParlaMint-UA_2004-10-19-m1.u107.p1.sent3	І, я думаю, давайте будемо голосувати, шановні колеги.
ParlaMint-UA_2004-10-19-m1.u108.p1.sent1	Володимир Яворівський.
ParlaMint-UA_2004-10-19-m1.u108.p2.sent1	Товариство, я хочу всіляко підтримати цей законопроект, бо він, справді, в ті роки, коли формується особистість, закладається основна база, фактично в нас цей період сьогодні із якоїсь такої державної опіки фактично цей період життя людини фактично випав.
ParlaMint-UA_2004-10-19-m1.u108.p3.sent1	Через те мені здається, що це дуже слушно, дуже вчасно сьогодні - доповнення саме до цього законопроекту, і його потрібно приймати.
ParlaMint-UA_2004-10-19-m1.u108.p4.sent1	І ви знаєте, я от, скажімо, читаючи цей законопроект і думаючи над цією темою, бо готувався до більшого виступу, постійно думав: якби так склалося, скажімо, що нинішній наш Прем’єр-міністр та потрапив в якусь художню школу, скажімо, або різьбярів, або гончарів, а не попав у компанію, яка краде шапки, ми сьогодні мали в Україні зовсім іншу ситуацію.
ParlaMint-UA_2004-10-19-m1.u108.p4.sent2	Через те треба голосувати за цей законопроект.
ParlaMint-UA_2004-10-19-m1.u109.p1.sent1	Дякую.
ParlaMint-UA_2004-10-19-m1.u109.p1.sent2	Віктор Мироненко.
ParlaMint-UA_2004-10-19-m1.u109.p1.sent3	І будемо визначатися голосуванням.
ParlaMint-UA_2004-10-19-m1.u109.p1.sent4	Будь ласка, Віктор Мироненко, фракція комуністів.
ParlaMint-UA_2004-10-19-m1.u110.p1.sent1	Пятый избирательный округ, Мироненко, фракция коммунистов.
ParlaMint-UA_2004-10-19-m1.u110.p2.sent1	Фракция коммунистов будет поддерживать предложение комитета.
ParlaMint-UA_2004-10-19-m1.u110.p2.sent2	Но давайте скажем правду: что закон может быть принят, но он не будет выполняться, будет и дальше разваливаться не только начальное образование, но и среднее, и высшее.
ParlaMint-UA_2004-10-19-m1.u110.p2.sent3	И виновны, двайте правду скажем, именно олигархи, крупные капиталисты, на которых сделали ставку демократы, националисты, выдвинувшие сейчас двух так называемых самых рейтинговых кандидатов.
ParlaMint-UA_2004-10-19-m1.u110.p2.sent4	Олигархи виновны и виновны те, кто поддерживает олигархов.
ParlaMint-UA_2004-10-19-m1.u110.p3.sent1	Я вот сегодня выступал и говорил об этом, называл пофамильно олигархов, и представителей "Нашей Украины", поддерживающие Ющенко.
ParlaMint-UA_2004-10-19-m1.u110.p3.sent2	Очень не понравился, он угрозы там мне какие-то выдвигал физическим насилием, оскорблял, ругался и так далее.
ParlaMint-UA_2004-10-19-m1.u110.p3.sent3	Но давайте же не скрывать правду, если вы демократы, если вы за правду.
ParlaMint-UA_2004-10-19-m1.u110.p4.sent1	Почему вы пытаетесь скрыть, что та же Тимошенко, тот же Порошенко, тот же Ваня - это олигархи, крупные капиталисты.
ParlaMint-UA_2004-10-19-m1.u111.p1.sent1	Шановні колеги, ми тільки починаємо консолідовуватися.
ParlaMint-UA_2004-10-19-m1.u111.p1.sent2	Давайте будемо говорити про закон.
ParlaMint-UA_2004-10-19-m1.u111.p1.sent3	Я вас просто благаю.
ParlaMint-UA_2004-10-19-m1.u111.p2.sent1	Ставиться на голосування пропозиція комітету про прийняття за основу проекту закону про внесення змін до Закону України "Про позашкільну освіту" щодо початкових спеціалізованих навчальних закладів.
ParlaMint-UA_2004-10-19-m1.u111.p2.sent2	Реєстраційний номер 5365.
ParlaMint-UA_2004-10-19-m1.u111.p2.sent3	Прошу голосувати.
ParlaMint-UA_2004-10-19-m1.u111.p3.sent1	За-239
ParlaMint-UA_2004-10-19-m1.u111.p4.sent1	Закон прийнято.
ParlaMint-UA_2004-10-19-m1.u111.p4.sent2	Вірніше, проект закону прийнято за основу.
ParlaMint-UA_2004-10-19-m1.u111.p5.sent1	Шановні колеги, одну хвилиночку.
ParlaMint-UA_2004-10-19-m1.u111.p5.sent2	У нас є дуже важливий ще проект закону про внесення змін до Закону України "Про наукову і науково-технічну діяльність" щодо призначення пенсії по інвалідності.
ParlaMint-UA_2004-10-19-m1.u111.p5.sent3	Давайте продовжимо роботу і розглянемо цей проект закону.
ParlaMint-UA_2004-10-19-m1.u111.p5.sent4	На 15 хвилин.
ParlaMint-UA_2004-10-19-m1.u111.p5.sent5	Цибенко Петро Степанович.
ParlaMint-UA_2004-10-19-m1.u111.p5.sent6	Прошу уваги, шановні колеги.
ParlaMint-UA_2004-10-19-m1.u111.p5.sent7	Це соціальний важливий закон.
ParlaMint-UA_2004-10-19-m1.u111.p5.sent8	Прошу уваги.
ParlaMint-UA_2004-10-19-m1.u111.p5.sent9	Наберіться терпіння.
ParlaMint-UA_2004-10-19-m1.u112.p1.sent1	Шановні колеги, я прошу хвилинку уваги.
ParlaMint-UA_2004-10-19-m1.u112.p1.sent2	Автор законопроекту - Сушкевич Валерій Михайлович, який представляє наш комітет, попросив мене доповісти його законопроект.
ParlaMint-UA_2004-10-19-m1.u112.p2.sent1	Про що йде мова?
ParlaMint-UA_2004-10-19-m1.u112.p2.sent2	Мова йде про одну дуже просту і зрозумілу річ.
ParlaMint-UA_2004-10-19-m1.u112.p2.sent3	Мова в тім, що законом, зокрема статтею 34-ю Закону про науково і науково-технічну діяльність право на отримання такої наукової пенсії мають тільки інваліди внаслідок загального захворювання, а також трудового каліцтва чи професійного захворювання.
ParlaMint-UA_2004-10-19-m1.u112.p2.sent4	Випала така категорія людей, як інваліди з дитинства або діти-інваліди.
ParlaMint-UA_2004-10-19-m1.u112.p3.sent1	Справа в тім, що ці люди попри свою недугу, здолавши її, ставши науковими працівниками, нами в цьому випадку дискримінуються.
ParlaMint-UA_2004-10-19-m1.u112.p3.sent2	Тому я дуже прошу вас прийняти цей документ, якщо не заперечуватиме профільний комітет, то прийняти його у двох читаннях.
ParlaMint-UA_2004-10-19-m1.u112.p3.sent3	Бо ситуація абсолютно зрозуміла.
ParlaMint-UA_2004-10-19-m1.u112.p3.sent4	Дякую.
ParlaMint-UA_2004-10-19-m1.u113.p1.sent1	Комітет якої думки, профільний?
ParlaMint-UA_2004-10-19-m1.u113.p1.sent2	Фактично, якщо по документах дивитися, то вона співпадає.
ParlaMint-UA_2004-10-19-m1.u113.p2.sent1	Немає застережень, щоб ми зараз поставили на голосування цей документ?
ParlaMint-UA_2004-10-19-m1.u113.p2.sent2	Будь ласка, Кармазіну мікрофон, будь ласка.
ParlaMint-UA_2004-10-19-m1.u113.p2.sent3	Прошу уваги!
ParlaMint-UA_2004-10-19-m1.u113.p2.sent4	Наберіться терпіння.
ParlaMint-UA_2004-10-19-m1.u114.p1.sent1	Юрій Кармазін.
ParlaMint-UA_2004-10-19-m1.u114.p1.sent2	Шановні народні депутати!
ParlaMint-UA_2004-10-19-m1.u114.p1.sent3	Шановний Володимире Михайловичу!
ParlaMint-UA_2004-10-19-m1.u114.p1.sent4	Цей закон зрівняє права інвалідів з дитинства з правами інвалідів від загального захворювання інвалідів внаслідок трудового каліцтва чи професійного захворювання щодо призначення пенсій по інвалідності у розмірі пенсій наукового працівника.
ParlaMint-UA_2004-10-19-m1.u114.p1.sent5	Тобто ми зробимо хорошу справу цим людям.
ParlaMint-UA_2004-10-19-m1.u114.p2.sent1	Я просив би поставити таку пропозицію: прийняти в першому і в другому читанні, бо над цим законом практично далі працювати нікуди.
ParlaMint-UA_2004-10-19-m1.u114.p2.sent2	Я бачу, що в залі абсолютно ніхто не суперечить цьому, не протирічить цьому.
ParlaMint-UA_2004-10-19-m1.u114.p2.sent3	Я обійшов фракції, бачив, що є настрій голосувати за два читання зразу.
ParlaMint-UA_2004-10-19-m1.u114.p2.sent4	Просив би вас, Володимире Михайловичу, зекономити час і показати, як конструктивно працює Верховної Ради України сьогодні, коли нам не заважає СДПУ(о) і інші кланові олігархічні структури.
ParlaMint-UA_2004-10-19-m1.u114.p2.sent5	Дякую.
ParlaMint-UA_2004-10-19-m1.u115.p1.sent1	Шановні колеги, немає застережень проти такої пропозиції?
ParlaMint-UA_2004-10-19-m1.u115.p1.sent2	Це - пропозиція комітетів, вона збігається з позицією народних депутатів.
ParlaMint-UA_2004-10-19-m1.u115.p1.sent3	Відтак ставиться на голосування про прийняття за основу і в цілому як Закон проект Закону про внесення змін до Закону України "Про наукову та науково-технічну діяльність" .
ParlaMint-UA_2004-10-19-m1.u115.p1.sent4	Реєстраційний номер 4522, прошу голосувати.
ParlaMint-UA_2004-10-19-m1.u115.p2.sent1	За-240
ParlaMint-UA_2004-10-19-m1.u115.p3.sent1	Закон прийнято.
ParlaMint-UA_2004-10-19-m1.u115.p4.sent1	Вечірнє засідання Верховної Ради України оголошую закритим.
ParlaMint-UA_2004-10-19-m1.u115.p4.sent2	Дякую за роботу.
ParlaMint-UA_2004-10-19-m1.u115.p4.sent3	Завтра ми продовжимо засідання в пленарному режимі о 10 годині за розкладом на середу.
ParlaMint-UA_2004-10-19-m1.u115.p4.sent4	Першим буде розглядатися питання про Державний бюджет на 2005 рік.
