id	text	language
ParlaMint-UA_2020-06-19-m0.u1.p1.sent1	Добрий день, шановні колеги!	UKRAINIAN
ParlaMint-UA_2020-06-19-m0.u1.p1.sent2	Добрий день, шановні колеги представники засобів масової інформації!	UKRAINIAN
ParlaMint-UA_2020-06-19-m0.u1.p2.sent1	Будь ласка, підготуйтесь до реєстрації, займіть свої місця.	UKRAINIAN
ParlaMint-UA_2020-06-19-m0.u1.p2.sent2	Запросіть, будь ласка, народних депутатів до зали.	UKRAINIAN
ParlaMint-UA_2020-06-19-m0.u1.p3.sent1	Готові реєструватись?	UKRAINIAN
ParlaMint-UA_2020-06-19-m0.u1.p4.sent1	Будь ласка, підготуйтесь до реєстрації.	UKRAINIAN
ParlaMint-UA_2020-06-19-m0.u1.p4.sent2	Готові реєструватись?	UKRAINIAN
ParlaMint-UA_2020-06-19-m0.u1.p4.sent3	Як завжди, нагадую, реєстрація відбувається шляхом натискання зеленої кнопки, перша зліва.	UKRAINIAN
ParlaMint-UA_2020-06-19-m0.u1.p4.sent4	Готові?	UKRAINIAN
ParlaMint-UA_2020-06-19-m0.u1.p4.sent5	Прошу реєструватись.	UKRAINIAN
ParlaMint-UA_2020-06-19-m0.u1.p5.sent1	У залі зареєстровано 211 народних депутатів.	UKRAINIAN
ParlaMint-UA_2020-06-19-m0.u1.p6.sent1	Дивіться, шановні колеги, система показує 246 народних депутатів в залі.	UKRAINIAN
ParlaMint-UA_2020-06-19-m0.u1.p6.sent2	Ви кнопки переплутали, чи як?	UKRAINIAN
ParlaMint-UA_2020-06-19-m0.u1.p6.sent3	А, не вставили карточки.	RUSSIAN
ParlaMint-UA_2020-06-19-m0.u1.p6.sent4	Андрій Анатолійович, як це ви так могли?	UKRAINIAN
ParlaMint-UA_2020-06-19-m0.u1.p6.sent5	Шановні колеги, ви ж багато років тут працюєте, ви знаєте, що навіть якщо немає 226 при реєстрації, то це не впливає на відкриття засідання, це впливає на прийняття рішень.	UKRAINIAN
ParlaMint-UA_2020-06-19-m0.u1.p6.sent6	Правильно?	RUSSIAN
ParlaMint-UA_2020-06-19-m0.u1.p7.sent1	Да.	RUSSIAN
ParlaMint-UA_2020-06-19-m0.u1.p7.sent2	Так навіщо ви пропонуєте закрити засідання, шановні колеги?	UKRAINIAN
ParlaMint-UA_2020-06-19-m0.u1.p7.sent3	Я розумію, що ми тут не так довго, як ви, але не настільки, щоб це не вивчити.	UKRAINIAN
ParlaMint-UA_2020-06-19-m0.u1.p8.sent1	Ранкове засідання Верховної Ради України оголошую відкритим.	UKRAINIAN
ParlaMint-UA_2020-06-19-m0.u1.p9.sent1	Шановні колеги, сьогодні у нашої колеги Вікторії Олександрівни Гриб день народження.	UKRAINIAN
ParlaMint-UA_2020-06-19-m0.u1.p9.sent2	Зі святом вас!	UKRAINIAN
ParlaMint-UA_2020-06-19-m0.u1.p9.sent3	Всього найкращого.	RUSSIAN
ParlaMint-UA_2020-06-19-m0.u1.p9.sent4	Здоров’я в першу чергу, успіхів та досягнень і таких квітів кожного дня.	UKRAINIAN
ParlaMint-UA_2020-06-19-m0.u1.p9.sent5	Зі святом!	UKRAINIAN
ParlaMint-UA_2020-06-19-m0.u1.p10.sent1	Надійшла заява від двох депутатських фракцій про перерву з заміною на виступ.	UKRAINIAN
ParlaMint-UA_2020-06-19-m0.u1.p11.sent1	Шахов Сергій Володимирович.	UKRAINIAN
ParlaMint-UA_2020-06-19-m0.u2.p1.sent1	Сергій Шахов, Луганщина, депутатська група "Довіра".	UKRAINIAN
ParlaMint-UA_2020-06-19-m0.u2.p1.sent2	Шановні колеги, прошу вважати цей виступ як звернення відкрите до Президента України Володимира Зеленського.	UKRAINIAN
ParlaMint-UA_2020-06-19-m0.u2.p2.sent1	Хочу пояснити, що наша команда бореться політично на Луганщині десятки років, і ми звикли до переслідування в політиці.	UKRAINIAN
ParlaMint-UA_2020-06-19-m0.u2.p2.sent2	Ми були задоволені, що Президент Зеленський, ставши у квітні Президентом, розпустив той парламент.	UKRAINIAN
ParlaMint-UA_2020-06-19-m0.u2.p2.sent3	Вся Луганщина була задоволена.	UKRAINIAN
ParlaMint-UA_2020-06-19-m0.u2.p2.sent4	Наш фонд названий моїм ім’ям, прізвищем, за яке я відповідаю, і допомагаю 20 років людям після того, як пішла з цього світу моя мама.	UKRAINIAN
ParlaMint-UA_2020-06-19-m0.u2.p2.sent5	Вона допомагала дітям, також ми допомагаємо 20 років.	UKRAINIAN
ParlaMint-UA_2020-06-19-m0.u2.p2.sent6	Я зібрав велику команду, і ніхто сьогодні не може сказати, що наша команда перемогла якимось брудним чином.	UKRAINIAN
ParlaMint-UA_2020-06-19-m0.u2.p2.sent7	Люди оцінять всю роботу цього парламенту і оцінять роботу всієї влади в нашій державі.	UKRAINIAN
ParlaMint-UA_2020-06-19-m0.u2.p3.sent1	Вчора мені доповідають з Луганщини, що переслідують громадських волонтерів та діячів.	UKRAINIAN
ParlaMint-UA_2020-06-19-m0.u2.p3.sent2	В той час, коли сержант поліції викидає з четвертого поверху дружину, вона вся поламана лежить в лікарні, його прикриває начальник поліції Сєвєродонецька, який стоїть за грабежами мільярда гривень в рахунок 5 років, прикривається сьогодні начальником поліції Луганської області.	UKRAINIAN
ParlaMint-UA_2020-06-19-m0.u2.p3.sent3	Вони переслідують бабусю, якій 65 років, другого ступеню інвалідність, і не дивляться в бік, що вони наробили за ці 5 років.	UKRAINIAN
ParlaMint-UA_2020-06-19-m0.u2.p4.sent1	Йде контрабанда шалена, йде торгівля наркотиками.	UKRAINIAN
ParlaMint-UA_2020-06-19-m0.u2.p4.sent2	Я не один раз заявляв: 120 кримінальних проваджень порушено за моїми заявами.	UKRAINIAN
ParlaMint-UA_2020-06-19-m0.u2.p4.sent3	Йде переслідування громадських діячів, розграбовані шахти, заводи, вирізається все на металобрухт, вивозиться ліс, корисні копалини.	UKRAINIAN
ParlaMint-UA_2020-06-19-m0.u2.p4.sent4	І всі мовчать.	UKRAINIAN
ParlaMint-UA_2020-06-19-m0.u2.p4.sent5	Шахов виходить на трибуну раз, два, три, п’ять, десять в тому скликанні і в цьому – ніхто не чує, займаються тільки політикою.	UKRAINIAN
ParlaMint-UA_2020-06-19-m0.u2.p4.sent6	Черчилль говорив: "Хто займається політикою – той програє.	UKRAINIAN
ParlaMint-UA_2020-06-19-m0.u2.p4.sent7	Хто займається допомогою людям та будуванням держави – той переможе".	UKRAINIAN
ParlaMint-UA_2020-06-19-m0.u2.p5.sent1	Так давайте разом перемагати, а не переслідувати громадських діячів та волонтерів.	UKRAINIAN
ParlaMint-UA_2020-06-19-m0.u2.p5.sent2	Давайте саджати до тюрми тих, хто розграбував державу за 28 років, хто і сьогодні грабує.	UKRAINIAN
ParlaMint-UA_2020-06-19-m0.u2.p5.sent3	І люди це бачать, вони зроблять цей висновок не тільки на виборах місцевих рад.	UKRAINIAN
ParlaMint-UA_2020-06-19-m0.u2.p6.sent1	Не треба гратися, я ще раз хочу сказати, в вибори та в політику.	UKRAINIAN
ParlaMint-UA_2020-06-19-m0.u2.p6.sent2	Займайтеся будівлею держави, вас для цього обирали люди.	UKRAINIAN
ParlaMint-UA_2020-06-19-m0.u3.p1.sent1	Дякую.	UKRAINIAN
ParlaMint-UA_2020-06-19-m0.u3.p2.sent1	Шановні колеги, надійшла ще одна заява від фракцій "Голос" та "Європейська солідарність".	UKRAINIAN
ParlaMint-UA_2020-06-19-m0.u3.p2.sent2	Геращенко Ірина Володимирівна.	UKRAINIAN
ParlaMint-UA_2020-06-19-m0.u4.p1.sent1	Дорогі українці!	UKRAINIAN
ParlaMint-UA_2020-06-19-m0.u4.p1.sent2	Від імені Петра Порошенка, який в ці хвилини прощається зі своїм батьком, від імені родини Порошенка, від імені нашої політичної команди ми хочемо подякувати тисячам українців, які вчора прийшли під печерське судилище для того, щоби висловити свій рішучий протест проти перетворення України на тоталітарну державу.	UKRAINIAN
ParlaMint-UA_2020-06-19-m0.u4.p2.sent1	Звичайно, вчора в печерському судилищі, де, знаєте, нам здалося, що на машині часу ми перенеслися у часи Януковича, бо знову судив суддя Вовк, бо знову молоді прокуроришки ховали очі.	UKRAINIAN
ParlaMint-UA_2020-06-19-m0.u4.p2.sent2	Ми хочемо подякувати, що там була не тільки наша фракція у повному складі, а й нашим колегам з "Голосу", у яких, ми вважаємо, з нами спільні цінності – це неможливість перетворення України на тоталітарну поліцейську державу.	UKRAINIAN
ParlaMint-UA_2020-06-19-m0.u4.p2.sent3	І, звичайно, дуже дико, що там вчора не було інших політичних фракцій, в тому числі тих лідерів, яких 10 років тому ми віддано захищали від політичних переслідувань.	UKRAINIAN
ParlaMint-UA_2020-06-19-m0.u4.p2.sent4	Чекаємо вас 1 липня, щоб разом дати бій реваншу.	UKRAINIAN
ParlaMint-UA_2020-06-19-m0.u4.p3.sent1	І від тих тисяч українців, які зібралися біля печерського судилища, ми хочемо висловити вимоги в цій сесійній залі.	UKRAINIAN
ParlaMint-UA_2020-06-19-m0.u4.p3.sent2	Ніколи нашу команду не вдасться залякати.	UKRAINIAN
ParlaMint-UA_2020-06-19-m0.u4.p3.sent3	І не тільки нашу команду, тому що навколо сьогодні об’єднується все проукраїнське товариство.	UKRAINIAN
ParlaMint-UA_2020-06-19-m0.u4.p3.sent4	Ми не дамо вам наступу на українську мову.	UKRAINIAN
ParlaMint-UA_2020-06-19-m0.u4.p3.sent5	Ми не дамо вам наступу на українську армію.	UKRAINIAN
ParlaMint-UA_2020-06-19-m0.u4.p3.sent6	Треба наступати на ворога, а не зараз судити ветеранів і волонтерів.	UKRAINIAN
ParlaMint-UA_2020-06-19-m0.u4.p3.sent7	Ми не дамо вам наступу на віру.	UKRAINIAN
ParlaMint-UA_2020-06-19-m0.u4.p3.sent8	Армія, мова і віра – це не тільки гасло п’ятого Президента України Порошенка і нашої політичної команди, це є фундамент незалежної України.	UKRAINIAN
ParlaMint-UA_2020-06-19-m0.u4.p3.sent9	І якщо чогось хтось цього не розуміє у владі, то це вам дуже голосно вчора сказали тисячі українців, тільки тих, хто з дотриманням карантинного режиму приїхали виступити проти реваншу.	UKRAINIAN
ParlaMint-UA_2020-06-19-m0.u4.p4.sent1	І ви знаєте, це велика ганьба, коли сьогодні наші міжнародні партнери, які так віддано підтримували Україну 5 попередніх років, сьогодні просто у них опускаються руки від розчарування, розчарування цією "зеленою" молодою командою, яка замість того, щоб об’єднувати країну навколо боротьби з агресором, навколо боротьби з нашим ворогом Путіним, тому що він є сьогодні ворогом України, який не пішов з Криму і Донбасу, ви продовжуєте боротися з політичними опонентами.	UKRAINIAN
ParlaMint-UA_2020-06-19-m0.u4.p4.sent2	Це є дріб’язково, це є дуже негідно, це є підло, і особливо це є підло робити в той час, коли, ви ж знаєте, людина, проти якої ви боретеся, переживає сьогодні і особисту трагедію – втрату батька.	UKRAINIAN
ParlaMint-UA_2020-06-19-m0.u4.p5.sent1	А тим мільйонам українців, які розуміють, що сьогодні мова йде і розправа не тільки з Порошенком, з нашою політичною командою, а з Україною, ми хочемо сказати, дякуємо за підтримку.	UKRAINIAN
ParlaMint-UA_2020-06-19-m0.u4.p5.sent2	І не боїмося, ми разом, і до кінця захищаємо.	UKRAINIAN
ParlaMint-UA_2020-06-19-m0.u5.p1.sent1	Переходимо до нашої роботи.	UKRAINIAN
ParlaMint-UA_2020-06-19-m0.u5.p2.sent1	Шановні колеги, у засіданні Верховної Ради України бере участь Прем’єр-міністр України Денис Анатолійович Шмигаль та члени Кабінету Міністрів України.	UKRAINIAN
ParlaMint-UA_2020-06-19-m0.u5.p2.sent2	Прошу привітати.	UKRAINIAN
ParlaMint-UA_2020-06-19-m0.u5.p3.sent1	Шановні колеги, на Погоджувальній раді було визначено, що члени Кабінету Міністрів сьогодні будуть відповідати на запитання про організацію та про проведення зовнішнього незалежного оцінювання в Україні в 2020 році та щодо використання коштів Державного бюджету на заходи з протидії поширення коронавірусної хвороби.	UKRAINIAN
ParlaMint-UA_2020-06-19-m0.u5.p3.sent2	Регламент був запропонований наступний та підтриманий Погоджувальною радою: по 10 хвилин надається доповідачам.	UKRAINIAN
ParlaMint-UA_2020-06-19-m0.u5.p3.sent3	Далі вони займають місце в ложі уряду.	UKRAINIAN
ParlaMint-UA_2020-06-19-m0.u5.p3.sent4	І йдуть запитання від депутатських фракцій і груп: хвилина – на запитання, 2 хвилини – на відповідь.	UKRAINIAN
ParlaMint-UA_2020-06-19-m0.u5.p3.sent5	Кожна фракція визначається, до якого з міністрів вона звертається.	UKRAINIAN
ParlaMint-UA_2020-06-19-m0.u5.p3.sent6	Далі у нас 20 хвилин відведено на запитання від народних депутатів України.	UKRAINIAN
ParlaMint-UA_2020-06-19-m0.u5.p3.sent7	Немає заперечень?	UKRAINIAN
ParlaMint-UA_2020-06-19-m0.u5.p3.sent8	Немає.	UKRAINIAN
ParlaMint-UA_2020-06-19-m0.u5.p4.sent1	Тоді на трибуну для виступу запрошується міністр фінансів України Сергій Михайлович Марченко.	UKRAINIAN
ParlaMint-UA_2020-06-19-m0.u6.p1.sent1	Шановний головуючий, шановні народні депутати!	UKRAINIAN
ParlaMint-UA_2020-06-19-m0.u6.p1.sent2	Без сумніву, держава і всі громадяни зацікавлені в активному і прозорому використанні бюджетних коштів.	UKRAINIAN
ParlaMint-UA_2020-06-19-m0.u6.p1.sent3	Для Міністерства фінансів це завдання пріоритетне і принципове, особливо в умовах напруженої ситуації, викликаною пандемією.	UKRAINIAN
ParlaMint-UA_2020-06-19-m0.u6.p1.sent4	Відзначу, що Кабінет Міністрів разом з Верховною Радою знайшли інструмент, аби гідно відповісти на цей складний виклик.	UKRAINIAN
ParlaMint-UA_2020-06-19-m0.u6.p1.sent5	У квітні парламент схвалив зміни до Державного бюджету на 2020 рік, підготовлений у Міністерстві фінансів.	UKRAINIAN
ParlaMint-UA_2020-06-19-m0.u6.p1.sent6	Фактично ми прийняли бюджет надзвичайної ситуації, який вимагав сильних, виважених і продуманих рішень, аби захистити всіх громадян і всі соціальні групи, які очікували на допомогу держави.	UKRAINIAN
ParlaMint-UA_2020-06-19-m0.u6.p1.sent7	В умовах згортання економічної активності ми забезпечили максимальний ресурс для протидії коронавірусу, підтримки людей і всієї країни.	UKRAINIAN
ParlaMint-UA_2020-06-19-m0.u6.p1.sent8	У фонд боротьби з коронавірусом ми акумулювали 64,7 мільярда гривень.	UKRAINIAN
ParlaMint-UA_2020-06-19-m0.u6.p2.sent1	Коротко про механізм і результати його діяльності.	UKRAINIAN
ParlaMint-UA_2020-06-19-m0.u6.p2.sent2	Для Мінфіну і, певен, кожного народного депутата є принциповим завданням, аби діяльність фонду була прозорою, а видатки дієвими.	UKRAINIAN
ParlaMint-UA_2020-06-19-m0.u6.p2.sent3	Для цього ми запровадили два етапи в діяльності фонду.	UKRAINIAN
ParlaMint-UA_2020-06-19-m0.u6.p2.sent4	По-перше, це наявність обґрунтованого протокольного рішення про необхідність виділення коштів.	UKRAINIAN
ParlaMint-UA_2020-06-19-m0.u6.p2.sent5	Друге – реалізація цього рішення.	UKRAINIAN
ParlaMint-UA_2020-06-19-m0.u6.p2.sent6	Кошти фонду можуть спрямовуватися на заходи із запобігання виникненню, поширенню, локалізації та ліквідації спалахів епідемії та пандемії COVID-19; додаткові доплати до заробітної плати медичним та іншим працівникам, які безпосередньо зайняті на роботах з ліквідації хвороби; надання грошової допомоги громадянам, зокрема, особам похилого віку у зв’язку із негативними наслідками поширення коронавірусної хвороби; надання трансферту Пенсійному фонду України; надання фінансової допомоги Фонду соціального страхування і Фонду загальнообов’язкового державного соціального страхування на випадок безробіття; інші напрями, що передбачені законодавством.	UKRAINIAN
ParlaMint-UA_2020-06-19-m0.u6.p3.sent1	У порядку використання коштів фонду боротьби з COVID чітко виписано кожний етап виділення та використання коштів.	UKRAINIAN
ParlaMint-UA_2020-06-19-m0.u6.p3.sent2	Термін дії фонду розрахований на період дії карантину і наступні після його офіційного завершення 30 днів.	UKRAINIAN
ParlaMint-UA_2020-06-19-m0.u6.p3.sent3	Це важливо з огляду на ризики повторного загострення пандемії.	UKRAINIAN
ParlaMint-UA_2020-06-19-m0.u6.p3.sent4	Мусимо бути готові до будь-якого з варіантів, хоча, звісно, розраховуємо на позитивний сценарій.	UKRAINIAN
ParlaMint-UA_2020-06-19-m0.u6.p4.sent1	Безумовно, громадян України цікавить фінансовий стан фонду, адже це стратегічний інструмент, яким держава протистоїть пандемії.	UKRAINIAN
ParlaMint-UA_2020-06-19-m0.u6.p4.sent2	Повідомляю, що станом на 18 червня 2020 року урядом прийнято рішення про виділення коштів фонду на суму 36,1 мільярда гривень.	UKRAINIAN
ParlaMint-UA_2020-06-19-m0.u6.p4.sent3	Зокрема, прийнято постанову уряду на 19 мільярдів гривень, а також протокольні рішення на 17 мільярдів гривень.	UKRAINIAN
ParlaMint-UA_2020-06-19-m0.u6.p4.sent4	З урахуванням цих рішень залишок коштів фонду станом на 18 червня складає 28,5 мільярда гривень.	UKRAINIAN
ParlaMint-UA_2020-06-19-m0.u6.p4.sent5	Касові видатки станом на 16 червня склали 0,9 мільярда гривень.	UKRAINIAN
ParlaMint-UA_2020-06-19-m0.u6.p5.sent1	Спочатку про видатки, передбачені постановами Кабінету Міністрів.	UKRAINIAN
ParlaMint-UA_2020-06-19-m0.u6.p5.sent2	Урядом прийнято рішення спрямувати майже 9 мільярдів гривень з акумульованих коштів Фонду загальнообов’язкового державного страхування на випадок безробіття.	UKRAINIAN
ParlaMint-UA_2020-06-19-m0.u6.p5.sent3	Це вкрай важливо з огляду на зростання безробіття внаслідок запровадження карантину.	UKRAINIAN
ParlaMint-UA_2020-06-19-m0.u6.p5.sent4	Зокрема, 4,7 мільярда гривень передбачили для виплати допомоги з часткового безробіття на період карантину на безповоротній основі.	UKRAINIAN
ParlaMint-UA_2020-06-19-m0.u6.p5.sent5	1,27 мільярда гривень – на допомогу з безробіття із дня запровадження карантину до завершення бюджетного періоду на поворотній основі, близько 3 мільярдів гривень – на виплату допомоги з безробіття на безповоротній основі.	UKRAINIAN
ParlaMint-UA_2020-06-19-m0.u6.p5.sent6	Станом на 9 червня 428 тисяч осіб отримують допомогу з безробіття.	UKRAINIAN
ParlaMint-UA_2020-06-19-m0.u6.p5.sent7	Це майже удвічі більше, ніж торік.	UKRAINIAN
ParlaMint-UA_2020-06-19-m0.u6.p6.sent1	Наразі прийнято рішення надати допомогу з часткового безробіття майже 11 тисячам роботодавців.	UKRAINIAN
ParlaMint-UA_2020-06-19-m0.u6.p6.sent2	Її загалом отримують більше 110 тисяч працівників.	UKRAINIAN
ParlaMint-UA_2020-06-19-m0.u6.p6.sent3	Передбачено 1,6 мільярда гривень на допомогу дітям фізичних осіб-підприємців.	UKRAINIAN
ParlaMint-UA_2020-06-19-m0.u6.p6.sent4	Йдеться про фізичних осіб-підприємців, що належать до І, ІІ групи платників єдиного податку.	UKRAINIAN
ParlaMint-UA_2020-06-19-m0.u6.p7.sent1	Кілька слів про механізм перерахування зазначених коштів.	UKRAINIAN
ParlaMint-UA_2020-06-19-m0.u6.p7.sent2	Ми їх спрямовуємо регіональним органам соціального захисту.	UKRAINIAN
ParlaMint-UA_2020-06-19-m0.u6.p7.sent3	Звідти гроші перераховують структурним підрозділам для безпосереднього надання вказаної допомоги.	UKRAINIAN
ParlaMint-UA_2020-06-19-m0.u6.p7.sent4	Виплата на дітей призначається одному з батьків або опікуну, з яким постійно проживає дитина.	UKRAINIAN
ParlaMint-UA_2020-06-19-m0.u6.p7.sent5	Кожна така дитина отримає кошти у розмірі прожиткового мінімуму, встановленого для відповідних вікових груп.	UKRAINIAN
ParlaMint-UA_2020-06-19-m0.u6.p7.sent6	Це 1779 гривень – для дитини віком до 6 років і 2218 гривень – для дітей від 6 до 18 років.	UKRAINIAN
ParlaMint-UA_2020-06-19-m0.u6.p7.sent7	Допомогу отримує загалом 285 тисяч родин.	UKRAINIAN
ParlaMint-UA_2020-06-19-m0.u6.p8.sent1	100 мільйонів гривень передбачено закладам охорони здоров’я, які надають стаціонарну медичну допомогу пацієнтам з COVID.	UKRAINIAN
ParlaMint-UA_2020-06-19-m0.u6.p8.sent2	Йдеться про закупівлю апаратів штучної вентиляції легенів.	UKRAINIAN
ParlaMint-UA_2020-06-19-m0.u6.p8.sent3	Розподіл апаратів здійснює Міністерство охорони здоров’я між структурними підрозділами обласних та Київської міської державних адміністрацій.	UKRAINIAN
ParlaMint-UA_2020-06-19-m0.u6.p8.sent4	Майже три мільярди гривень передбачено на заходи запобігання спалахів епідемії та пандемії COVID.	UKRAINIAN
ParlaMint-UA_2020-06-19-m0.u6.p8.sent5	З них: 650 мільйонів гривень – лабораторним підрозділам Міністерства охорони здоров’я, 2,3 мільярда гривень – на закупівлю засобів індивідуального захисту для закладів охорони здоров’я, що надають стаціонарну допомогу пацієнтам з COVID та екстрену медичну допомогу.	UKRAINIAN
ParlaMint-UA_2020-06-19-m0.u6.p9.sent1	Два з половиною мільярди гривень передбачено на допомогу Фонду соціального страхування.	UKRAINIAN
ParlaMint-UA_2020-06-19-m0.u6.p9.sent2	З них: 471 мільйон гривень – для виплати матеріального забезпечення та страхових виплат.	UKRAINIAN
ParlaMint-UA_2020-06-19-m0.u6.p9.sent3	Йдеться про одноразову допомогу членам сімей медичних та інших працівників закладів охорони здоров’я, які, на жаль, померли від COVID.	UKRAINIAN
ParlaMint-UA_2020-06-19-m0.u6.p9.sent4	1,8 мільярда гривень – для виплати матеріального забезпечення на поворотній основі.	UKRAINIAN
ParlaMint-UA_2020-06-19-m0.u6.p9.sent5	233 мільйонів гривень – на страхові виплати, передбачені Законом "Про захист населення від інфекційних хвороб".	UKRAINIAN
ParlaMint-UA_2020-06-19-m0.u6.p10.sent1	2,7 мільярда гривень спрямовуємо на додаткові виплати: до 50 відсотків заробітної плати чи грошового забезпечення військовослужбовцям, поліцейським та відповідним категоріям, які забезпечують життєдіяльність населення.	UKRAINIAN
ParlaMint-UA_2020-06-19-m0.u6.p11.sent1	23,7 мільйона гривень профінансуємо на заходи з подолання COVID в установах виконання покарань та слідчих ізоляторів Державної кримінально-виконавчої служби України.	UKRAINIAN
ParlaMint-UA_2020-06-19-m0.u6.p12.sent1	52,5 мільйона гривень – для повернення коштів, сплачених на пробне зовнішнє незалежне оцінювання у 2020 році.	UKRAINIAN
ParlaMint-UA_2020-06-19-m0.u6.p13.sent1	Щодо протокольних рішень, прийнятих урядом.	UKRAINIAN
ParlaMint-UA_2020-06-19-m0.u6.p13.sent2	Головні розпорядники бюджетних коштів готують проекти урядових рішень щодо виділення коштів COVID на загальну суму 17 мільярдів гривень.	UKRAINIAN
ParlaMint-UA_2020-06-19-m0.u6.p13.sent3	Зокрема, кошти Пенсійному фонду, напряму Міністерству охорони здоров’я, Міністерству освіти та науки – створення безпечних умов проведення ЗНО та інші заходи.	UKRAINIAN
ParlaMint-UA_2020-06-19-m0.u6.p14.sent1	Для нас принципово уникнути будь-яких зловживань чи нецільового використання коштів.	UKRAINIAN
ParlaMint-UA_2020-06-19-m0.u6.p14.sent2	Для Мінфіну це першочергове завдання.	UKRAINIAN
ParlaMint-UA_2020-06-19-m0.u6.p14.sent3	Такі загрози існують з огляду на коронакризу і спрощені порядки держзакупівлі.	UKRAINIAN
ParlaMint-UA_2020-06-19-m0.u6.p14.sent4	Ми намагаємося їх уникнути, у тому числі в процесі переговорів з Міжнародним валютним фондом під час опрацювання програми.	UKRAINIAN
ParlaMint-UA_2020-06-19-m0.u6.p14.sent5	За ініціативою Міністерства фінансів прийнято постанову Кабінету Міністрів, що розкриває бенефіціарних власників в закупівлях фонду COVID.	UKRAINIAN
ParlaMint-UA_2020-06-19-m0.u6.p15.sent1	Усвідомлюємо, що аудит – це ключовий механізм, що дозволяє уникнути та виявити зловживання, і з цією метою Державна аудиторська служба України здійснює безперервний контроль використання коштів.	UKRAINIAN
ParlaMint-UA_2020-06-19-m0.u6.p15.sent2	Актуальне завдання – співставлення та аналіз інформації Держказначейства, МОЗ, Мінсоцполітики, Міністерства економіки, Мінрегіону та інших органів державної влади.	UKRAINIAN
ParlaMint-UA_2020-06-19-m0.u6.p15.sent3	Йдеться про механізм розподілу та здійснення видатків фонду.	UKRAINIAN
ParlaMint-UA_2020-06-19-m0.u6.p16.sent1	Здійснюємо також щоденний моніторинг електронної системи ProZorro, опрацьовуємо перелік замовників, які здійснили ризикові закупівлі.	UKRAINIAN
ParlaMint-UA_2020-06-19-m0.u6.p16.sent2	Налагоджено співпрацю з правоохоронними органами щодо обміну інформацією про ризикові закупівлі.	UKRAINIAN
ParlaMint-UA_2020-06-19-m0.u6.p16.sent3	Задіяно територіальні органи Держаудитслужби, які здійснюють контрольні заходи на місцях.	UKRAINIAN
ParlaMint-UA_2020-06-19-m0.u6.p16.sent4	Держаудитслужба з 9 червня здійснює контрольні заходи в Міністерстві охорони здоров’я, а з 16 червня територіальні підрозділи Держаудитслужби розпочали перевірки у 27 закладах охорони здоров’я.	UKRAINIAN
ParlaMint-UA_2020-06-19-m0.u6.p16.sent5	Наголошую, йдеться виключно про заклади, що не задіяні безпосередньо в ліквідації хвороби і не мають карантинних обмежень.	UKRAINIAN
ParlaMint-UA_2020-06-19-m0.u6.p17.sent1	Ще раз наголошую, що надмета Мінфіну – забезпечити максимальний контроль і цільове використання коштів фонду.	UKRAINIAN
ParlaMint-UA_2020-06-19-m0.u6.p18.sent1	Дякую за увагу.	UKRAINIAN
ParlaMint-UA_2020-06-19-m0.u6.p18.sent2	Готовий відповісти на запитання.	UKRAINIAN
ParlaMint-UA_2020-06-19-m0.u7.p1.sent1	Дякую.	UKRAINIAN
ParlaMint-UA_2020-06-19-m0.u7.p1.sent2	Сідайте, будь ласка.	UKRAINIAN
ParlaMint-UA_2020-06-19-m0.u7.p2.sent1	На трибуну для виступу запрошується виконуюча обов’язки міністра освіти і науки України Любомира Степанівна Мандзій.	UKRAINIAN
ParlaMint-UA_2020-06-19-m0.u8.p1.sent1	Доброго дня, шановний головуючий, шановні народні депутати.	UKRAINIAN
ParlaMint-UA_2020-06-19-m0.u8.p1.sent2	Зовнішнє незалежне оцінювання буде відбуватися у безпечних умовах відповідно до рекомендацій Головного державного санітарного лікаря України.	UKRAINIAN
ParlaMint-UA_2020-06-19-m0.u8.p1.sent3	Зараз у нас все готово для проведення зовнішнього незалежного оцінювання з 25 червня по 17 липня.	UKRAINIAN
ParlaMint-UA_2020-06-19-m0.u8.p1.sent4	Зовнішнє незалежне оцінювання – це запорука справедливого і об’єктивного оцінювання, а також чесного і прозорого вступу.	UKRAINIAN
ParlaMint-UA_2020-06-19-m0.u8.p1.sent5	У 2020 році на основну сесію зовнішнього незалежного оцінювання зареєструвалось 379 тисяч 493 учасники, які обрали 1 мільйон 227 тисяч 154 тестування.	UKRAINIAN
ParlaMint-UA_2020-06-19-m0.u8.p2.sent1	Для всіх учасників Український центр оцінювання якості освіти підготував 82 тисяч 890 аудиторій у 5 тисячах 188 пунктах тестування.	UKRAINIAN
ParlaMint-UA_2020-06-19-m0.u8.p2.sent2	Вже надруковано 1 мільйон 166 тисяч 280 зошитів сертифікаційних тестових завдань.	UKRAINIAN
ParlaMint-UA_2020-06-19-m0.u8.p2.sent3	Щоб тестування пройшло у безпечних умовах, спільно з партнерами закуплено та доставлено в області 3 мільйони 230 тисяч 104 медичні маски, 3 тисячі 250 безконтактних термометрів, 11 тисяч 630 комплектів для захисту медиків, 104 тисячі 382 літри антисептиків і 28 тисяч 100 літрів дезінфікуючих засобів для обробки поверхонь.	UKRAINIAN
ParlaMint-UA_2020-06-19-m0.u8.p2.sent4	Для проведення зовнішнього незалежного оцінювання залучено 242 тисячі 650 працівників і 11 тисяч 630 медиків.	UKRAINIAN
ParlaMint-UA_2020-06-19-m0.u8.p3.sent1	В 17 областей вже доставили засоби індивідуального захисту та безпечності у всі пункти тестування, і готові до перевірки Держпродспоживслужби.	UKRAINIAN
ParlaMint-UA_2020-06-19-m0.u8.p3.sent2	7 інших областей та місто Київ закінчують довезення необхідних засобів сьогодні та в понеділок, а також і будуть теж готові до перевірки Держпродспоживслужби.	UKRAINIAN
ParlaMint-UA_2020-06-19-m0.u8.p3.sent3	Зазначу, що готовність пунктів тестування, починаючи від сьогодні, контролює Держпродспроживслужба згідно зі спеціальним протоколом.	UKRAINIAN
ParlaMint-UA_2020-06-19-m0.u8.p4.sent1	Ми розробили безпечні алгоритми дій щодо проведення та довезення учасників зовнішнього незалежного оцінювання.	UKRAINIAN
ParlaMint-UA_2020-06-19-m0.u8.p4.sent2	В особистих кабінетах учасників розміщено відеоінструкції щодо правил проведення, проходження зовнішнього незалежного оцінювання.	UKRAINIAN
ParlaMint-UA_2020-06-19-m0.u8.p5.sent1	Зокрема, алгоритм дій для учасника зовнішнього незалежного оцінювання.	UKRAINIAN
ParlaMint-UA_2020-06-19-m0.u8.p5.sent2	Всі вони отримали запрошення із визначенням часу входу, місця та часу тестування.	UKRAINIAN
ParlaMint-UA_2020-06-19-m0.u8.p5.sent3	Учасники самостійно або організованим транспортом будуть довезені до пункту тестування.	UKRAINIAN
ParlaMint-UA_2020-06-19-m0.u8.p5.sent4	До пункту тестування учасники допускаються з 9:50 до 10:50.	UKRAINIAN
ParlaMint-UA_2020-06-19-m0.u8.p5.sent5	На вулиці, перед пунктом тестування, в коридорах самих пунктів необхідно дотримуватись соціальної дистанції.	UKRAINIAN
ParlaMint-UA_2020-06-19-m0.u8.p5.sent6	І учасники про це будуть повідомлені і вже знають.	UKRAINIAN
ParlaMint-UA_2020-06-19-m0.u8.p5.sent7	На вході учасникам буде проводитись термометрія та оцінка на ознаки гострого респіраторного захворювання.	UKRAINIAN
ParlaMint-UA_2020-06-19-m0.u8.p5.sent8	Отримають всі маски та зможуть продезінфікувати руки.	UKRAINIAN
ParlaMint-UA_2020-06-19-m0.u8.p5.sent9	Після ідентифікації учасник проходить до своєї аудиторії.	UKRAINIAN
ParlaMint-UA_2020-06-19-m0.u8.p5.sent10	За вказівниками до своєї аудиторії приходить учасник і ще раз проходить ідентифікацію.	UKRAINIAN
ParlaMint-UA_2020-06-19-m0.u8.p5.sent11	Після завершення тестування учасник здає бланк та на виході з пункту тестування викидає використану маску у визначену урну.	UKRAINIAN
ParlaMint-UA_2020-06-19-m0.u8.p6.sent1	Кожен крок учасника є продуманим.	UKRAINIAN
ParlaMint-UA_2020-06-19-m0.u8.p6.sent2	З правилами ознайомлені всі учасники та інструктори.	UKRAINIAN
ParlaMint-UA_2020-06-19-m0.u8.p6.sent3	Ми будемо контролювати дотримання всіх цих правил, щоб безпечно провести зовнішнє незалежне оцінювання, і воно було безпечним для усіх.	UKRAINIAN
ParlaMint-UA_2020-06-19-m0.u8.p7.sent1	В той же час вчора ви ухвалили закон, який звільнив здобувачів повної загальної середньої освіти від обов’язкової здачі державної підсумкової атестації.	UKRAINIAN
ParlaMint-UA_2020-06-19-m0.u8.p7.sent2	Це зменшить кількість учасників зовнішнього незалежного оцінювання.	UKRAINIAN
ParlaMint-UA_2020-06-19-m0.u8.p7.sent3	Наголошу на тому, що ухвалений закон не скасовує проведення зовнішнього незалежного оцінювання для випускників, які мають вступити намір у заклади вищої освіти.	UKRAINIAN
ParlaMint-UA_2020-06-19-m0.u8.p8.sent1	Щодо повернення коштів за пробне зовнішнє незалежне оцінювання.	UKRAINIAN
ParlaMint-UA_2020-06-19-m0.u8.p8.sent2	Через епідеміологічну ситуацію уряд відмінив проведення пробного у закладах освіти, які були готові до його проведення.	UKRAINIAN
ParlaMint-UA_2020-06-19-m0.u8.p8.sent3	Кожен зареєстрований на пробне ЗНО зміг отримати або завантажити тестовий зошит і бланк відповідей, надіслати відповіді до сервісу визначення результатів до 18 години сьогоднішнього дня.	UKRAINIAN
ParlaMint-UA_2020-06-19-m0.u8.p8.sent4	І вже до 23 червня кожен учасник пробного ЗНО отримує свій результат у своєму кабінеті.	UKRAINIAN
ParlaMint-UA_2020-06-19-m0.u8.p9.sent1	Додатково був відкритий нелімітований доступ до тестувань з усіх предметів.	UKRAINIAN
ParlaMint-UA_2020-06-19-m0.u8.p9.sent2	Я наголошу на тому, що учасники пробного ЗНО мали можливість пройти лише два пробних тестування.	UKRAINIAN
ParlaMint-UA_2020-06-19-m0.u8.p9.sent3	Був відкритий нелімітований доступ.	UKRAINIAN
ParlaMint-UA_2020-06-19-m0.u8.p9.sent4	І ми знаємо про те, статистику відмоніторили, що кількість людей, які взяли.	UKRAINIAN
ParlaMint-UA_2020-06-19-m0.u8.p9.sent5	кількість учасників ЗНО взяли.	UKRAINIAN
ParlaMint-UA_2020-06-19-m0.u8.p9.sent6	можливість використали, спробували свої сили практично з усіх предметів, з яких було передбачено тестові завдання.	UKRAINIAN
ParlaMint-UA_2020-06-19-m0.u8.p10.sent1	Кошти за пробне зовнішнє незалежне оцінювання будуть повернуті учасникам.	UKRAINIAN
ParlaMint-UA_2020-06-19-m0.u8.p10.sent2	17 червня уряд затвердив порядок використання коштів.	UKRAINIAN
ParlaMint-UA_2020-06-19-m0.u8.p10.sent3	Загальна сума повернення 52 мільйони 450 тисяч гривень.	UKRAINIAN
ParlaMint-UA_2020-06-19-m0.u8.p10.sent4	Це рішення було прийнято відповідно до доручення Президента України.	UKRAINIAN
ParlaMint-UA_2020-06-19-m0.u8.p10.sent5	І я щиро дякую членам бюджетного комітету, бо сьогодні зранку бюджетний комітет підтримав це рішення і погодив виділення коштів.	UKRAINIAN
ParlaMint-UA_2020-06-19-m0.u8.p11.sent1	Повернення коштів буде відбуватися через відділення "ПриватБанку".	UKRAINIAN
ParlaMint-UA_2020-06-19-m0.u8.p11.sent2	Всі учасники пробного ЗНО, які мають картки "ПриватБанку" отримають есемески на номер телефону, який був вказаний при реєстрації, з інформацією про зарахування коштів.	UKRAINIAN
ParlaMint-UA_2020-06-19-m0.u8.p11.sent3	У кого картки немає, отримають есемески з повідомленням про те, що в найближчому відділені банку на них чекає картка з сумою повернутих коштів.	UKRAINIAN
ParlaMint-UA_2020-06-19-m0.u8.p12.sent1	Підсумую.	UKRAINIAN
ParlaMint-UA_2020-06-19-m0.u8.p12.sent2	Міністерство освіти і науки України, український та регіональні центри оцінювання якості освіти, обласні державні адміністрації і КМДА готові до проведення зовнішнього незалежного оцінювання з 25 червня по 17 липня у безпечних умовах.	UKRAINIAN
ParlaMint-UA_2020-06-19-m0.u8.p12.sent3	Ми зобов’язані забезпечити чесний і прозорий вступ.	UKRAINIAN
ParlaMint-UA_2020-06-19-m0.u8.p13.sent1	Дякую за увагу.	UKRAINIAN
ParlaMint-UA_2020-06-19-m0.u9.p1.sent1	Дякую.	UKRAINIAN
ParlaMint-UA_2020-06-19-m0.u9.p2.sent1	Шановні колеги, запишіться, будь ласка, від депутатських фракцій та груп на запитання до доповідачів.	UKRAINIAN
ParlaMint-UA_2020-06-19-m0.u9.p2.sent2	Нагадую, на початку запитання зазначайте, до кого ви адресуєте питання, будь ласка, до міністра фінансів чи до виконуючого обов’язків міністра освіти.	UKRAINIAN
ParlaMint-UA_2020-06-19-m0.u9.p3.sent1	Гончаренко Олексій Олексійович.	UKRAINIAN
ParlaMint-UA_2020-06-19-m0.u10.p1.sent1	Олексій Гончаренко, "Європейська солідарність".	UKRAINIAN
ParlaMint-UA_2020-06-19-m0.u10.p1.sent2	У мене питання перше до міністра фінансів Марченка, який сьогодні доповідав.	UKRAINIAN
ParlaMint-UA_2020-06-19-m0.u10.p2.sent1	Скажіть, будь ласка, у нас пропонується до другого читання Закон про гральний бізнес.	UKRAINIAN
ParlaMint-UA_2020-06-19-m0.u10.p2.sent2	Я мовчу вже про те, що це долі людей і багато родин, які постраждали від цього, ми це зло несемо знов в країну.	UKRAINIAN
ParlaMint-UA_2020-06-19-m0.u10.p2.sent3	Але до другого читання пропонується зменшити суттєво вартість ліцензій для того, щоб можна було цим бізнесом займатися.	UKRAINIAN
ParlaMint-UA_2020-06-19-m0.u10.p2.sent4	Яке ваше відношення до цього?	UKRAINIAN
ParlaMint-UA_2020-06-19-m0.u10.p2.sent5	І тоді скільки це принесе державному бюджету?	UKRAINIAN
ParlaMint-UA_2020-06-19-m0.u10.p2.sent6	Бо нам казали, що це дуже важливо, щоб підтримати державний бюджет.	UKRAINIAN
ParlaMint-UA_2020-06-19-m0.u10.p3.sent1	І друге у мене загальне запитання, напевно, до пана Прем’єр-міністра.	UKRAINIAN
ParlaMint-UA_2020-06-19-m0.u10.p3.sent2	Будь ласка, скажіть після вчорашнього неприйняття програми дій уряду чи відчуваєте ви, що вам треба подати у відставку, бо ви не маєте підтримку парламенту в парламентсько-президентській державі?	UKRAINIAN
ParlaMint-UA_2020-06-19-m0.u10.p4.sent1	Дякую.	UKRAINIAN
ParlaMint-UA_2020-06-19-m0.u11.p1.sent1	Шановні колеги, запитання до доповідачів.	UKRAINIAN
ParlaMint-UA_2020-06-19-m0.u11.p1.sent2	Коли будуть запитання від депутатів, ви можете задати його і іншим членам.	UKRAINIAN
ParlaMint-UA_2020-06-19-m0.u11.p2.sent1	Сергій Михайлович.	UKRAINIAN
ParlaMint-UA_2020-06-19-m0.u12.p1.sent1	Дякую, шановний народний депутат, за запитання.	UKRAINIAN
ParlaMint-UA_2020-06-19-m0.u12.p2.sent1	Звичайно, ми розглядаємо законопроекти щодо грального бізнесу в частині наповнення дохідної частини бюджету.	UKRAINIAN
ParlaMint-UA_2020-06-19-m0.u12.p2.sent2	Ми вважаємо, що плата за ліцензію має бути співрозмірною з тими, скажемо так, з тим, щоб вона включала повністю і була забезпечена, і її могли заплатити як оператори, так і ми могли профінансувати видатки бюджету.	UKRAINIAN
ParlaMint-UA_2020-06-19-m0.u12.p3.sent1	Щодо цих законопроектів, про які ви сказали, це депутатські законопроекти.	UKRAINIAN
ParlaMint-UA_2020-06-19-m0.u12.p3.sent2	Ми в комітеті в робочому порядку з ними відпрацюємо.	UKRAINIAN
ParlaMint-UA_2020-06-19-m0.u13.p1.sent1	Гришина Юлія Миколаївна.	UKRAINIAN
ParlaMint-UA_2020-06-19-m0.u14.p1.sent1	Дякую.	UKRAINIAN
ParlaMint-UA_2020-06-19-m0.u14.p2.sent1	У мене питання до т.в.о. міністра освіти пані Любомири Мандзій.	UKRAINIAN
ParlaMint-UA_2020-06-19-m0.u14.p2.sent2	Пані Любомиро, питання стосується дотримання прав дітей з особливими освітніми потребами під час складання ЗНО.	UKRAINIAN
ParlaMint-UA_2020-06-19-m0.u14.p2.sent3	Скажіть, будь ласка, чи будуть реалізовані цього року сертифікаційні роботи для дітей з порушенням зору?	UKRAINIAN
ParlaMint-UA_2020-06-19-m0.u14.p2.sent4	Чи підготовлені фахівці і чи надруковані роботи шрифтом Брайля?	UKRAINIAN
ParlaMint-UA_2020-06-19-m0.u14.p2.sent5	На скільки забезпечено інклюзивність складання ЗНО для дітей з іншими формами нозології в межах аудиторії в умовах карантину?	UKRAINIAN
ParlaMint-UA_2020-06-19-m0.u14.p2.sent6	Мається на увазі адаптоване підвезення, пандуси, спрямування до потрібної аудиторії, туалети і так далі.	UKRAINIAN
ParlaMint-UA_2020-06-19-m0.u14.p2.sent7	Дякую.	UKRAINIAN
ParlaMint-UA_2020-06-19-m0.u14.p3.sent1	І друге питання.	UKRAINIAN
ParlaMint-UA_2020-06-19-m0.u14.p3.sent2	Як дітям з інтернатів, які були повернені в свої сім’ї, що розташовані по всій Україні, дістатися до пункту складання ЗНО?	UKRAINIAN
ParlaMint-UA_2020-06-19-m0.u14.p3.sent3	Адже відстань між місцем проживання і пунктом складання ЗНО часто є дуже значною.	UKRAINIAN
ParlaMint-UA_2020-06-19-m0.u14.p4.sent1	Дякую.	UKRAINIAN
ParlaMint-UA_2020-06-19-m0.u15.p1.sent1	Дякую за запитання.	UKRAINIAN
ParlaMint-UA_2020-06-19-m0.u15.p2.sent1	З першого.	UKRAINIAN
ParlaMint-UA_2020-06-19-m0.u15.p2.sent2	У нас вже не перший рік організоване проведення зовнішнього незалежного оцінювання для дітей з особливими освітніми потребами.	UKRAINIAN
ParlaMint-UA_2020-06-19-m0.u15.p2.sent3	При реєстрації учасник зазначає свої особливі освітні потреби, а регіональні центри створюють умови для проведення і участі таких учасників у зовнішньому незалежному оцінюванні.	UKRAINIAN
ParlaMint-UA_2020-06-19-m0.u15.p2.sent4	Зокрема, є залучені ті пункти тестування, де забезпечено безбар’єрність та доступ, в тому числі надруковані зошити для тестування з шрифтом Брайля, відповідно до потреби.	UKRAINIAN
ParlaMint-UA_2020-06-19-m0.u15.p2.sent5	І є фахівці, які зможуть перевірити ці тестові завдання.	UKRAINIAN
ParlaMint-UA_2020-06-19-m0.u15.p3.sent1	Щодо іншого питання, то у нас є розроблений механізм довезення дітей, учасників зовнішнього незалежного оцінювання, до пунктів тестування.	UKRAINIAN
ParlaMint-UA_2020-06-19-m0.u15.p3.sent2	І в кожному окремому випадку буде організовано довезення таких учасників до пункту тестування.	UKRAINIAN
ParlaMint-UA_2020-06-19-m0.u15.p4.sent1	Дякую.	UKRAINIAN
ParlaMint-UA_2020-06-19-m0.u16.p1.sent1	Дякую.	UKRAINIAN
ParlaMint-UA_2020-06-19-m0.u16.p2.sent1	Бондар Віктор Васильович.	UKRAINIAN
ParlaMint-UA_2020-06-19-m0.u17.p1.sent1	Дякую.	UKRAINIAN
ParlaMint-UA_2020-06-19-m0.u17.p2.sent1	Шановні колеги, я хочу задати запитання Прем’єр-міністру пану Шмигалю.	UKRAINIAN
ParlaMint-UA_2020-06-19-m0.u17.p2.sent2	В мене таке питання.	UKRAINIAN
ParlaMint-UA_2020-06-19-m0.u17.p2.sent3	Скажіть мені, чому уряд ваш прийняв рішення не виділяти.	UKRAINIAN
ParlaMint-UA_2020-06-19-m0.u18.p1.sent1	Віктор Васильович, я вибачаюсь, що я вас перебиваю.	UKRAINIAN
ParlaMint-UA_2020-06-19-m0.u18.p1.sent2	Але ще раз говорю, запитання або міністра фінансів, або до колеги з Міністерства освіти.	UKRAINIAN
ParlaMint-UA_2020-06-19-m0.u18.p1.sent3	Коли будуть від народних депутатів, будь ласка, до Прем’єр-міністра.	UKRAINIAN
ParlaMint-UA_2020-06-19-m0.u19.p1.sent1	Я розумію, що ви врятуєте.	UKRAINIAN
ParlaMint-UA_2020-06-19-m0.u19.p1.sent2	Тоді поверніть мені хвилину, я задам запитання.	UKRAINIAN
ParlaMint-UA_2020-06-19-m0.u20.p1.sent1	Повертаю.	UKRAINIAN
ParlaMint-UA_2020-06-19-m0.u20.p1.sent2	Будь ласка, верніть час.	UKRAINIAN
ParlaMint-UA_2020-06-19-m0.u21.p1.sent1	Я тоді задаю питання пану міністру фінансів, а він вже там з Прем’єр-міністром буде розбиратися.	UKRAINIAN
ParlaMint-UA_2020-06-19-m0.u21.p2.sent1	Скажіть мені, чому уряд не може і не виділяє кошти по соціально-економічному розвитку для депутатів і в округи, де є депутати не від "Слуги народу"?	UKRAINIAN
ParlaMint-UA_2020-06-19-m0.u21.p2.sent2	В мене, наприклад, в моєму рідному окрузі Андрій Ковпак, наймолодший і найуспішніший мер Деражні в Хмельницькій області, не може закінчити парк центральний через те, що ви прибираєте кошти, очисні споруди, деякі дороги.	UKRAINIAN
ParlaMint-UA_2020-06-19-m0.u21.p2.sent3	Віталій Здебський, Старосинявська громада, не може закінчити водогони, мали відбутися ремонти районної лікарні, очисні споруди.	UKRAINIAN
ParlaMint-UA_2020-06-19-m0.u21.p2.sent4	Василь Ананчук – селищний голова моїх рідних Віньківців.	UKRAINIAN
ParlaMint-UA_2020-06-19-m0.u21.p2.sent5	Я вже неодноразово виступав і говорив, ми не можемо закінчити очисні споруди, не можемо закінчити роботи по каналізації, в цьому році мали закінчити стадіон.	UKRAINIAN
ParlaMint-UA_2020-06-19-m0.u21.p2.sent6	Старокостянтинів, Микола Степанович Мельничук.	UKRAINIAN
ParlaMint-UA_2020-06-19-m0.u21.p2.sent7	Мали закінчити школу 5, я ці кошти два роки вибивав, і мали сьогодні зробити.	UKRAINIAN
ParlaMint-UA_2020-06-19-m0.u21.p2.sent8	Чому ви.	UKRAINIAN
ParlaMint-UA_2020-06-19-m0.u22.p1.sent1	Шановний народний депутат, дякую за запитання.	UKRAINIAN
ParlaMint-UA_2020-06-19-m0.u22.p2.sent1	Ви знаєте, що на сьогоднішній момент існує справедливий розподіл субвенцій соціально-економічного розвитку, і зараз готується рішення уряду, яке буде включати розподіл цієї субвенції.	UKRAINIAN
ParlaMint-UA_2020-06-19-m0.u22.p3.sent1	Стосовно ваших об’єктів, я думаю, що такі звернення будуть, якщо вони є, надані Міністерству регіонального розвитку, і вони будуть включені або не включені по відповідному рішенню.	UKRAINIAN
ParlaMint-UA_2020-06-19-m0.u22.p4.sent1	Дякую.	UKRAINIAN
ParlaMint-UA_2020-06-19-m0.u23.p1.sent1	Дякую.	UKRAINIAN
ParlaMint-UA_2020-06-19-m0.u23.p2.sent1	Плачкова Тетяна Михайлівна.	UKRAINIAN
ParlaMint-UA_2020-06-19-m0.u24.p1.sent1	Передати слово Колтуновичу.	UKRAINIAN
ParlaMint-UA_2020-06-19-m0.u25.p1.sent1	Колтунович Олександр Сергійович.	UKRAINIAN
ParlaMint-UA_2020-06-19-m0.u26.p1.sent1	Дякую, вельмишановний Дмитро Олександрович.	UKRAINIAN
ParlaMint-UA_2020-06-19-m0.u26.p2.sent1	У мене буде запитання до міністра фінансів.	UKRAINIAN
ParlaMint-UA_2020-06-19-m0.u26.p2.sent2	У нас згідно додатку 2 Закону України про Державний бюджет планується запозичення у 2020 році у 642 мільярди гривень.	UKRAINIAN
ParlaMint-UA_2020-06-19-m0.u26.p2.sent3	З них 377 – це внутрішні запозичення і 265 – зовнішні запозичення.	UKRAINIAN
ParlaMint-UA_2020-06-19-m0.u26.p2.sent4	У зв’язку з цим у мене запитання.	UKRAINIAN
ParlaMint-UA_2020-06-19-m0.u26.p2.sent5	Чи плануєте ви на 2021 рік додаткові запозичення, і як ви будете розраховувати дохідну частину бюджету з урахуванням цієї ганебної ситуації, яка склалася у цьому році?	UKRAINIAN
ParlaMint-UA_2020-06-19-m0.u26.p2.sent6	Це перший момент.	UKRAINIAN
ParlaMint-UA_2020-06-19-m0.u26.p3.sent1	І другий момент.	UKRAINIAN
ParlaMint-UA_2020-06-19-m0.u26.p3.sent2	Що стосується невиконання бюджету, яке почалося з вересня місяця цього року, як ви будете зупиняти також цю негативну тенденцію?	UKRAINIAN
ParlaMint-UA_2020-06-19-m0.u26.p4.sent1	І третє.	UKRAINIAN
ParlaMint-UA_2020-06-19-m0.u26.p4.sent2	Тут нам повідомили колеги з бюджетного комітету, що ви не знаєте параметрів державного боргу.	UKRAINIAN
ParlaMint-UA_2020-06-19-m0.u26.p4.sent3	Чи ви вже дізналися, який у нас державний, гарантований державою, борг?	UKRAINIAN
ParlaMint-UA_2020-06-19-m0.u26.p5.sent1	Дякую за відповіді.	UKRAINIAN
ParlaMint-UA_2020-06-19-m0.u27.p1.sent1	Шановний народний депутат, дякую за запитання.	UKRAINIAN
ParlaMint-UA_2020-06-19-m0.u27.p2.sent1	Стосовно запозичень.	UKRAINIAN
ParlaMint-UA_2020-06-19-m0.u27.p2.sent2	Ви прекрасно розумієте, що ми діємо у спосіб, передбачений законом.	UKRAINIAN
ParlaMint-UA_2020-06-19-m0.u27.p2.sent3	У Законі про Державний бюджет передбачені зовнішні та внутрішні джерела запозичень.	UKRAINIAN
ParlaMint-UA_2020-06-19-m0.u27.p2.sent4	На сьогоднішній момент ми повністю виконуємо всі наші передбачені плани запозичень із зовнішніх і внутрішніх джерел.	UKRAINIAN
ParlaMint-UA_2020-06-19-m0.u27.p2.sent5	Я вам гарантую, що план запозичень до кінця року буде виконано.	UKRAINIAN
ParlaMint-UA_2020-06-19-m0.u27.p3.sent1	Що стосується бюджету 2021 року.	UKRAINIAN
ParlaMint-UA_2020-06-19-m0.u27.p3.sent2	Ми зараз готуємо пропозиції.	UKRAINIAN
ParlaMint-UA_2020-06-19-m0.u27.p3.sent3	Ви розумієте, що дефіцит цього року був пов’язаний з коронакризою, ми не є унікальною країною.	UKRAINIAN
ParlaMint-UA_2020-06-19-m0.u27.p3.sent4	Інші країни, такі як Сполучені Штати Америки, Британія, мають дефіцит бюджету 14 відсотків ВВП, а у нас лише – 7,5.	UKRAINIAN
ParlaMint-UA_2020-06-19-m0.u27.p3.sent5	Італія, Іспанія – до 10 відсотків.	UKRAINIAN
ParlaMint-UA_2020-06-19-m0.u27.p3.sent6	Тобто ми також реагуємо на виклики, реагуємо на пандемію, реагуємо на кризу, і це нормальна ситуація, якщо у нас є дефіцит і що ми запозичуємо.	UKRAINIAN
ParlaMint-UA_2020-06-19-m0.u27.p4.sent1	Щодо невиконання бюджету.	UKRAINIAN
ParlaMint-UA_2020-06-19-m0.u27.p4.sent2	На сьогоднішній момент у травні місяці загальний фонд Державного бюджету по доходам виконано.	UKRAINIAN
ParlaMint-UA_2020-06-19-m0.u27.p4.sent3	Очікується виконання по доходах також у червні.	UKRAINIAN
ParlaMint-UA_2020-06-19-m0.u27.p4.sent4	Більше того, я хочу сказати, що поставлено завдання до кінця року, щоб план по доходу був виконаний.	UKRAINIAN
ParlaMint-UA_2020-06-19-m0.u27.p5.sent1	Щодо питання державного боргу.	UKRAINIAN
ParlaMint-UA_2020-06-19-m0.u27.p5.sent2	Я можу вам сказати цифру державного боргу, яка на сьогоднішній момент є і яку ми маємо.	UKRAINIAN
ParlaMint-UA_2020-06-19-m0.u27.p5.sent3	Буквально, секундочку, зокрема, на сьогоднішній момент зовнішній борг складає 752 мільярди гривень.	UKRAINIAN
ParlaMint-UA_2020-06-19-m0.u27.p5.sent4	внутрішній борг – 852 гривень, зовнішній – 1 трильйон 83 мільйони гривень.	UKRAINIAN
ParlaMint-UA_2020-06-19-m0.u27.p6.sent1	Дякую за увагу.	UKRAINIAN
ParlaMint-UA_2020-06-19-m0.u28.p1.sent1	Дякую.	UKRAINIAN
ParlaMint-UA_2020-06-19-m0.u28.p2.sent1	Будь ласка, народний депутат Кириленко Іван Григорович, фракція політичної партії Всеукраїнське об’єднання "Батьківщина".	UKRAINIAN
ParlaMint-UA_2020-06-19-m0.u29.p1.sent1	Дякую.	UKRAINIAN
ParlaMint-UA_2020-06-19-m0.u29.p2.sent1	І прошу передати слово моєму колезі Цимбалюку Михайлу Михайловичу.	UKRAINIAN
ParlaMint-UA_2020-06-19-m0.u30.p1.sent1	Будь ласка, Цимбалюк Михайло Михайлович.	UKRAINIAN
ParlaMint-UA_2020-06-19-m0.u31.p1.sent1	Дякую.	UKRAINIAN
ParlaMint-UA_2020-06-19-m0.u31.p1.sent2	Михайло Цимбалюк, фракція "Батьківщина".	UKRAINIAN
ParlaMint-UA_2020-06-19-m0.u31.p2.sent1	Шановний пане Прем’єр-міністре, шановні панове міністри, у мене два запитання.	UKRAINIAN
ParlaMint-UA_2020-06-19-m0.u31.p3.sent1	Перше – до міністра фінансів, коротко.	UKRAINIAN
ParlaMint-UA_2020-06-19-m0.u31.p3.sent2	Ви передбачаєте індексацію пенсій з травня місяця.	UKRAINIAN
ParlaMint-UA_2020-06-19-m0.u31.p3.sent3	А питання, хто поверне пенсіонерам України індексацію хоча би спочатку січня цього року, бо люди не знають відповіді.	UKRAINIAN
ParlaMint-UA_2020-06-19-m0.u31.p4.sent1	І друге питання.	UKRAINIAN
ParlaMint-UA_2020-06-19-m0.u31.p4.sent2	Вчора помер головний лікар військового госпіталю Іван Гойда у Львові.	UKRAINIAN
ParlaMint-UA_2020-06-19-m0.u31.p4.sent3	Це бойовий полковник, який спас життя тисячам українським військовим.	UKRAINIAN
ParlaMint-UA_2020-06-19-m0.u31.p4.sent4	Сьогодні заблокована виплата родинам померлих медиків і також компенсація всім тим, хто отримав інвалідність з медиків.	UKRAINIAN
ParlaMint-UA_2020-06-19-m0.u31.p4.sent5	Фонд соціального страхування не може виплачувати такі кошти.	UKRAINIAN
ParlaMint-UA_2020-06-19-m0.u31.p4.sent6	Коли, дайте відповідь конкретно, люди розпочнуть отримувати цю компенсацію?	UKRAINIAN
ParlaMint-UA_2020-06-19-m0.u31.p5.sent1	Дякую.	UKRAINIAN
ParlaMint-UA_2020-06-19-m0.u32.p1.sent1	Дякую за запитання.	UKRAINIAN
ParlaMint-UA_2020-06-19-m0.u32.p2.sent1	Шановний народний депутат, з приводу індексації.	UKRAINIAN
ParlaMint-UA_2020-06-19-m0.u32.p2.sent2	Відповідально заявляю, що в той момент, коли було призначено наш уряд, ми почали відповідально займатися цим питанням.	UKRAINIAN
ParlaMint-UA_2020-06-19-m0.u32.p2.sent3	Із змінами до бюджету, які були підтримані вами, в квітні місяці були передбачені кошти Пенсійного фонду на індексацію пенсій.	UKRAINIAN
ParlaMint-UA_2020-06-19-m0.u32.p2.sent4	Більше того, хочу сказати, що ми передбачаємо індексацію робити і в наступному році.	UKRAINIAN
ParlaMint-UA_2020-06-19-m0.u32.p2.sent5	Тобто це нормальна практика, коли ми робимо індексацію кожного року.	UKRAINIAN
ParlaMint-UA_2020-06-19-m0.u32.p3.sent1	Щодо компенсації збитків, я вважаю, що це питання буде швидко вирішено при появі відповідних актів, які збирає на сьогоднішній момент Міністерство соціальної політики.	UKRAINIAN
ParlaMint-UA_2020-06-19-m0.u32.p3.sent2	Відповідні рішення уряду будуть найближчим часом винесені на розгляд.	UKRAINIAN
ParlaMint-UA_2020-06-19-m0.u32.p4.sent1	Дякую за увагу.	UKRAINIAN
ParlaMint-UA_2020-06-19-m0.u33.p1.sent1	Будь ласка, народний депутат Сухов Олександр Сергійович, депутатська група "Довіра".	UKRAINIAN
ParlaMint-UA_2020-06-19-m0.u34.p1.sent1	Дякую.	UKRAINIAN
ParlaMint-UA_2020-06-19-m0.u34.p1.sent2	Олександр Сухов, Луганщина.	UKRAINIAN
ParlaMint-UA_2020-06-19-m0.u34.p2.sent1	Прошу передати слово готові депутатської групи "Довіра" Олегу Кулінічу.	UKRAINIAN
ParlaMint-UA_2020-06-19-m0.u35.p1.sent1	Будь ласка, Кулініч Олег Іванович.	UKRAINIAN
ParlaMint-UA_2020-06-19-m0.u36.p1.sent1	Дякую.	UKRAINIAN
ParlaMint-UA_2020-06-19-m0.u36.p2.sent1	В мене запитання до міністра фінансів Сергія Марченка.	UKRAINIAN
ParlaMint-UA_2020-06-19-m0.u36.p2.sent2	Дефіцит загального фонду державного бюджету в кінці минулого року склав близько 26 мільярдів гривень.	UKRAINIAN
ParlaMint-UA_2020-06-19-m0.u36.p2.sent3	Найбільші проблеми у нас були по митниці і по податковій службі, найбільші недонадходження.	UKRAINIAN
ParlaMint-UA_2020-06-19-m0.u36.p2.sent4	Наскільки я знаю, що там відбулися кадрові ротації і в податковій, і в митниці.	UKRAINIAN
ParlaMint-UA_2020-06-19-m0.u36.p2.sent5	Тому конкретні запитання.	UKRAINIAN
ParlaMint-UA_2020-06-19-m0.u36.p2.sent6	Чи задоволені ви зараз роботою цих структур – митницею і податковою?	UKRAINIAN
ParlaMint-UA_2020-06-19-m0.u36.p2.sent7	Що робиться там в цих структурах для того, щоб цієї проблеми, яку ми мали в кінці минулого року, не було в цьому році?	UKRAINIAN
ParlaMint-UA_2020-06-19-m0.u36.p2.sent8	Які напрацювання?	UKRAINIAN
ParlaMint-UA_2020-06-19-m0.u36.p2.sent9	Як зробити так, щоб дійсно основні наповнювачі державного бюджету, це митниця і податкова, працювали ритмічно і щоб не було збоїв, і щоб ми не мали тих проблем, які були вкінці минулого року?	UKRAINIAN
ParlaMint-UA_2020-06-19-m0.u36.p3.sent1	Дякую за відповідь.	UKRAINIAN
ParlaMint-UA_2020-06-19-m0.u37.p1.sent1	Дякую за запитання.	UKRAINIAN
ParlaMint-UA_2020-06-19-m0.u37.p2.sent1	Це питання роботи, ефективності роботи митниці і податкової на моєму особистому контролі.	UKRAINIAN
ParlaMint-UA_2020-06-19-m0.u37.p2.sent2	Хочу вам сказати, чи задоволений я роботою податкової і митниці, на сьогоднішній момент про це рано говорити.	UKRAINIAN
ParlaMint-UA_2020-06-19-m0.u37.p2.sent3	Ми про це можемо сказати тільки в грудні місяці, коли нам не потрібно буде вносити зміни до бюджету, і ми можемо чітко сказати, що ми профінансуємо всі видатки.	UKRAINIAN
ParlaMint-UA_2020-06-19-m0.u37.p2.sent4	Тому на даному етапі ми формуємо команди і робота митниці і податкової буде оцінена ближче до кінця року.	UKRAINIAN
ParlaMint-UA_2020-06-19-m0.u37.p3.sent1	Дякую за запитання.	UKRAINIAN
ParlaMint-UA_2020-06-19-m0.u38.p1.sent1	Дякую.	UKRAINIAN
ParlaMint-UA_2020-06-19-m0.u38.p2.sent1	Будь ласка, народна депутатська Стефанишина Ольга Анатоліївна, фракція політичної партії "Голос".	UKRAINIAN
ParlaMint-UA_2020-06-19-m0.u39.p1.sent1	Прошу передати слово Олександрі Устіновій.	UKRAINIAN
ParlaMint-UA_2020-06-19-m0.u40.p1.sent1	Я не почув, кому?	UKRAINIAN
ParlaMint-UA_2020-06-19-m0.u41.p1.sent1	Олександрі Устіновій.	UKRAINIAN
ParlaMint-UA_2020-06-19-m0.u42.p1.sent1	Будь ласка, Олександра Устінова.	UKRAINIAN
ParlaMint-UA_2020-06-19-m0.u43.p1.sent1	Дуже дякую.	UKRAINIAN
ParlaMint-UA_2020-06-19-m0.u43.p2.sent1	У мене буде питання до міністра фінансів.	UKRAINIAN
ParlaMint-UA_2020-06-19-m0.u43.p2.sent2	Питання буде дуже коротке.	UKRAINIAN
ParlaMint-UA_2020-06-19-m0.u43.p2.sent3	Скажіть, будь ласка, ми сьогодні дізналися, вірніше, в середу ми дізналися, що 2,6 мільярда гривень з ковідного фонду були перенаправлені, були підтримані урядом перенаправлення цих грошей на доплату Міністерству внутрішніх справ і майже 67 тисячам поліціянтів, які зараз б’ють людей на вулицях.	UKRAINIAN
ParlaMint-UA_2020-06-19-m0.u43.p2.sent4	Для порівняння: у нас лише 12 тисяч медиків отримали підтримку з фонду COVID, тобто доплати, які їм обіцяли, і це далеко не 300 відсотків.	UKRAINIAN
ParlaMint-UA_2020-06-19-m0.u43.p3.sent1	Скажіть, будь ласка, чи підтримували ви особисто таке рішення?	UKRAINIAN
ParlaMint-UA_2020-06-19-m0.u43.p3.sent2	Чи вважаєте ви справедливим те, що лише кожен десятий медик, коли у нас більше 6 тисяч інфікованих медиків, отримають зараз допомогу і отримають зараз додаткові виплати за боротьбу з COVID і кожен другий поліцейський?	UKRAINIAN
ParlaMint-UA_2020-06-19-m0.u43.p3.sent3	12 тисяч медиків і 67 тисяч поліцейських.	UKRAINIAN
ParlaMint-UA_2020-06-19-m0.u43.p3.sent4	Скажіть, будь ласка, на чому було.	UKRAINIAN
ParlaMint-UA_2020-06-19-m0.u43.p3.sent5	як обґрунтовувалося те, що.	UKRAINIAN
ParlaMint-UA_2020-06-19-m0.u44.p1.sent1	Шановний народний депутат, дякую за запитання.	UKRAINIAN
ParlaMint-UA_2020-06-19-m0.u44.p2.sent1	Я вважаю некоректним порівнювати роботу медиків і роботу поліцейських.	UKRAINIAN
ParlaMint-UA_2020-06-19-m0.u44.p2.sent2	Але щодо цього рішення уряду хочу сказати, що, так, органи внутрішніх справ також були задіяні в заходах по боротьбі з коронавірусом і заходах щодо запровадження карантину.	UKRAINIAN
ParlaMint-UA_2020-06-19-m0.u44.p2.sent3	І, так, було прийнято відповідне рішення уряду, і, так, я за нього голосував.	UKRAINIAN
ParlaMint-UA_2020-06-19-m0.u44.p3.sent1	Дякую.	UKRAINIAN
ParlaMint-UA_2020-06-19-m0.u45.p1.sent1	Дякую.	UKRAINIAN
ParlaMint-UA_2020-06-19-m0.u45.p2.sent1	Шановні народні депутати, переходимо до запитань до членів уряду від народних депутатів.	UKRAINIAN
ParlaMint-UA_2020-06-19-m0.u45.p2.sent2	Прошу вас записатися на запитання.	UKRAINIAN
ParlaMint-UA_2020-06-19-m0.u46.p1.sent1	Андрійович Зіновій Мирославович.	UKRAINIAN
ParlaMint-UA_2020-06-19-m0.u47.p1.sent1	Доброго дня, шановні депутати!	UKRAINIAN
ParlaMint-UA_2020-06-19-m0.u47.p1.sent2	Ви знаєте, що останній тиждень негода вирувала в Івано-Франківській області.	UKRAINIAN
ParlaMint-UA_2020-06-19-m0.u47.p1.sent3	Забрано більше п’ятнадцяти мостів, десятки населених пунктів відрізані від ознак цивілізації.	UKRAINIAN
ParlaMint-UA_2020-06-19-m0.u47.p2.sent1	Звертаюся до міністра інфраструктури.	UKRAINIAN
ParlaMint-UA_2020-06-19-m0.u47.p2.sent2	Як може прокоментувати і зробити ті кроки для того, щоб в Івано-Франківську область було включено додаткове фінансування, дорожні субвенції для відновлення мостів, доріг, особливо комунальної форми власності?	UKRAINIAN
ParlaMint-UA_2020-06-19-m0.u47.p2.sent3	Бо на даний момент бюджету місцевих громад не вистачає дорожньої субвенції, не дає можливості саме відновити ті сполучення, які сьогодні перебувають у занедбаному стані, це мости, дороги і під’їзні шляхи.	UKRAINIAN
ParlaMint-UA_2020-06-19-m0.u47.p3.sent1	Дякую.	UKRAINIAN
ParlaMint-UA_2020-06-19-m0.u48.p1.sent1	Я почну відповідати, передам слово міністру інфраструктури.	UKRAINIAN
ParlaMint-UA_2020-06-19-m0.u48.p2.sent1	По-перше, шановний народний депутат, дійсно, в чотирьох областях вирувала негода, всюди нанесені збитки.	UKRAINIAN
ParlaMint-UA_2020-06-19-m0.u48.p2.sent2	Ми вже говорили про це і проводили відповідні комісії ТЕБ і НС.	UKRAINIAN
ParlaMint-UA_2020-06-19-m0.u48.p2.sent3	Потрібно провести їх в областях, в тому числі в Івано-Франківську, визначити в першу чергу, які збитки нанесені людям, домашнім господарствам, дорожньому фонду і по тих мостах, про які ви згадували.	UKRAINIAN
ParlaMint-UA_2020-06-19-m0.u48.p3.sent1	Відповідно є резервні фонди і обласні, і місцеві, і державний.	UKRAINIAN
ParlaMint-UA_2020-06-19-m0.u48.p3.sent2	Відповідними рішеннями, в залежності від рівня надзвичайної ситуації визнається і переводяться кошти для того, щоб ліквідувати зараз терміново наслідки стихії, які були нанесені.	UKRAINIAN
ParlaMint-UA_2020-06-19-m0.u48.p3.sent3	Це перша процедура.	UKRAINIAN
ParlaMint-UA_2020-06-19-m0.u48.p4.sent1	А те, про що ви говорити загалом, виділення коштів на місцеві дороги і мости, загалом зараз передбачено 22 мільярди на ремонти, реконструкцію доріг місцевого значення.	UKRAINIAN
ParlaMint-UA_2020-06-19-m0.u48.p4.sent2	Ми також в міністерстві опрацьовуємо окрему програму ремонту і розбудови мостів, в тому числі на дорогах місцевого значення.	UKRAINIAN
ParlaMint-UA_2020-06-19-m0.u48.p4.sent3	Я, в принципі, вже і відповів на ваше питання.	UKRAINIAN
ParlaMint-UA_2020-06-19-m0.u48.p5.sent1	Тому зараз головне, щоби мости, на мости місцевого значення і на дороги місцевого значення була підготовлена відповідна проектно-кошторисна документація.	UKRAINIAN
ParlaMint-UA_2020-06-19-m0.u48.p5.sent2	Це невеликі кошти відносно до вартості ремонтів і будівництва.	UKRAINIAN
ParlaMint-UA_2020-06-19-m0.u48.p5.sent3	Треба готувати проектно-кошторисну, висновки експертні відповідні свіжі і подавати, а ми будемо віднаходити джерело.	UKRAINIAN
ParlaMint-UA_2020-06-19-m0.u48.p5.sent4	Для нас важливо розвивати інфраструктуру, зокрема мости, мостову інфраструктуру.	UKRAINIAN
ParlaMint-UA_2020-06-19-m0.u48.p6.sent1	Дякую.	UKRAINIAN
ParlaMint-UA_2020-06-19-m0.u49.p1.sent1	Тарасенко Тарас Петрович.	UKRAINIAN
ParlaMint-UA_2020-06-19-m0.u50.p1.sent1	Доброго дня.	UKRAINIAN
ParlaMint-UA_2020-06-19-m0.u50.p1.sent2	В мене питання до міністра фінансів з приводу Державної судової адміністрації та фінансування судів.	UKRAINIAN
ParlaMint-UA_2020-06-19-m0.u50.p1.sent3	Зараз склалася дуже складна ситуація щодо неможливості направлення кореспондентів в зв’язку з дефіцитом бюджету Державної судової адміністрації.	UKRAINIAN
ParlaMint-UA_2020-06-19-m0.u50.p1.sent4	Прошу відповісти на перше питання, як ви вирішите цю проблему.	UKRAINIAN
ParlaMint-UA_2020-06-19-m0.u50.p1.sent5	А також хочу наголосити на тому, що на даний час вже півроку не працює комісія при Міністерстві фінансів України щодо контролю видатків ДСА, що також є неприпустимо.	UKRAINIAN
ParlaMint-UA_2020-06-19-m0.u51.p1.sent1	Дякую за запитання.	UKRAINIAN
ParlaMint-UA_2020-06-19-m0.u51.p2.sent1	Комісію відновимо.	UKRAINIAN
ParlaMint-UA_2020-06-19-m0.u51.p2.sent2	З приводу відновлення видатків.	UKRAINIAN
ParlaMint-UA_2020-06-19-m0.u51.p2.sent3	Я нагадаю, що ми вносили зміни два місяці тому і, на жаль, попередній уряд не передбачив достатньої кількості видатків для Державної судової адміністрації і ми вимушені були, враховуючи, що комусь були скорочені видатки, Державній судовій адміністрації додатково збільшити, розуміючи складність ситуації, на 1 мільярд гривень.	UKRAINIAN
ParlaMint-UA_2020-06-19-m0.u51.p2.sent4	Ми враховуємо і нинішню складну ситуацію, якщо буде необхідність, ми кошти віднайдемо.	UKRAINIAN
ParlaMint-UA_2020-06-19-m0.u51.p3.sent1	Дякую за запитання.	UKRAINIAN
ParlaMint-UA_2020-06-19-m0.u52.p1.sent1	Поляков.	RUSSIAN
ParlaMint-UA_2020-06-19-m0.u53.p1.sent1	В мене запитання до пана Прем’єр-міністра.	UKRAINIAN
ParlaMint-UA_2020-06-19-m0.u53.p1.sent2	Я неодноразово до вас звертався щодо ситуації в Чернігівській області щодо розподілу перспективного плану та територіальної реформи.	UKRAINIAN
ParlaMint-UA_2020-06-19-m0.u53.p1.sent3	Замість п’яти районів, які вимагають створити громади, створюються чотири.	UKRAINIAN
ParlaMint-UA_2020-06-19-m0.u53.p1.sent4	Також розподіл, територіальний розподіл громад стався без узгодження з об’єднаними територіальними громадами.	UKRAINIAN
ParlaMint-UA_2020-06-19-m0.u53.p1.sent5	Губернатор подав на своє власне бачення цей перспективний план до Кабміну.	UKRAINIAN
ParlaMint-UA_2020-06-19-m0.u53.p1.sent6	Він не чує людей.	UKRAINIAN
ParlaMint-UA_2020-06-19-m0.u53.p1.sent7	І у цей вівторок відбувся штурм обласної Чернігівської держадміністрації.	UKRAINIAN
ParlaMint-UA_2020-06-19-m0.u53.p1.sent8	Я вам нагадаю, що останній раз така подія була під час Майдану.	UKRAINIAN
ParlaMint-UA_2020-06-19-m0.u53.p1.sent9	Тобто ситуація дуже напружена, а наш губернатор займається самопіаром, бордами і політичною якоюсь передвиборчою кампанією, і в нього найгірші результати роботи серед очільників ОДА.	UKRAINIAN
ParlaMint-UA_2020-06-19-m0.u53.p2.sent1	Я прошу звернути вашу увагу і вирішити це питання, адже дуже серйозна напружена ситуація у нашій області.	UKRAINIAN
ParlaMint-UA_2020-06-19-m0.u53.p2.sent2	Дякую.	UKRAINIAN
ParlaMint-UA_2020-06-19-m0.u54.p1.sent1	Дякую за цей сигнал.	UKRAINIAN
ParlaMint-UA_2020-06-19-m0.u54.p1.sent2	Уряд прийняв всі рішення.	UKRAINIAN
ParlaMint-UA_2020-06-19-m0.u54.p1.sent3	Розподіл перспективних планів областей по Україні завершено.	UKRAINIAN
ParlaMint-UA_2020-06-19-m0.u54.p1.sent4	Він відбувався з використанням всіх положень і методологій.	UKRAINIAN
ParlaMint-UA_2020-06-19-m0.u54.p1.sent5	Працювала над ним відповідна велика робоча група з залученням народних депутатів, з залученням експертів, працівників Міністерства регіонального розвитку, інших відомств, в тому числі і представників громад, обласних рад, обласних адміністрацій.	UKRAINIAN
ParlaMint-UA_2020-06-19-m0.u54.p1.sent6	Тому на сьогоднішній день, повторюю, перспективні плани затверджені і погоджені.	UKRAINIAN
ParlaMint-UA_2020-06-19-m0.u54.p1.sent7	Розподіл районів – це та частина адміністративної реформи, яка передбачає утворення так званого субрегіонального рівня державної влади.	UKRAINIAN
ParlaMint-UA_2020-06-19-m0.u54.p1.sent8	І це не про місцеве самоврядування.	UKRAINIAN
ParlaMint-UA_2020-06-19-m0.u54.p1.sent9	Тому тут питання до методології, до утворення районів.	UKRAINIAN
ParlaMint-UA_2020-06-19-m0.u54.p1.sent10	Не бачу якоїсь інтриги або якихось непорозумінь для громад.	UKRAINIAN
ParlaMint-UA_2020-06-19-m0.u54.p2.sent1	Стосовно розподілу громад.	UKRAINIAN
ParlaMint-UA_2020-06-19-m0.u54.p2.sent2	Якщо є об’єктивні підстави, а не політичні, давайте над ними працювати.	UKRAINIAN
ParlaMint-UA_2020-06-19-m0.u54.p2.sent3	Є профільний комітет, є професійна робоча група, яка на сьогодні працює.	UKRAINIAN
ParlaMint-UA_2020-06-19-m0.u54.p2.sent4	Якщо є помилки, то будемо шукати варіанти, як їх виправляти, але це буде можливо після проведення відповідних місцевих виборів.	UKRAINIAN
ParlaMint-UA_2020-06-19-m0.u54.p2.sent5	Напрацювання треба робити, напевно, вже і зразу, щоб громади розуміли, що є процес, і розуміли об’єктивність правильності прийняття всіх рішень.	UKRAINIAN
ParlaMint-UA_2020-06-19-m0.u54.p3.sent1	Дякую за увагу.	UKRAINIAN
ParlaMint-UA_2020-06-19-m0.u55.p1.sent1	М’ялик Віктор Ничипорович.	UKRAINIAN
ParlaMint-UA_2020-06-19-m0.u56.p1.sent1	Прошу передати слово Бондарю Віктору.	UKRAINIAN
ParlaMint-UA_2020-06-19-m0.u57.p1.sent1	Бондар Віктор Васильович.	UKRAINIAN
ParlaMint-UA_2020-06-19-m0.u58.p1.sent1	Я звертаюсь до пана Прем’єр-міністра шановного Дениса Анатолійовича.	UKRAINIAN
ParlaMint-UA_2020-06-19-m0.u58.p1.sent2	У мене все ж таки питання, я повторююсь.	UKRAINIAN
ParlaMint-UA_2020-06-19-m0.u58.p1.sent3	Я твердо знаю, що зараз уряд "нарізає" кошти на ремонт каналізації, школи, очисні споруди, водогони і так далі тільки по округам, де обралися депутати від "Слуга народу".	UKRAINIAN
ParlaMint-UA_2020-06-19-m0.u58.p1.sent4	Скажіть мені, що це за практика?	UKRAINIAN
ParlaMint-UA_2020-06-19-m0.u58.p1.sent5	Чим завинили ті люди, які голосували за інші політичні партії?	UKRAINIAN
ParlaMint-UA_2020-06-19-m0.u58.p1.sent6	Вони так само на виборах Президента голосували за Володимира Олександровича Зеленського.	UKRAINIAN
ParlaMint-UA_2020-06-19-m0.u58.p1.sent7	Вони так само голосували за "Слуга народу", за партію, а не тільки за депутатів-мажоритарників.	UKRAINIAN
ParlaMint-UA_2020-06-19-m0.u58.p1.sent8	І я думаю, що вони заслуговують на те, щоб уряд рівномірно розподіляв кошти по Україні.	UKRAINIAN
ParlaMint-UA_2020-06-19-m0.u58.p2.sent1	Я хочу, щоб ви пообіцяли твердо на всю країну, що кошти будуть поділені порівну по кожному району, по кожній області, по кожному округу.	UKRAINIAN
ParlaMint-UA_2020-06-19-m0.u58.p2.sent2	Що буде статистика і таблиці на всю країну оприлюднені, кому і яким партіям, яким представникам яких партій і депутатам виділені кошти на округа і на які об’єкти.	UKRAINIAN
ParlaMint-UA_2020-06-19-m0.u59.p1.sent1	Некоректна термінологія.	UKRAINIAN
ParlaMint-UA_2020-06-19-m0.u59.p1.sent2	Уряд нічого не "нарізає".	UKRAINIAN
ParlaMint-UA_2020-06-19-m0.u59.p1.sent3	Уряд затвердив порядок розподілу коштів на соціально-економічний розвиток.	UKRAINIAN
ParlaMint-UA_2020-06-19-m0.u59.p1.sent4	Там є формула і вона передбачає пропорційне і рівномірне розподілення державних коштів на соцекономрозвиток по областях.	UKRAINIAN
ParlaMint-UA_2020-06-19-m0.u59.p1.sent5	А дальше вже все відбувається за відповідною конкурсною процедурою, коли комісія обласна і державна відбирає ті або інші об’єкти.	UKRAINIAN
ParlaMint-UA_2020-06-19-m0.u59.p1.sent6	Розподіл по регіонах абсолютно рівномірний згідно формули.	UKRAINIAN
ParlaMint-UA_2020-06-19-m0.u59.p2.sent1	Дякую.	UKRAINIAN
ParlaMint-UA_2020-06-19-m0.u60.p1.sent1	Кузнєцов Олексій Олександрович.	UKRAINIAN
ParlaMint-UA_2020-06-19-m0.u61.p1.sent1	Прошу передати слово Люботі Дмитру.	UKRAINIAN
ParlaMint-UA_2020-06-19-m0.u62.p1.sent1	Ще раз, кому?	UKRAINIAN
ParlaMint-UA_2020-06-19-m0.u62.p1.sent2	Лаба?	RUSSIAN
ParlaMint-UA_2020-06-19-m0.u62.p1.sent3	Лаба Михайло Михайлович.	UKRAINIAN
ParlaMint-UA_2020-06-19-m0.u62.p1.sent4	Включіть, будь ласка, мікрофон Лабі.	UKRAINIAN
ParlaMint-UA_2020-06-19-m0.u62.p1.sent5	Любота Дмитро Валерійович.	UKRAINIAN
ParlaMint-UA_2020-06-19-m0.u62.p1.sent6	Карточку вставте, будь ласка.	UKRAINIAN
ParlaMint-UA_2020-06-19-m0.u63.p1.sent1	Дмитро Любота, 177 округ, Харківщина, фракція "Слуга народу".	UKRAINIAN
ParlaMint-UA_2020-06-19-m0.u63.p1.sent2	Шановний пане Прем’єр-міністр, переконаний, незважаючи на вчорашнє голосування, уряд все одно виконуватиме представлену програму діяльності.	UKRAINIAN
ParlaMint-UA_2020-06-19-m0.u63.p1.sent3	Буде непросто, вам у спадок дісталися проблеми, створені десятки років тому, але саме вам їх вирішувати.	UKRAINIAN
ParlaMint-UA_2020-06-19-m0.u63.p2.sent1	Зараз я направляю на вас два звернення, кожне з яких підписали декілька десятків народних депутатів.	UKRAINIAN
ParlaMint-UA_2020-06-19-m0.u63.p2.sent2	Перше стосується відповідальності держави за неналежне урядування в 2011-2019 роках, в результаті чого на невеликі села було перекладено багатомільйонні борги за побудову підвідних газопроводів.	UKRAINIAN
ParlaMint-UA_2020-06-19-m0.u63.p2.sent3	Друге – це критична ситуація із збереженістю документів Національного архівного фонду, що безпосередньо впливає на державну систему інформаційної безпеки.	UKRAINIAN
ParlaMint-UA_2020-06-19-m0.u63.p2.sent4	Прошу вас, пане Прем’єр-міністре, взяти вирішення цих питань під особистий контроль.	UKRAINIAN
ParlaMint-UA_2020-06-19-m0.u63.p3.sent1	Дякую.	UKRAINIAN
ParlaMint-UA_2020-06-19-m0.u64.p1.sent1	Дякую.	UKRAINIAN
ParlaMint-UA_2020-06-19-m0.u64.p2.sent1	Ми, дійсно будемо працювати за тою програмою, яка була напрацьована нами спільно, урядом, Верховною Радою, Офісом Президента, в основі якої лежить передвиборча програма Президента України та його укази.	UKRAINIAN
ParlaMint-UA_2020-06-19-m0.u64.p3.sent1	Стосовно ваших звернень.	UKRAINIAN
ParlaMint-UA_2020-06-19-m0.u64.p3.sent2	Так, як ми і домовлялись, ці звернення будуть на контролі.	UKRAINIAN
ParlaMint-UA_2020-06-19-m0.u64.p3.sent3	Прошу їх надіслати і відповідним чином далі будемо їх опрацьовувати.	UKRAINIAN
ParlaMint-UA_2020-06-19-m0.u64.p4.sent1	Дякую.	UKRAINIAN
ParlaMint-UA_2020-06-19-m0.u65.p1.sent1	Осадчук Андрій Петрович.	UKRAINIAN
ParlaMint-UA_2020-06-19-m0.u66.p1.sent1	Будь ласка, Інні Совсун слово передайте.	UKRAINIAN
ParlaMint-UA_2020-06-19-m0.u67.p1.sent1	Совсун?	UKRAINIAN
ParlaMint-UA_2020-06-19-m0.u67.p1.sent2	Совсун Інна Романівна.	UKRAINIAN
ParlaMint-UA_2020-06-19-m0.u68.p1.sent1	Доброго дня, шановні колеги!	UKRAINIAN
ParlaMint-UA_2020-06-19-m0.u68.p1.sent2	У мене є ряд питань по освіті.	UKRAINIAN
ParlaMint-UA_2020-06-19-m0.u68.p1.sent3	Я була б дуже рада адресувати їх міністрові освіти і науки України, але у нас немає міністра освіти і науки України.	UKRAINIAN
ParlaMint-UA_2020-06-19-m0.u68.p1.sent4	Тому перше питання я все-таки адресую Прем’єр-міністрові.	UKRAINIAN
ParlaMint-UA_2020-06-19-m0.u68.p2.sent1	Пане Прем’єр-міністре, ми зараз заходимо у вступну кампанію.	UKRAINIAN
ParlaMint-UA_2020-06-19-m0.u68.p2.sent2	У нас розпочинається зовнішнє незалежне оцінювання.	UKRAINIAN
ParlaMint-UA_2020-06-19-m0.u68.p2.sent3	В цих умовах у нас немає міністра освіти і у нас немає директора Українського центру оцінювання якості освіти.	UKRAINIAN
ParlaMint-UA_2020-06-19-m0.u68.p2.sent4	Я би дуже хотіли почути відповідь на питання про те, коли ми отримаємо цих очільників відповідних відомств в цей складний період початку вступної кампанії?	UKRAINIAN
ParlaMint-UA_2020-06-19-m0.u68.p3.sent1	І питання до виконуючого обов’язки міністра.	UKRAINIAN
ParlaMint-UA_2020-06-19-m0.u68.p3.sent2	Звертаються з регіонів, дуже багато питань задають про програму "Спроможна школа".	UKRAINIAN
ParlaMint-UA_2020-06-19-m0.u68.p3.sent3	Хочуть люди дізнатися, чи будуть гроші виділені на літні канікули, щоб зрештою розпочати ремонти, які були обіцяні відповідно до цієї програми?	UKRAINIAN
ParlaMint-UA_2020-06-19-m0.u68.p4.sent1	Дякую.	UKRAINIAN
ParlaMint-UA_2020-06-19-m0.u69.p1.sent1	Дякую за ваше питання.	UKRAINIAN
ParlaMint-UA_2020-06-19-m0.u69.p2.sent1	У нас надзвичайно професійна і відповідальна виконувач обов’язків міністра освіти і науки.	UKRAINIAN
ParlaMint-UA_2020-06-19-m0.u69.p2.sent2	Я принагідно їй подякую за те, як вона відповідально і абсолютно професійно ставиться і працює.	UKRAINIAN
ParlaMint-UA_2020-06-19-m0.u69.p3.sent1	Стосовно призначень.	UKRAINIAN
ParlaMint-UA_2020-06-19-m0.u69.p3.sent2	Впевнений, що найближчим часом це питання буде вирішено, ви побачите.	UKRAINIAN
ParlaMint-UA_2020-06-19-m0.u69.p4.sent1	Стосовно фінансування "Нової української школи" і, в принципі, фінансування, воно відкрите.	UKRAINIAN
ParlaMint-UA_2020-06-19-m0.u69.p4.sent2	Я міністра фінансів попрошу зараз прокоментувати, доповнити по можливостях фінансування програми "Нова українська школа", з якого часу ми це вже відкрили.	UKRAINIAN
ParlaMint-UA_2020-06-19-m0.u69.p5.sent1	Дякую.	UKRAINIAN
ParlaMint-UA_2020-06-19-m0.u70.p1.sent1	Ми зможемо профінансувати програму відповідно до порядку використання коштів.	UKRAINIAN
ParlaMint-UA_2020-06-19-m0.u70.p1.sent2	І найближчим часом кошти можна буде використовувати.	UKRAINIAN
ParlaMint-UA_2020-06-19-m0.u70.p2.sent1	Дякую.	UKRAINIAN
ParlaMint-UA_2020-06-19-m0.u71.p1.sent1	Шановна Інна Романівна, я дозволю собі доповнити про програму "Спроможна школа для кращих результатів".	UKRAINIAN
ParlaMint-UA_2020-06-19-m0.u71.p1.sent2	Сьогодні закінчилося засідання комісії, прийняті рішення.	UKRAINIAN
ParlaMint-UA_2020-06-19-m0.u71.p1.sent3	Ми погодили проекти по областях.	UKRAINIAN
ParlaMint-UA_2020-06-19-m0.u71.p1.sent4	І найближчим часом проінформуємо обласні державні адміністрації про прийняті рішення комісією за участі депутатів Верховної Ради, які є членами цієї комісії.	UKRAINIAN
ParlaMint-UA_2020-06-19-m0.u71.p2.sent1	Ми погодили всі області, за винятком міста Києва.	UKRAINIAN
ParlaMint-UA_2020-06-19-m0.u71.p2.sent2	Це перенесли на понеділок.	UKRAINIAN
ParlaMint-UA_2020-06-19-m0.u71.p2.sent3	Кошти є спрямовані вже в обласні бюджети.	UKRAINIAN
ParlaMint-UA_2020-06-19-m0.u71.p2.sent4	Є помісячний розподіл затверджений.	UKRAINIAN
ParlaMint-UA_2020-06-19-m0.u71.p2.sent5	І він передбачає використання коштів у літній період часу.	UKRAINIAN
ParlaMint-UA_2020-06-19-m0.u71.p2.sent6	Ми теж розраховуємо на те, що школи, оскільки вже є всі проектно-кошторисні документації, проекти зможемо реалізувати до 1 вересня.	UKRAINIAN
ParlaMint-UA_2020-06-19-m0.u71.p2.sent7	А по порядку використання коштів, всі проекти мають бути завершені до 31 грудня 2020 року.	UKRAINIAN
ParlaMint-UA_2020-06-19-m0.u71.p3.sent1	Дякую за ваше запитання і увагу до питань освіти.	UKRAINIAN
ParlaMint-UA_2020-06-19-m0.u72.p1.sent1	Німченко Василь Іванович.	UKRAINIAN
ParlaMint-UA_2020-06-19-m0.u73.p1.sent1	Я прошу передати слово Плачковій.	UKRAINIAN
ParlaMint-UA_2020-06-19-m0.u74.p1.sent1	Плачкова Тетяна Михайлівна.	UKRAINIAN
ParlaMint-UA_2020-06-19-m0.u75.p1.sent1	Дякую.	UKRAINIAN
ParlaMint-UA_2020-06-19-m0.u75.p2.sent1	У мене питання до міністра економіки.	UKRAINIAN
ParlaMint-UA_2020-06-19-m0.u75.p2.sent2	Скажіть, будь ласка, вже місяць тому ваш заступник був у Болградському районі і подивився, які втрати зазнали наші аграрії через посуху в цьому році.	UKRAINIAN
ParlaMint-UA_2020-06-19-m0.u75.p2.sent3	Тоді він пообіцяв людям, що будуть виплати від уряду, будуть виплати від бюджету саме цим аграріям.	UKRAINIAN
ParlaMint-UA_2020-06-19-m0.u75.p2.sent4	Я зверталася до вас декілька разів, і люди до вас звертались.	UKRAINIAN
ParlaMint-UA_2020-06-19-m0.u75.p2.sent5	Але, на жаль, сьогодні жодної виплати.	UKRAINIAN
ParlaMint-UA_2020-06-19-m0.u75.p2.sent6	І навіть ви кажете про те, що відповідь.	UKRAINIAN
ParlaMint-UA_2020-06-19-m0.u75.p2.sent7	мені ви сказали про те, що виплат не буде.	UKRAINIAN
ParlaMint-UA_2020-06-19-m0.u75.p2.sent8	То скажіть, будь ласка, відверто, чи буде допомога від уряду цим аграріям, які сьогодні постраждали, чи не буде?	UKRAINIAN
ParlaMint-UA_2020-06-19-m0.u75.p2.sent9	Дякую.	UKRAINIAN
ParlaMint-UA_2020-06-19-m0.u75.p3.sent1	І друге питання я хочу задати міністру освіти.	UKRAINIAN
ParlaMint-UA_2020-06-19-m0.u75.p3.sent2	Чи буде переглянутий порядок виплати лікарям, а саме будуть там зазначені ті лікарі, які входять до станції екстреної допомоги?	UKRAINIAN
ParlaMint-UA_2020-06-19-m0.u75.p3.sent3	Тому що ви також отримали дуже багато звернень від Ізмаїла, Болграда, від лікарів, які сьогодні не отримали, які саме працюють у медичних станціях екстреної допомоги, і не отримують жодних виплат, а саме цих 300.	UKRAINIAN
ParlaMint-UA_2020-06-19-m0.u76.p1.sent1	Можна відповідати.	UKRAINIAN
ParlaMint-UA_2020-06-19-m0.u76.p1.sent2	Дякую за запитання.	UKRAINIAN
ParlaMint-UA_2020-06-19-m0.u76.p2.sent1	Дійсно, там складана ситуація по півдню Одеської області.	UKRAINIAN
ParlaMint-UA_2020-06-19-m0.u76.p2.sent2	Ми продовжуємо вивчення питання.	UKRAINIAN
ParlaMint-UA_2020-06-19-m0.u76.p2.sent3	На даний момент у нас в Кабінету Міністрів немає механізмів допомоги приватному сектору.	UKRAINIAN
ParlaMint-UA_2020-06-19-m0.u76.p2.sent4	Але ми вивчаємо питання.	UKRAINIAN
ParlaMint-UA_2020-06-19-m0.u76.p2.sent5	І думаю, що треба разом спільно з комітетом знайти, можливо, якесь законодавче рішення.	UKRAINIAN
ParlaMint-UA_2020-06-19-m0.u76.p3.sent1	Дякую.	UKRAINIAN
ParlaMint-UA_2020-06-19-m0.u77.p1.sent1	Відповідь буде?	UKRAINIAN
ParlaMint-UA_2020-06-19-m0.u78.p1.sent1	Я думаю, що шановний народний депутат переплутала.	UKRAINIAN
ParlaMint-UA_2020-06-19-m0.u78.p1.sent2	Задала питання міністру освіти, але воно стосувалося виплати лікарям.	UKRAINIAN
ParlaMint-UA_2020-06-19-m0.u78.p1.sent3	Мабуть, воно адресувалося міністру охорони здоров’я.	UKRAINIAN
ParlaMint-UA_2020-06-19-m0.u78.p2.sent1	У нас 300 відсотків надбавки до заробітної плати отримують всі без виключення лікарі і медичні працівники, які безпосередньо працюють з хворими на COVID-19, в тому числі і екстрена медична допомога.	UKRAINIAN
ParlaMint-UA_2020-06-19-m0.u78.p3.sent1	Якщо ми говоримо про Одеську область, то там чітко визначено бригади, які працюють безпосередньо з ковідними хворими, виїжджають на відповідні виклики і отримують цю доплату, всі кошти перераховуються і перераховуються достатньо вчасно.	UKRAINIAN
ParlaMint-UA_2020-06-19-m0.u79.p1.sent1	Гриб Вікторія Олександрівна.	UKRAINIAN
ParlaMint-UA_2020-06-19-m0.u80.p1.sent1	Шановні колеги, в першу чергу звернення до Прем’єр-міністра.	UKRAINIAN
ParlaMint-UA_2020-06-19-m0.u80.p1.sent2	Денисе Анатолійовичу, ми вам дуже дякуємо за вашу послідовну позицію в вирішенні критичної ситуації в вугільній галузі.	UKRAINIAN
ParlaMint-UA_2020-06-19-m0.u80.p1.sent3	Єдине, що шахтарі зараз, знаєте, вони просто затримали подих, вони готові були вже йти на Київ.	UKRAINIAN
ParlaMint-UA_2020-06-19-m0.u80.p1.sent4	І ми знаємо, що їх представники тут були.	UKRAINIAN
ParlaMint-UA_2020-06-19-m0.u80.p1.sent5	Але ваші заяви останні надали їм надію, і вони чекають на сьогодні, коли ці слова вже перейдуть до справи.	UKRAINIAN
ParlaMint-UA_2020-06-19-m0.u80.p1.sent6	Це перше питання.	UKRAINIAN
ParlaMint-UA_2020-06-19-m0.u80.p2.sent1	І друге.	UKRAINIAN
ParlaMint-UA_2020-06-19-m0.u80.p2.sent2	В Донецькій області, на превеликий жаль, сьогодні не можна використовувати тих кредитів, які надаються 5-7-9.	UKRAINIAN
ParlaMint-UA_2020-06-19-m0.u80.p2.sent3	Я вас дуже прошу звернути на це увагу, це і Донецька, і Луганська області.	UKRAINIAN
ParlaMint-UA_2020-06-19-m0.u80.p2.sent4	Кажуть, що дуже ризиковано давати зараз там кредити.	UKRAINIAN
ParlaMint-UA_2020-06-19-m0.u80.p2.sent5	А яким чином тоді робити трансформацію вугільних регіонів, хтось на це дасть відповідь?	UKRAINIAN
ParlaMint-UA_2020-06-19-m0.u80.p2.sent6	Розберіться, будь ласка, з тими питаннями.	UKRAINIAN
ParlaMint-UA_2020-06-19-m0.u80.p2.sent7	І я дуже прошу вашої допомоги по Донецькій і Луганській області.	UKRAINIAN
ParlaMint-UA_2020-06-19-m0.u80.p3.sent1	Дякую.	UKRAINIAN
ParlaMint-UA_2020-06-19-m0.u81.p1.sent1	Дякую.	UKRAINIAN
ParlaMint-UA_2020-06-19-m0.u81.p2.sent1	Шановна Вікторія Олександрівна!	UKRAINIAN
ParlaMint-UA_2020-06-19-m0.u81.p2.sent2	Вітаю вас з днем народження!	UKRAINIAN
ParlaMint-UA_2020-06-19-m0.u81.p2.sent3	Приєднуюся до тих привітань, які сьогодні були.	UKRAINIAN
ParlaMint-UA_2020-06-19-m0.u81.p3.sent1	Стосовно використання українського вугілля, виробленого державними шахтами.	UKRAINIAN
ParlaMint-UA_2020-06-19-m0.u81.p3.sent2	Уряд прийняв відповідну постанову для підприємств теплової генерації державної форми власності, і найближчим часом вона буде опублікована, вступить в силу.	UKRAINIAN
ParlaMint-UA_2020-06-19-m0.u81.p3.sent3	І, дійсно, шахтарі зможуть уже з довірою і полегшенням зітхнути і продовжувати бути впевненими в завтрашньому дні і в своїй професії.	UKRAINIAN
ParlaMint-UA_2020-06-19-m0.u81.p4.sent1	Стосовно кредитів за програмою 5-7-9.	UKRAINIAN
ParlaMint-UA_2020-06-19-m0.u81.p4.sent2	Справа в тому, що ця програма була трансформована, і фактично ця програма передбачає видачу кредитів під нуль відсотків для існуючого малого і середнього бізнесу, який має кредити.	UKRAINIAN
ParlaMint-UA_2020-06-19-m0.u81.p4.sent3	Тобто це програма рефінансування існуючих кредитів, там ризик нуль, оскільки це видані існуючі кредити.	UKRAINIAN
ParlaMint-UA_2020-06-19-m0.u81.p4.sent4	Тому дуже важливо, ми з банками про це проговорили, щоб вони дали додаткову комунікацію серед своїх клієнтів мікро- і малого бізнесу про те, що вони можуть через цю програму отримати так звані кредитні канікули – нуль відсотків за кредитами, плюс відстрочка сплати тіла кредиту до кінця цього року.	UKRAINIAN
ParlaMint-UA_2020-06-19-m0.u81.p5.sent1	Стосовно програми видачі нових кредитів "Нові гроші" під державні гарантії, фактично під 10 мільярдів гривень, вона у роботі і буде найближчим часом започаткована для того, щоб підтримати малий і середній бізнес.	UKRAINIAN
ParlaMint-UA_2020-06-19-m0.u81.p6.sent1	Дякую.	UKRAINIAN
ParlaMint-UA_2020-06-19-m0.u81.p6.sent2	Дякую за ваше питання.	UKRAINIAN
ParlaMint-UA_2020-06-19-m0.u82.p1.sent1	Дякую.	UKRAINIAN
ParlaMint-UA_2020-06-19-m0.u82.p2.sent1	Шановні колеги, час "години запитань до Уряду" вичерпаний.	UKRAINIAN
ParlaMint-UA_2020-06-19-m0.u82.p2.sent2	Дякую, шановний пан Прем’єр-міністр, дякую, шановні колеги з уряду.	UKRAINIAN
ParlaMint-UA_2020-06-19-m0.u82.p3.sent1	Пропоную переходити до нашої роботи.	UKRAINIAN
ParlaMint-UA_2020-06-19-m0.u82.p3.sent2	Дякую, Денис Анатолійович.	UKRAINIAN
ParlaMint-UA_2020-06-19-m0.u82.p4.sent1	Шановні колеги, вам запропонований до розгляду проект Постанови про призначення Абрамовського Романа Романовича міністром захисту довкілля та природних ресурсів України (реєстраційний номер 3586).	UKRAINIAN
ParlaMint-UA_2020-06-19-m0.u82.p5.sent1	Питання про призначення на посаду члена Кабінету Міністрів України розглядається Верховною Радою України згідно зі статтями 83, 85 та 114 Конституції України за поданням Прем’єр-міністра України відповідно до пропозицій, які внесені депутатською фракцією політичної партії "Слуга народу", до складу якої входить більшість народних депутатів України від конституційного складу Верховної Ради України і яка має права коаліції депутатських фракцій у Верховній Раді України.	UKRAINIAN
ParlaMint-UA_2020-06-19-m0.u82.p6.sent1	Прем’єр-міністр України Денис Анатолійович Шмигаль вніс до Верховної Ради подання про призначення Абрамовського Романа Романовича на посаду міністра захисту довкілля та природних ресурсів України, відповідні матеріали вам були роздані.	UKRAINIAN
ParlaMint-UA_2020-06-19-m0.u82.p7.sent1	Пропонується наступний порядок розгляду цього питання.	UKRAINIAN
ParlaMint-UA_2020-06-19-m0.u82.p7.sent2	Представлення кандидата Прем’єр-міністром України – до 2 хвилин; виступ кандидата на посаду міністра захисту довкілля та природних ресурсів – до 3 хвилин; запитання до кандидата від депутатських фракцій і груп – до 21 хвилини; запитання до кандидата від народних депутатів України – до 6 хвилин.	UKRAINIAN
ParlaMint-UA_2020-06-19-m0.u82.p7.sent3	Після цього співдоповідь комітету – до 2 хвилин і прийняття рішення.	UKRAINIAN
ParlaMint-UA_2020-06-19-m0.u82.p7.sent4	Не буде заперечень до порядку?	UKRAINIAN
ParlaMint-UA_2020-06-19-m0.u82.p7.sent5	Можемо працювати.	UKRAINIAN
ParlaMint-UA_2020-06-19-m0.u82.p8.sent1	До слова запрошується для представлення кандидата Прем’єр-міністр України Денис Анатолійович Шмигаль.	UKRAINIAN
ParlaMint-UA_2020-06-19-m0.u83.p1.sent1	Шановний пане Голово Верховної Ради, шановна президія, шановні народні депутати, шановні українці!	UKRAINIAN
ParlaMint-UA_2020-06-19-m0.u83.p1.sent2	Ви знаєте, що урядом було прийнято рішення і Міністерство енергетики і захисту довкілля було розділено на два міністерства: Міністерство енергетики і окремо Міністерство захисту довкілля і природних ресурсів.	UKRAINIAN
ParlaMint-UA_2020-06-19-m0.u83.p1.sent3	Відповідно на сьогоднішній день є необхідність у призначенні профільного міністра, що значно підвищить якість роботи у сфері екології і охорони довкілля, використання природних ресурсів.	UKRAINIAN
ParlaMint-UA_2020-06-19-m0.u83.p2.sent1	Роман Романович Абрамовський – діючий заступник міністра енергетики та захисту довкілля.	UKRAINIAN
ParlaMint-UA_2020-06-19-m0.u83.p2.sent2	Працює на цій посаді з жовтня 2019 року, має надзвичайно успішний досвід роботи як у бізнесі, так і в державній службі, в державному управлінні.	UKRAINIAN
ParlaMint-UA_2020-06-19-m0.u83.p2.sent3	Тому після наших співбесід, консультацій з Романом Романовичем було прийнято рішення, що він візьме на себе таку велику відповідальність за екологію України, і відповідне подання було здійснено мною.	UKRAINIAN
ParlaMint-UA_2020-06-19-m0.u83.p3.sent1	Тому прошу розглянути відповідно до пункту12 частини першої статті 85 та частини четвертої статті 114 Конституції України за пропозицією депутатської фракції політичної партії "Слуга народу", яка згідно з частиною десятою статті 83 Конституції України має права коаліції депутатських фракцій у Верховній Раді України дев’ятого скликання, про призначення Абрамовського Романа Романовича міністром захисту довкілля та природних ресурсів України.	UKRAINIAN
ParlaMint-UA_2020-06-19-m0.u83.p4.sent1	Дякую.	UKRAINIAN
ParlaMint-UA_2020-06-19-m0.u84.p1.sent1	Для виступу запрошується кандидат на посаду міністра захисту довкілля та природних ресурсів України Абрамовський Роман Романович.	UKRAINIAN
ParlaMint-UA_2020-06-19-m0.u85.p1.sent1	Добрий день, шановні народні депутати!	UKRAINIAN
ParlaMint-UA_2020-06-19-m0.u85.p1.sent2	Насправді в екологічній політиці на сьогодні дуже багато викликів.	UKRAINIAN
ParlaMint-UA_2020-06-19-m0.u85.p1.sent3	Всі ці виклики нам зрозумілі.	UKRAINIAN
ParlaMint-UA_2020-06-19-m0.u85.p1.sent4	Я чітко знаю, що робити, щоб ліквідувати і наслідки промислового забруднення, і адаптуватися чи запобігати змінам клімату, багато питань в лісовому господарстві, багато питань в інфраструктурі поводження з відходами, в тому числі з радіоактивними відходами.	UKRAINIAN
ParlaMint-UA_2020-06-19-m0.u85.p1.sent5	Ми вступили в період маловоддя.	UKRAINIAN
ParlaMint-UA_2020-06-19-m0.u85.p1.sent6	Це теж неабиякий виклик, з якому прийдеться дати раду і боротися з цим маловоддям, використовуючи всі наявні в нас можливості і ресурси.	UKRAINIAN
ParlaMint-UA_2020-06-19-m0.u85.p1.sent7	І є питання, які стосуються рибного господарства і рибної політики в тому числі.	UKRAINIAN
ParlaMint-UA_2020-06-19-m0.u85.p1.sent8	Знаю, в мене є чіткий план як зробити так, щоби рибне господарство і взагалі рибні ресурси приносили користь державі, не окремим ділкам, а саме державі Україна.	UKRAINIAN
ParlaMint-UA_2020-06-19-m0.u85.p2.sent1	Якщо український парламент надасть мені можливість проявити себе на посаді міністра захисту довкілля та природних ресурсів України, найближчим часом представлю чіткий покроковий план, який буде корелюватися з програмою діяльності уряду.	UKRAINIAN
ParlaMint-UA_2020-06-19-m0.u85.p2.sent2	Ви мали можливість ознайомитися з її екологічним блоком, не думаю, що були якісь суттєві зауваження до нього.	UKRAINIAN
ParlaMint-UA_2020-06-19-m0.u85.p2.sent3	Ми зробимо чіткий план реалізації цієї програми і будемо його виконувати на протязі всієї каденції нашого уряду.	UKRAINIAN
ParlaMint-UA_2020-06-19-m0.u85.p3.sent1	Дуже дякую уряду, всьому українському уряду за те, що розділили міністерства, які були об’єднані влітку 2019 року.	UKRAINIAN
ParlaMint-UA_2020-06-19-m0.u85.p3.sent2	Це дасть можливість більше сконцентруватися в нашому міністерстві на екологічній політиці і на ощадливому використанні природних ресурсів.	UKRAINIAN
ParlaMint-UA_2020-06-19-m0.u85.p4.sent1	Сподіваюсь, що буду дуже плідно співпрацювати з парламентом, тому що без парламенту ми не зможемо провести системні реформи, які в нас на порядку денному на сьогодні існують.	UKRAINIAN
ParlaMint-UA_2020-06-19-m0.u85.p4.sent2	Це і реформа ринку деревини, це і реформа рибної галузі, це реформа стосовно контролю зменшення запобігання промислового забруднення, адаптації до змін клімату, системи торгівлі викидами у тому числі.	UKRAINIAN
ParlaMint-UA_2020-06-19-m0.u85.p5.sent1	Готовий відповісти на всі запитання народних депутатів.	UKRAINIAN
ParlaMint-UA_2020-06-19-m0.u85.p5.sent2	Буду дякувати завчасно за підтримку.	UKRAINIAN
ParlaMint-UA_2020-06-19-m0.u85.p5.sent3	Дякую.	UKRAINIAN
ParlaMint-UA_2020-06-19-m0.u86.p1.sent1	Дякую.	UKRAINIAN
ParlaMint-UA_2020-06-19-m0.u86.p2.sent1	Шановні колеги, прошу записатися на запитання до кандидата від депутатських фракцій і груп.	UKRAINIAN
ParlaMint-UA_2020-06-19-m0.u86.p2.sent2	Будь ласка.	UKRAINIAN
ParlaMint-UA_2020-06-19-m0.u86.p3.sent1	Народний депутат Рущишин Ярослав Іванович, фракція політичної партії "Голос".	UKRAINIAN
ParlaMint-UA_2020-06-19-m0.u87.p1.sent1	Прошу передати Наталії Піпі слово.	UKRAINIAN
ParlaMint-UA_2020-06-19-m0.u88.p1.sent1	Ще раз.	RUSSIAN
ParlaMint-UA_2020-06-19-m0.u88.p1.sent2	Я не почув.	UKRAINIAN
ParlaMint-UA_2020-06-19-m0.u89.p1.sent1	Доброго дня!	UKRAINIAN
ParlaMint-UA_2020-06-19-m0.u89.p1.sent2	У мене таке питання загалом з екологічними оцінками (я би попросила пана переді мною відійти, щоб я могла бачити міністра) проблемою екологічної оцінки і, зокрема, питання по всій Україні.	UKRAINIAN
ParlaMint-UA_2020-06-19-m0.u89.p1.sent3	Мене цікавить, зокрема, Львів і Львівська область.	UKRAINIAN
ParlaMint-UA_2020-06-19-m0.u89.p1.sent4	Скажіть, будь ласка, що ви зробите, щоб це змінити?	UKRAINIAN
ParlaMint-UA_2020-06-19-m0.u90.p1.sent1	Дякую за запитання.	UKRAINIAN
ParlaMint-UA_2020-06-19-m0.u90.p2.sent1	Якщо ви кажете про стратегічну екологічну оцінку, то, насправді, є прийнятий законопроект, який по суті формалізував процес стратегічної екологічної оцінки, але не наповнив її сутністю.	UKRAINIAN
ParlaMint-UA_2020-06-19-m0.u90.p2.sent2	Тобто зараз це в більшості формальна процедура і формальний підхід у суб’єктів оцінки до складання такої оцінки.	UKRAINIAN
ParlaMint-UA_2020-06-19-m0.u90.p2.sent3	Ми плануємо взагалі змінити, внести пропозиції щодо зміни в законопроект про стратегічну екологічну оцінку, щоб, дійсно, наповнити її сенсом.	UKRAINIAN
ParlaMint-UA_2020-06-19-m0.u90.p2.sent4	Щоб ця оцінка, коли ми кажемо про оцінку документів державного планування, щоб вона, дійсно, враховувала інтереси громади, екологічні аспекти.	UKRAINIAN
ParlaMint-UA_2020-06-19-m0.u90.p2.sent5	Якщо ми кажемо про оцінку державних програм, цільових державних програм, щоб ця оцінка давала нам змогу, дійсно, оцінити на довгу перспективу, до чого призведе, які будуть наслідки тієї чи іншої програми.	UKRAINIAN
ParlaMint-UA_2020-06-19-m0.u90.p2.sent6	Так, у нас є на порядку денному зміни до Закону "Про стратегічну екологічну оцінку".	UKRAINIAN
ParlaMint-UA_2020-06-19-m0.u90.p3.sent1	Дякую.	UKRAINIAN
ParlaMint-UA_2020-06-19-m0.u91.p1.sent1	Дякую.	UKRAINIAN
ParlaMint-UA_2020-06-19-m0.u91.p2.sent1	Будь ласка, Власенко Сергій Володимирович, фракція політичної партії "Всеукраїнське об’єднання "Батьківщина".	UKRAINIAN
ParlaMint-UA_2020-06-19-m0.u92.p1.sent1	Шановний Романе Романовичу, представляючи вас, Прем’єр-міністр сказав, що ви фахівець з державного управління.	UKRAINIAN
ParlaMint-UA_2020-06-19-m0.u92.p1.sent2	Ви вийшли і три хвилини нам розказували гасла, десять разів використали слово реформа, жодної програми не надали.	UKRAINIAN
ParlaMint-UA_2020-06-19-m0.u92.p1.sent3	Ви черговий, вибачте, при всій повазі до вас, ви черговий "кіт у мішку", якого нам пропонують: без програми, без бачення, без нічого.	UKRAINIAN
ParlaMint-UA_2020-06-19-m0.u92.p1.sent4	При цьому ви сказали про те, що ви ще потім, ви кажете, оберіть мене зараз, а програму я вам дам пізніше, і при чому, ви сказали, що ви дасте програму на підставі програми уряду.	UKRAINIAN
ParlaMint-UA_2020-06-19-m0.u92.p1.sent5	Я вам просто хочу сказати, що вчора програма уряду не була підтримана цим парламентом.	UKRAINIAN
ParlaMint-UA_2020-06-19-m0.u92.p1.sent6	Тому не треба щось робити і корелювати це з програмою уряду, яка не підтримується українським парламентом.	UKRAINIAN
ParlaMint-UA_2020-06-19-m0.u92.p2.sent1	У мене просте питання до вас: чи не краще було б вам як кандидату прийти в цю залу з готовою програмою, її доповісти депутатам, показати ваше розуміння проблематики, щоб ми могли вас підтримати або не підтримати?	UKRAINIAN
ParlaMint-UA_2020-06-19-m0.u92.p2.sent2	Хоча ми як опозиція не підтримуємо кадрові призначення уряду.	UKRAINIAN
ParlaMint-UA_2020-06-19-m0.u93.p1.sent1	Дякую за ваше питання.	UKRAINIAN
ParlaMint-UA_2020-06-19-m0.u93.p2.sent1	По-перше, хочу сказати, що прийняття або відхилення програми діяльності уряду ніяк не вплине на складання програми діяльності міністерства.	UKRAINIAN
ParlaMint-UA_2020-06-19-m0.u93.p2.sent2	Чому, я вам поясню.	UKRAINIAN
ParlaMint-UA_2020-06-19-m0.u93.p2.sent3	Тому що екологічний аспект цієї програми, над яким я теж особисто працював, на мою думку, виписаний досить професійно.	UKRAINIAN
ParlaMint-UA_2020-06-19-m0.u93.p2.sent4	Там є і обчислювані результати, і конкретні кроки, які будуть здійснені, там є вся проблематика, яка існує на сьогодні.	UKRAINIAN
ParlaMint-UA_2020-06-19-m0.u93.p3.sent1	Я вимушений не погодитись з вами в тому, що програма діяльності уряду в частині екологічної політики виписана якось погано чи там вона несуттєва, а на сьогодні давати і займати дуже багато часу на викладання своєї програми перед народними депутатами, вважаю, просто було недоцільним.	UKRAINIAN
ParlaMint-UA_2020-06-19-m0.u93.p3.sent2	Я можу окремо зустрітися з фракцією вашою і доповісти в деталях усі кроки, які ми будемо робити, якщо буду обраний на посаду міністра захисту довкілля та природних ресурсів.	UKRAINIAN
ParlaMint-UA_2020-06-19-m0.u93.p4.sent1	Дуже дякую.	UKRAINIAN
ParlaMint-UA_2020-06-19-m0.u94.p1.sent1	Дякую.	UKRAINIAN
ParlaMint-UA_2020-06-19-m0.u94.p2.sent1	Будь ласка, народний депутат Бондар Віктор Васильович, депутатська група "Партія "За майбутнє".	UKRAINIAN
ParlaMint-UA_2020-06-19-m0.u95.p1.sent1	Прошу передати слово Яценку Антону.	UKRAINIAN
ParlaMint-UA_2020-06-19-m0.u96.p1.sent1	Антон Яценко, будь ласка.	UKRAINIAN
ParlaMint-UA_2020-06-19-m0.u97.p1.sent1	Шановний пане Абрамовський, ми вас у комітеті знаємо як такого досить сильного професіонала дійсно.	UKRAINIAN
ParlaMint-UA_2020-06-19-m0.u97.p1.sent2	Але в мене і в нашої групи – депутатської групи "За майбутнє" є питання.	UKRAINIAN
ParlaMint-UA_2020-06-19-m0.u97.p1.sent3	От ви знаєте, що буквально, коли об’єднали два міністерства, це була дуже така велика помилка і зараз ми її виправляємо, було скорочено фактично на три четвертих всі екологічні програми, та ж сама 1270, та ж сама 1500, та ж сама програма взагалі на 100 відсотків скорочена – це субвенція.	UKRAINIAN
ParlaMint-UA_2020-06-19-m0.u97.p1.sent4	І зараз за рахунок фонду COVID все це можна було б поновити.	UKRAINIAN
ParlaMint-UA_2020-06-19-m0.u97.p1.sent5	Тому, які ви маєте плани щодо цього, яка у вас співпраця з Мінфіном очікується, щоб ми це питання швидко вирішили?	UKRAINIAN
ParlaMint-UA_2020-06-19-m0.u97.p1.sent6	Тим паче, що на бюджетному комітеті прийнято рішення рекомендувати Мінфіну це зробити.	UKRAINIAN
ParlaMint-UA_2020-06-19-m0.u97.p1.sent7	Хотілось би дуже чітко почути вашу позицію щодо цього питання.	UKRAINIAN
ParlaMint-UA_2020-06-19-m0.u97.p2.sent1	Дякую.	UKRAINIAN
ParlaMint-UA_2020-06-19-m0.u98.p1.sent1	Дякую за питання.	UKRAINIAN
ParlaMint-UA_2020-06-19-m0.u98.p2.sent1	Ми не один раз, дійсно, дискутували по цьому вопросу в комітеті і однозначно і комітет, і міністерство прийшли до висновку, що пригнічувати, скажімо так, екологічні програми за рахунок інших програм – це неправильно.	UKRAINIAN
ParlaMint-UA_2020-06-19-m0.u98.p3.sent1	Дійсно, я буду звертатися до Мінфіну особисто, дискутувати з міністром, з Прем’єр-міністром Денисом Анатолійовичем Шмигалем з приводу того, щоб повернути, в якійсь частині повернути програму і 1270, і 1500.	UKRAINIAN
ParlaMint-UA_2020-06-19-m0.u98.p3.sent2	Щодо субвенцій, я думаю, що це вже буде питання обговорення на наступний рік і тут буде дискусія.	UKRAINIAN
ParlaMint-UA_2020-06-19-m0.u98.p3.sent3	Ми готові до цієї дискусії долучитися як міністерство і все ж таки прийняти об’єктивне рішення.	UKRAINIAN
ParlaMint-UA_2020-06-19-m0.u98.p3.sent4	Тобто все буде виходити з того, які гроші будуть виділені на наступний рік по обом програмам – 1500 і 1270.	UKRAINIAN
ParlaMint-UA_2020-06-19-m0.u98.p3.sent5	Можливо, їх буде достатньо, а механізм розподілення цих ресурсів буде прозорим і зрозумілим для громад, для всієї України.	UKRAINIAN
ParlaMint-UA_2020-06-19-m0.u98.p3.sent6	Але 100 відсотків, що ми будемо проводити консультації і наша мета – повернути ці гроші і використати їх максимально в цьому році.	UKRAINIAN
ParlaMint-UA_2020-06-19-m0.u98.p4.sent1	Дякую.	UKRAINIAN
ParlaMint-UA_2020-06-19-m0.u99.p1.sent1	Нестеренко Кирило Олександрович.	UKRAINIAN
ParlaMint-UA_2020-06-19-m0.u100.p1.sent1	Доброго дня.	UKRAINIAN
ParlaMint-UA_2020-06-19-m0.u100.p1.sent2	Прошу передати слово Овчинниковій Юлії	UKRAINIAN
ParlaMint-UA_2020-06-19-m0.u101.p1.sent1	Доброго дня, шановний Романе Романовичу.	UKRAINIAN
ParlaMint-UA_2020-06-19-m0.u101.p1.sent2	Є декілька маленьких запитань: два стратегічних, одне практичне.	UKRAINIAN
ParlaMint-UA_2020-06-19-m0.u101.p2.sent1	Значить, перше.	UKRAINIAN
ParlaMint-UA_2020-06-19-m0.u101.p2.sent2	Нещодавно Європейський Союз прийняв стратегію збереження біорізноманіття.	UKRAINIAN
ParlaMint-UA_2020-06-19-m0.u101.p2.sent3	Чи плануєте розробити подібний документ в Україні?	UKRAINIAN
ParlaMint-UA_2020-06-19-m0.u101.p3.sent1	Друге питання.	UKRAINIAN
ParlaMint-UA_2020-06-19-m0.u101.p3.sent2	Вже 5 років в Україні відсутній документ по розробці лісової політики.	UKRAINIAN
ParlaMint-UA_2020-06-19-m0.u101.p3.sent3	2010-2015 була цільова програма по збереженню лісів.	UKRAINIAN
ParlaMint-UA_2020-06-19-m0.u101.p3.sent4	Ми на комітеті вирішили розробити подібний документ, але дуже просимо долучитись вас, тому що виконавцем основним є саме міністерство.	UKRAINIAN
ParlaMint-UA_2020-06-19-m0.u101.p4.sent1	І останнє питання, практичне тим, що зараз приблизно сім національних природних парків залишаються у підпорядкуванні Держлісагентства.	UKRAINIAN
ParlaMint-UA_2020-06-19-m0.u101.p4.sent2	В 2009 році був наказ, відповідно до якого, президентський, вони підуть під підпорядкування Міністерства енергетики.	UKRAINIAN
ParlaMint-UA_2020-06-19-m0.u101.p4.sent3	Прохання взяти на особистий контроль, щоб всі національні природні парки були у підпорядкуванні міністерства.	UKRAINIAN
ParlaMint-UA_2020-06-19-m0.u101.p5.sent1	Дякую.	UKRAINIAN
ParlaMint-UA_2020-06-19-m0.u102.p1.sent1	Дякую, Юлія Юріївна.	UKRAINIAN
ParlaMint-UA_2020-06-19-m0.u102.p2.sent1	Я почну з кінця.	UKRAINIAN
ParlaMint-UA_2020-06-19-m0.u102.p2.sent2	Однозначно, всі природні парки, тим більше нам зараз, ну, досить просто це зробити, нескладно, всі природні парки, які у підпорядкуванні держави, будуть переведені під управління міністерством, включаючи і національні природні парки, які зараз знаходяться в управлінні Держлісагентства.	UKRAINIAN
ParlaMint-UA_2020-06-19-m0.u102.p2.sent3	Це перше.	UKRAINIAN
ParlaMint-UA_2020-06-19-m0.u102.p3.sent1	Щодо біорізноманіття.	UKRAINIAN
ParlaMint-UA_2020-06-19-m0.u102.p3.sent2	Ми повністю підтримуємо, звісно, і Бернську конвекцію, і буде розроблена стратегія щодо збільшення біорізноманіття в Україні, а потім і національний план дій до 2030 року.	UKRAINIAN
ParlaMint-UA_2020-06-19-m0.u102.p3.sent3	Таке доручення вже дано профільному заступнику, на сьогодні це Ірина Ставчук.	UKRAINIAN
ParlaMint-UA_2020-06-19-m0.u102.p3.sent4	І вона буде розробляти, ну, і все міністерство, ясно, під моїм контролем, буде розробляти цю концепцію.	UKRAINIAN
ParlaMint-UA_2020-06-19-m0.u102.p3.sent5	Ми видамо на розсуд комітету.	UKRAINIAN
ParlaMint-UA_2020-06-19-m0.u102.p3.sent6	Потім на підставі неї буде розроблена і опублікована стратегія, ну, і далі національний план дій.	UKRAINIAN
ParlaMint-UA_2020-06-19-m0.u102.p4.sent1	Щодо лісової політики.	UKRAINIAN
ParlaMint-UA_2020-06-19-m0.u102.p4.sent2	Нам треба прийняти на сьогодні всі законодавчі акти, які ми запланували, що стосується збереження лісів як одного блоку, і другий блок – це використання лісів як природного ресурсу.	UKRAINIAN
ParlaMint-UA_2020-06-19-m0.u102.p4.sent3	Це має бути збалансованими діями.	UKRAINIAN
ParlaMint-UA_2020-06-19-m0.u102.p4.sent4	Абсолютно збалансовані, де в кінці ми будемо бачити, що залісеність і кількість лісів буде збільшуватися, і хоча би там приблизиться до європейських норм.	UKRAINIAN
ParlaMint-UA_2020-06-19-m0.u102.p5.sent1	Враховуючи те, що ви сказали по біорізноманіттю.	UKRAINIAN
ParlaMint-UA_2020-06-19-m0.u102.p5.sent2	Хочу сказати, що ще ми будемо підтримувати повністю Закон про Смарагдову мережу.	UKRAINIAN
ParlaMint-UA_2020-06-19-m0.u102.p5.sent3	Зараз вже Смарагдова мережа нанесена на публічну кадастрову карту України.	UKRAINIAN
ParlaMint-UA_2020-06-19-m0.u102.p5.sent4	Це велике досягнення, але ми не зупиняємося на цьому.	UKRAINIAN
ParlaMint-UA_2020-06-19-m0.u102.p5.sent5	Ми чекаємо на закон, працюємо спільно з комітетом над цим питанням.	UKRAINIAN
ParlaMint-UA_2020-06-19-m0.u102.p6.sent1	Дякую.	UKRAINIAN
ParlaMint-UA_2020-06-19-m0.u103.p1.sent1	Саврасов.	UKRAINIAN
ParlaMint-UA_2020-06-19-m0.u103.p2.sent1	Геращенко Ірина Володимирівна.	UKRAINIAN
ParlaMint-UA_2020-06-19-m0.u104.p1.sent1	Шановний пане кандидате, міністр – це політична посада.	UKRAINIAN
ParlaMint-UA_2020-06-19-m0.u104.p1.sent2	І ви маєте розділяти тоді принципи команди, до якої ви плануєте долучитися.	UKRAINIAN
ParlaMint-UA_2020-06-19-m0.u104.p1.sent3	Ваша команда розпочала свою бурхливу діяльність з того, що вона взагалі ліквідувала Міністерство екології, показавши тим, що проблема екології для неї не існує.	UKRAINIAN
ParlaMint-UA_2020-06-19-m0.u104.p1.sent4	Навіщо ви туди йдете?	UKRAINIAN
ParlaMint-UA_2020-06-19-m0.u104.p1.sent5	Це перше питання.	UKRAINIAN
ParlaMint-UA_2020-06-19-m0.u104.p2.sent1	А друге питання.	UKRAINIAN
ParlaMint-UA_2020-06-19-m0.u104.p2.sent2	Якщо ви туди йдете, то що ви збираєтесь робити з двома проблемами?	UKRAINIAN
ParlaMint-UA_2020-06-19-m0.u104.p2.sent3	Перша – це проблема переробки сміття, яка насправді стала лобістською і корупційною давно в Україні.	UKRAINIAN
ParlaMint-UA_2020-06-19-m0.u104.p2.sent4	І по суті тут потрібно ще дуже багато змінювати до європейських стандартів.	UKRAINIAN
ParlaMint-UA_2020-06-19-m0.u104.p3.sent1	І друге.	UKRAINIAN
ParlaMint-UA_2020-06-19-m0.u104.p3.sent2	Це нова проблема, дуже гостра – обміління річок.	UKRAINIAN
ParlaMint-UA_2020-06-19-m0.u104.p3.sent3	На жаль, так само там є багато корупційних складових.	UKRAINIAN
ParlaMint-UA_2020-06-19-m0.u104.p3.sent4	Це незаконний видобуток піску і таке інше, і відсутність нормальної практики європейської врятування українських річок.	UKRAINIAN
ParlaMint-UA_2020-06-19-m0.u104.p4.sent1	Дякую.	UKRAINIAN
ParlaMint-UA_2020-06-19-m0.u105.p1.sent1	Дякую.	UKRAINIAN
ParlaMint-UA_2020-06-19-m0.u105.p2.sent1	Знову почну з кінця.	UKRAINIAN
ParlaMint-UA_2020-06-19-m0.u105.p2.sent2	Щодо водних ресурсів.	UKRAINIAN
ParlaMint-UA_2020-06-19-m0.u105.p2.sent3	Я почав з того, що ми вступили в такий період маловоддя.	UKRAINIAN
ParlaMint-UA_2020-06-19-m0.u105.p2.sent4	Вони трапляються раз на 30-40 років, тривають різний час.	UKRAINIAN
ParlaMint-UA_2020-06-19-m0.u105.p2.sent5	Досвід показує, що там і 10 років було, і були й більше такі періоди.	UKRAINIAN
ParlaMint-UA_2020-06-19-m0.u105.p2.sent6	Але що ми будемо робити в цьому питанні.	UKRAINIAN
ParlaMint-UA_2020-06-19-m0.u105.p3.sent1	По-перше, головним своїм завданням ставлю, щоб відновити водно-болотні угіддя.	UKRAINIAN
ParlaMint-UA_2020-06-19-m0.u105.p3.sent2	Це все питання, які стосуються змін клімату.	UKRAINIAN
ParlaMint-UA_2020-06-19-m0.u105.p3.sent3	В першу чергу ми можемо штучно регулювати, звісно, водний режим.	UKRAINIAN
ParlaMint-UA_2020-06-19-m0.u105.p3.sent4	Там обмежувати гідроелектростанції, обмежувати водний транспорт.	UKRAINIAN
ParlaMint-UA_2020-06-19-m0.u105.p3.sent5	Це робиться і зараз.	UKRAINIAN
ParlaMint-UA_2020-06-19-m0.u105.p3.sent6	Але глобально це не змінить ситуацію.	UKRAINIAN
ParlaMint-UA_2020-06-19-m0.u105.p3.sent7	Глобально змінити ситуацію можна тим, що запобігти неощадливому використанню водних ресурсів.	UKRAINIAN
ParlaMint-UA_2020-06-19-m0.u105.p3.sent8	Це з приводу того.	UKRAINIAN
ParlaMint-UA_2020-06-19-m0.u105.p3.sent9	Там видобуток піску менше впливає на питання маловодності, але теж впливає, бо гідрогеологія змінюється.	UKRAINIAN
ParlaMint-UA_2020-06-19-m0.u105.p4.sent1	Що стосується, чому я йду в цю команду.	UKRAINIAN
ParlaMint-UA_2020-06-19-m0.u105.p4.sent2	По-перше, коли я прийшов в команду на посаду заступника міністра, міністерства вже були розділені.	UKRAINIAN
ParlaMint-UA_2020-06-19-m0.u105.p4.sent3	Хто знає мене там з народних депутатів, чітко розуміють мою позицію.	UKRAINIAN
ParlaMint-UA_2020-06-19-m0.u105.p4.sent4	З першого дня, навіть на співбесіді я сказав про те, що неможна об’єднувати наскрізну і секторальну політику, це неправильно.	UKRAINIAN
ParlaMint-UA_2020-06-19-m0.u105.p5.sent1	Дуже дякую сьогоднішньому уряду, який розділив ці політики і розділив по факту органи управління.	UKRAINIAN
ParlaMint-UA_2020-06-19-m0.u105.p5.sent2	Тобто я йду в команду, яка розуміє, що екологічна політика є наскрізна, що вона не може бути об’єднана з жодною із політик, які є секторальними.	UKRAINIAN
ParlaMint-UA_2020-06-19-m0.u105.p6.sent1	Дякую.	UKRAINIAN
ParlaMint-UA_2020-06-19-m0.u106.p1.sent1	Славицька Антоніна Керимівна.	UKRAINIAN
ParlaMint-UA_2020-06-19-m0.u107.p1.sent1	Колтуновичу прошу передати слово.	UKRAINIAN
ParlaMint-UA_2020-06-19-m0.u108.p1.sent1	Колтунович Олександр Сергійович.	UKRAINIAN
ParlaMint-UA_2020-06-19-m0.u109.p1.sent1	Дякую, шановний Дмитро Олександровичу.	UKRAINIAN
ParlaMint-UA_2020-06-19-m0.u109.p2.sent1	В мене буде питання, наступні кілька питань до кандидата на посаду міністра екології.	UKRAINIAN
ParlaMint-UA_2020-06-19-m0.u109.p3.sent1	Насамперед я хотів би запитати щодо показників ефективності, які планує досягнути пан міністр, і, зокрема, економічні інструменти, які будуть застосовані для пониження рівня енергомісткості.	UKRAINIAN
ParlaMint-UA_2020-06-19-m0.u109.p4.sent1	Другий момент.	UKRAINIAN
ParlaMint-UA_2020-06-19-m0.u109.p4.sent2	Цікавить кількість установ для поводження з побутовими відходами, яка їх збільшиться кількість.	UKRAINIAN
ParlaMint-UA_2020-06-19-m0.u109.p5.sent1	Третє.	UKRAINIAN
ParlaMint-UA_2020-06-19-m0.u109.p5.sent2	Так само, яким буде відсоток викидів забруднюючих речовин в атмосферне повітря і в поверхневі води?	UKRAINIAN
ParlaMint-UA_2020-06-19-m0.u109.p5.sent3	Нас цікавлять конкретні цифри і конкретний період, коли ми будемо досягати.	UKRAINIAN
ParlaMint-UA_2020-06-19-m0.u109.p6.sent1	Ну, і, безмовно, питання імплементації природоохоронних директив.	UKRAINIAN
ParlaMint-UA_2020-06-19-m0.u109.p6.sent2	Яка ресурсна база фінансова потрібна вам для того, щоб перейти на ці, виконати ці стандарти щодо якості атмосферного повітря, зменшення забруднюючих речовин, які попадають у водні ресурси.	UKRAINIAN
ParlaMint-UA_2020-06-19-m0.u109.p6.sent3	І в який період і в який рік ми це зможемо досягнути?	UKRAINIAN
ParlaMint-UA_2020-06-19-m0.u109.p7.sent1	Дякую за відповідь.	UKRAINIAN
ParlaMint-UA_2020-06-19-m0.u110.p1.sent1	Дякую.	UKRAINIAN
ParlaMint-UA_2020-06-19-m0.u110.p1.sent2	Дуже ґрунтовні запитання.	UKRAINIAN
ParlaMint-UA_2020-06-19-m0.u110.p2.sent1	Почну з першого.	UKRAINIAN
ParlaMint-UA_2020-06-19-m0.u110.p2.sent2	Щодо обчислювальних показників.	UKRAINIAN
ParlaMint-UA_2020-06-19-m0.u110.p2.sent3	Ми зараз підготувати, вже вносили в Раду, але зміна уряду, зараз знову готовий до внесення в Раду Закон про зменшення, запобігання та контроль промислового забруднення.	UKRAINIAN
ParlaMint-UA_2020-06-19-m0.u110.p2.sent4	Це імплементація 75 Директиви ЄС щодо зменшення промислового забруднення, так звані інтегровані дозволи.	UKRAINIAN
ParlaMint-UA_2020-06-19-m0.u110.p2.sent5	Після впровадження цих дозволів наші плани такі, що промислове забруднення до 2025 року, я маю на увазі саме удільне забруднення.	UKRAINIAN
ParlaMint-UA_2020-06-19-m0.u110.p2.sent6	Удільні показники вони мають зменшитися на 22 відсотки від стану сьогоднішнього.	UKRAINIAN
ParlaMint-UA_2020-06-19-m0.u110.p3.sent1	Що стосується відходів.	UKRAINIAN
ParlaMint-UA_2020-06-19-m0.u110.p3.sent2	Знову ж ми імплементуємо 98 Директиви ЄС щодо управління відходами.	UKRAINIAN
ParlaMint-UA_2020-06-19-m0.u110.p3.sent3	Скільки буде там побудовано заводів, мені важко сказати, переробних.	UKRAINIAN
ParlaMint-UA_2020-06-19-m0.u110.p3.sent4	Ми маємо створити умови, які наряду з іншими умовами, шановні народні депутати, з доступом до правосуддя, захистом інвестицій і так далі призведуть до того, що будуть вкладатися приватні, підкреслюю, приватні інвестиції в сміттєпереробну галузь.	UKRAINIAN
ParlaMint-UA_2020-06-19-m0.u110.p4.sent1	Але це не обмежується тільки побутовим сміттям.	UKRAINIAN
ParlaMint-UA_2020-06-19-m0.u110.p4.sent2	Також ми хочемо врегулювати, нормально врегулювати поводження з небезпечними відходами для того, щоб не їздили і не утилізувалися документи, а дійсно, перероблялися, утилізувалися небезпечні відходи.	UKRAINIAN
ParlaMint-UA_2020-06-19-m0.u110.p4.sent3	Ми хочемо ввести систему розширення відповідальності виробників, яка при її впроваджені сама собою при виконанні показників зменшить порядку на 25 відсотків кількість побутових відходів, які потрапляють на полігон для захоронення.	UKRAINIAN
ParlaMint-UA_2020-06-19-m0.u110.p4.sent4	Сама пособі ієрархія поводження з відходами, де головним принципом є неутворення відходів, вже зменшить ці показники.	UKRAINIAN
ParlaMint-UA_2020-06-19-m0.u110.p5.sent1	Щодо скидів у водні об’єкти.	UKRAINIAN
ParlaMint-UA_2020-06-19-m0.u110.p5.sent2	Ми приєдналися до рамкової Водної директиви ЄС.	UKRAINIAN
ParlaMint-UA_2020-06-19-m0.u110.p5.sent3	І там є таке поняття, як добрий стан водойм.	UKRAINIAN
ParlaMint-UA_2020-06-19-m0.u110.p5.sent4	Звісно, що наша програма, так, це не такий невизначений, скажімо, в цифрах термін, але це європейський термін.	UKRAINIAN
ParlaMint-UA_2020-06-19-m0.u110.p5.sent5	Наша програма полягає в тому, щоб досягнути доброго стану водойм хоча б для.	UKRAINIAN
ParlaMint-UA_2020-06-19-m0.u111.p1.sent1	Лунченко Валерій Валерійович.	UKRAINIAN
ParlaMint-UA_2020-06-19-m0.u112.p1.sent1	Прошу передати слово Горвату.	UKRAINIAN
ParlaMint-UA_2020-06-19-m0.u113.p1.sent1	Кому, ще раз?	UKRAINIAN
ParlaMint-UA_2020-06-19-m0.u113.p1.sent2	Вас нечутно, шановний.	UKRAINIAN
ParlaMint-UA_2020-06-19-m0.u114.p1.sent1	Роберту Горвату.	RUSSIAN
ParlaMint-UA_2020-06-19-m0.u115.p1.sent1	Доброго дня.	UKRAINIAN
ParlaMint-UA_2020-06-19-m0.u115.p1.sent2	Шановний Роман Романович, у мене дрібне запитання, але воно може зберегти державі десятки мільйонів гривень і убезпечити жителів гірських районів України від повеней.	UKRAINIAN
ParlaMint-UA_2020-06-19-m0.u115.p1.sent3	Мова іде про дозвіл на видобування гравію, який, наприклад, наскільки я знаю, у Закарпатті, я з Ужгорода, у Закарпатті років 8 або 9 цей дозвіл неможливо дістати, тому що у вашому майбутньому відомстві за дозвіл видобування гравію в річках Закарпаття, Івано-Франківщини, Львівщини, Чернівецькій області просять хабара приблизно 15-20 тисяч доларів.	UKRAINIAN
ParlaMint-UA_2020-06-19-m0.u115.p1.sent4	Що стається потім?	UKRAINIAN
ParlaMint-UA_2020-06-19-m0.u115.p1.sent5	Люди не можуть дістати дозвіл і видобувають гравій незаконно.	UKRAINIAN
ParlaMint-UA_2020-06-19-m0.u115.p1.sent6	І всі контролюючі органи на місцях дістають хабарі.	UKRAINIAN
ParlaMint-UA_2020-06-19-m0.u115.p1.sent7	Належним чином згідно проектів.	UKRAINIAN
ParlaMint-UA_2020-06-19-m0.u116.p1.sent1	Ні, шановні колеги.	UKRAINIAN
ParlaMint-UA_2020-06-19-m0.u116.p1.sent2	Дякую.	UKRAINIAN
ParlaMint-UA_2020-06-19-m0.u116.p1.sent3	Ні, шановні колеги.	UKRAINIAN
ParlaMint-UA_2020-06-19-m0.u117.p1.sent1	Дякую за це питання.	UKRAINIAN
ParlaMint-UA_2020-06-19-m0.u117.p2.sent1	Думаю, що я кінцівку теж зрозумів.	UKRAINIAN
ParlaMint-UA_2020-06-19-m0.u117.p3.sent1	Я вам хочу відповісти так.	UKRAINIAN
ParlaMint-UA_2020-06-19-m0.u117.p3.sent2	Видобування гравію у гірських річках, видобування піску, видобування кварцитів, видобування нафти, газу, будь-яких природних ресурсів не має бути пов’язане з будь-якими корупційними ознаками.	UKRAINIAN
ParlaMint-UA_2020-06-19-m0.u117.p3.sent3	Це ключова теза.	UKRAINIAN
ParlaMint-UA_2020-06-19-m0.u117.p3.sent4	Тобто ми не будемо окремо врегульовувати питання хабарів чи їх відсутності, чи присутності при видобуванні гравію.	UKRAINIAN
ParlaMint-UA_2020-06-19-m0.u117.p3.sent5	Ми зробимо.	UKRAINIAN
ParlaMint-UA_2020-06-19-m0.u117.p3.sent6	Я буду сподіватися на те, що мені вдасться зробити прозору політику в природокористуванні як такому і в надрокористуванні окремо.	UKRAINIAN
ParlaMint-UA_2020-06-19-m0.u117.p3.sent7	Тобто ці процеси, про які ви кажете, вони в більшості були пов’язані зі старою командою, яка знаходиться і в Держгеонадрах, і в Держгеоконтролі, і так далі, в геоінформації.	UKRAINIAN
ParlaMint-UA_2020-06-19-m0.u117.p3.sent8	Я все це розумію.	UKRAINIAN
ParlaMint-UA_2020-06-19-m0.u117.p3.sent9	Звісно, що це буде лейтмотивом в боротьбі з корупцією, якщо вас влаштовує така відповідь.	UKRAINIAN
ParlaMint-UA_2020-06-19-m0.u118.p1.sent1	Дякую.	UKRAINIAN
ParlaMint-UA_2020-06-19-m0.u118.p2.sent1	Шановні колеги, переходимо до голосування.	UKRAINIAN
ParlaMint-UA_2020-06-19-m0.u118.p2.sent2	А, ні.	UKRAINIAN
ParlaMint-UA_2020-06-19-m0.u118.p3.sent1	Шановні колеги, ще два запитання від народних депутатів.	UKRAINIAN
ParlaMint-UA_2020-06-19-m0.u118.p3.sent2	Запишіться, будь ласка, на запитання від народних депутатів.	UKRAINIAN
ParlaMint-UA_2020-06-19-m0.u118.p4.sent1	Пане кандидате, поверніться, будь ласка, ще два питання.	UKRAINIAN
ParlaMint-UA_2020-06-19-m0.u118.p5.sent1	Бабенко Микола Вікторович.	UKRAINIAN
ParlaMint-UA_2020-06-19-m0.u119.p1.sent1	Передайте, будь ласка, слово Шахову.	UKRAINIAN
ParlaMint-UA_2020-06-19-m0.u120.p1.sent1	Горвату, да?	UKRAINIAN
ParlaMint-UA_2020-06-19-m0.u120.p1.sent2	Шахову?	UKRAINIAN
ParlaMint-UA_2020-06-19-m0.u120.p2.sent1	Горвату включіть мікрофон.	UKRAINIAN
ParlaMint-UA_2020-06-19-m0.u121.p1.sent1	Дуже дякую за можливість продовжити питання своє.	UKRAINIAN
ParlaMint-UA_2020-06-19-m0.u121.p2.sent1	Ще раз, Роман Романович, що стається, якби, наприклад, департаменти в регіонах, в Закарпатті, водники, рибники, департамент екології сіли, дали задачі проектантам спроектувати в кожному місці, де тече гірська річка, місця, де виливає.	UKRAINIAN
ParlaMint-UA_2020-06-19-m0.u121.p2.sent2	Що стається?	RUSSIAN
ParlaMint-UA_2020-06-19-m0.u121.p2.sent3	Намивається гравій, річка вимиває береги, потім виходить з берегів і заливає села.	UKRAINIAN
ParlaMint-UA_2020-06-19-m0.u121.p2.sent4	Замість того ми можемо збільшити дно, дати дозвіл.	UKRAINIAN
ParlaMint-UA_2020-06-19-m0.u121.p2.sent5	Це робочі місця, це на місцях робляться зараз об’єкти і ДФРР, і соцеконом.	UKRAINIAN
ParlaMint-UA_2020-06-19-m0.u121.p2.sent6	І тоді русло збільшиться, не буде виливу води в селі чи на пасовища, чи на ріллю.	UKRAINIAN
ParlaMint-UA_2020-06-19-m0.u121.p3.sent1	Я дуже прошу дати дозвіл на добич гравію на місця, це вирішить питання, ніколи ніхто із області не буде просити.	UKRAINIAN
ParlaMint-UA_2020-06-19-m0.u122.p1.sent1	В мене є пропозиція.	UKRAINIAN
ParlaMint-UA_2020-06-19-m0.u122.p1.sent2	Давайте, щоб зараз я не казав так це чи ні, давайте зробимо просто нараду таку, викличемо всі відповідні органи: Держводагентство, Держгеонадра, Держгеоконтроль, можливо, ДФК – і проведемо таку нараду і визначимось, можливо, ви праві.	UKRAINIAN
ParlaMint-UA_2020-06-19-m0.u122.p1.sent3	І на сьогодні я не можу сказати, так чи ні, але гарантую, що ми зробимо таку нараду і зробимо висновки.	UKRAINIAN
ParlaMint-UA_2020-06-19-m0.u122.p2.sent1	Дякую вам.	UKRAINIAN
ParlaMint-UA_2020-06-19-m0.u123.p1.sent1	Геращенко Ірина Володимирівна.	UKRAINIAN
ParlaMint-UA_2020-06-19-m0.u124.p1.sent1	Гончаренку, будь ласка, передайте слово.	UKRAINIAN
ParlaMint-UA_2020-06-19-m0.u125.p1.sent1	Гончаренко Олексій Олексійович.	UKRAINIAN
ParlaMint-UA_2020-06-19-m0.u126.p1.sent1	Олексій Гончаренко, "Європейська солідарність".	UKRAINIAN
ParlaMint-UA_2020-06-19-m0.u126.p2.sent1	Маю до вас два запитання.	UKRAINIAN
ParlaMint-UA_2020-06-19-m0.u126.p2.sent2	Перше.	UKRAINIAN
ParlaMint-UA_2020-06-19-m0.u126.p2.sent3	Як ви відноситесь і ваша оцінка рішення, коли воно приймалося про об’єднання Міністерства енергетики і Міністерства екології в такого дивного гібридного якось монстра – екології і енергетики.	UKRAINIAN
ParlaMint-UA_2020-06-19-m0.u126.p2.sent4	Чи це спрацювало?	UKRAINIAN
ParlaMint-UA_2020-06-19-m0.u126.p2.sent5	Що це дало?	UKRAINIAN
ParlaMint-UA_2020-06-19-m0.u126.p2.sent6	І ваше відношення до цього як управлінця.	UKRAINIAN
ParlaMint-UA_2020-06-19-m0.u126.p3.sent1	Друге запитання стосовно міста Києва.	UKRAINIAN
ParlaMint-UA_2020-06-19-m0.u126.p3.sent2	Бортницька станція аерації – надзвичайно важливий проект.	UKRAINIAN
ParlaMint-UA_2020-06-19-m0.u126.p3.sent3	Тож в мене до вас запитання, ваше відношення як міністра до цього проекту.	UKRAINIAN
ParlaMint-UA_2020-06-19-m0.u126.p3.sent4	І що ви будете робити, щоб щонайшвидше цей проект був зреалізований?	UKRAINIAN
ParlaMint-UA_2020-06-19-m0.u126.p4.sent1	Дякую.	UKRAINIAN
ParlaMint-UA_2020-06-19-m0.u127.p1.sent1	Дякую.	UKRAINIAN
ParlaMint-UA_2020-06-19-m0.u127.p2.sent1	Знову з кінця.	UKRAINIAN
ParlaMint-UA_2020-06-19-m0.u127.p2.sent2	По Бортницькій станції аерації.	UKRAINIAN
ParlaMint-UA_2020-06-19-m0.u127.p2.sent3	Колись, в минулому скликанні Верховної Ради, я мав честь працювати заступником міністра, і насправді ми закінчували переговори з японським агентством JICA щодо фінансування цього заходу, а з колишнім міністром екології і природних ресурсів у палких таких дискусіях ми все ж таки добилися того, щоб міністерство профінансувало роботу на "піонерних" мулових полях.	UKRAINIAN
ParlaMint-UA_2020-06-19-m0.u127.p2.sent4	Я чітко розумію це питання, дуже добре, зараз, в принципі, все, що треба від міністерства, яке опікується екологічною політикою, зроблено по цьому питанню, і м’яч на полі Департаменту житлово-комунального господарства КМДА.	UKRAINIAN
ParlaMint-UA_2020-06-19-m0.u127.p2.sent5	Тобто все, що буде треба від міністерства, звісно, ми будемо опрацьовувати і погоджувати в межах компетенції і в законодавчому порядку.	UKRAINIAN
ParlaMint-UA_2020-06-19-m0.u127.p3.sent1	Щодо роз’єднання міністерств, приєднання, потім роз’єднання, я вже у двох словах відповів Ірині Геращенко.	UKRAINIAN
ParlaMint-UA_2020-06-19-m0.u127.p3.sent2	Я скажу так, і доповідав комітету, що синергія, яка очікувалася, досягнута не була.	UKRAINIAN
ParlaMint-UA_2020-06-19-m0.u127.p4.sent1	Дякую.	UKRAINIAN
ParlaMint-UA_2020-06-19-m0.u128.p1.sent1	Дякую.	UKRAINIAN
ParlaMint-UA_2020-06-19-m0.u128.p1.sent2	Дякую, шановний кандидат.	UKRAINIAN
ParlaMint-UA_2020-06-19-m0.u128.p2.sent1	До слова запрошується голова Комітету Верховної Ради України з питань екологічної політики та природокористування Олег Володимирович Бондаренко.	UKRAINIAN
ParlaMint-UA_2020-06-19-m0.u128.p3.sent1	Після цього переходимо до голосування, запросіть народних депутатів до зали, будь ласка.	UKRAINIAN
ParlaMint-UA_2020-06-19-m0.u129.p1.sent1	Доброго дня, шановні колеги.	UKRAINIAN
ParlaMint-UA_2020-06-19-m0.u129.p1.sent2	Комітет Верховної Ради з питань екологічної політики та природокористування на своєму засіданні 3 червня 2020 року розглянув проект Постанови Верховної Ради України про призначення Абрамовського Романа Романовича на посаду міністра захисту довкілля та природних ресурсів України.	UKRAINIAN
ParlaMint-UA_2020-06-19-m0.u129.p1.sent3	Комітет прийняв рішення підтримати подання Прем’єр-міністра України Шмигаля Дениса Анатолійовича про призначення Абрамовського Романа Романовича міністром захисту довкілля та природних ресурсів України.	UKRAINIAN
ParlaMint-UA_2020-06-19-m0.u129.p2.sent1	Окремо хочу сказати, шановні колеги, на нашому засіданні Роман Романович склав іспит, який тривав півтори години, він склав його з честю.	UKRAINIAN
ParlaMint-UA_2020-06-19-m0.u129.p2.sent2	Я дуже прошу підтримати та проголосувати.	UKRAINIAN
ParlaMint-UA_2020-06-19-m0.u129.p3.sent1	Дякую.	UKRAINIAN
ParlaMint-UA_2020-06-19-m0.u130.p1.sent1	Готові голосувати?	UKRAINIAN
ParlaMint-UA_2020-06-19-m0.u130.p1.sent2	Переходимо до прийняття рішення.	UKRAINIAN
ParlaMint-UA_2020-06-19-m0.u130.p2.sent1	Відповідно до статті 85, 114 Конституції України ставлю на голосування для прийняття в цілому проекту Постанови (реєстраційний номер 3586) про призначення Абрамовського Романа Романовича на посаду міністра захисту довкілля та природних ресурсів України.	UKRAINIAN
ParlaMint-UA_2020-06-19-m0.u130.p3.sent1	Готові голосувати?	UKRAINIAN
ParlaMint-UA_2020-06-19-m0.u130.p3.sent2	Прошу підтримати та проголосувати.	UKRAINIAN
ParlaMint-UA_2020-06-19-m0.u130.p4.sent1	За-264	UKRAINIAN
ParlaMint-UA_2020-06-19-m0.u130.p5.sent1	Рішення прийнято.	UKRAINIAN
ParlaMint-UA_2020-06-19-m0.u130.p5.sent2	Вітаю!	UKRAINIAN
ParlaMint-UA_2020-06-19-m0.u130.p6.sent1	Відповідно до статті 10 Закону України "Про Кабінет Міністрів України" особа, призначена на посаду члена Кабінету Міністрів, у день свого призначення перед вступом на посаду складає на пленарному засіданні Верховної Ради присягу.	UKRAINIAN
ParlaMint-UA_2020-06-19-m0.u130.p6.sent2	Почекайте, можна я дочитаю.	UKRAINIAN
ParlaMint-UA_2020-06-19-m0.u130.p6.sent3	Для складання присяги на трибуну запрошується міністр захисту довкілля та природних ресурсів України Абрамовський Роман Романович.	UKRAINIAN
ParlaMint-UA_2020-06-19-m0.u130.p7.sent1	Покажіть, будь ласка, голосування по фракціях.	UKRAINIAN
ParlaMint-UA_2020-06-19-m0.u131.p1.sent1	Я, Абрамовський Роман Романович, усвідомлюючи високу відповідальність члена Кабінету Міністрів України, урочисто присягаю на вірність Українському народові.	UKRAINIAN
ParlaMint-UA_2020-06-19-m0.u131.p1.sent2	Зобов’язуюсь додержуватися Конституції України та законів України, зміцнювати суверенітет та незалежність України, обстоювати права і свободи людини та громадянина, дбати про добробут Українського народу, сталий демократичний розвиток суспільства.	UKRAINIAN
ParlaMint-UA_2020-06-19-m0.u132.p1.sent1	Вітаю!	UKRAINIAN
ParlaMint-UA_2020-06-19-m0.u132.p2.sent1	Шановні колеги, не розіходьтесь, зараз буде два голосування за включення до порядку денного, без розгляду питання.	UKRAINIAN
ParlaMint-UA_2020-06-19-m0.u132.p3.sent1	Шановні колеги, підготуйтесь до голосування.	UKRAINIAN
ParlaMint-UA_2020-06-19-m0.u132.p3.sent2	Вам запропонований проект Закону про внесення змін до деяких законів України щодо удосконалення умов підтримки виробництва електричної енергії з альтернативних джерел енергії, (реєстраційний номер 3658).	UKRAINIAN
ParlaMint-UA_2020-06-19-m0.u132.p4.sent1	Пропонується включити це питання до порядку денного сесії.	UKRAINIAN
ParlaMint-UA_2020-06-19-m0.u132.p5.sent1	Необхідна підтримка 226 народних депутатів України.	UKRAINIAN
ParlaMint-UA_2020-06-19-m0.u132.p5.sent2	Після цього скорочення строків.	UKRAINIAN
ParlaMint-UA_2020-06-19-m0.u132.p5.sent3	Питання не розглядається, по суті розглядати сьогодні не будемо.	UKRAINIAN
ParlaMint-UA_2020-06-19-m0.u132.p6.sent1	Готові голосувати?	UKRAINIAN
ParlaMint-UA_2020-06-19-m0.u132.p6.sent2	Питання про включення до порядку денного.	UKRAINIAN
ParlaMint-UA_2020-06-19-m0.u132.p7.sent1	Ставлю на голосування пропозицію про включення до порядку денного проект Закону реєстраційний номер 3658.	UKRAINIAN
ParlaMint-UA_2020-06-19-m0.u132.p7.sent2	Прошу підтримати та проголосувати.	UKRAINIAN
ParlaMint-UA_2020-06-19-m0.u132.p8.sent1	За-291	UKRAINIAN
ParlaMint-UA_2020-06-19-m0.u132.p9.sent1	Рішення прийнято.	UKRAINIAN
ParlaMint-UA_2020-06-19-m0.u132.p10.sent1	Пропонується скоротити наполовину строки подачі альтернативних законопроектів та підготовки до розгляду під час першого читання законопроекту реєстраційний номер 3658.	UKRAINIAN
ParlaMint-UA_2020-06-19-m0.u132.p11.sent1	Готові голосувати?	UKRAINIAN
ParlaMint-UA_2020-06-19-m0.u132.p11.sent2	Прошу підтримати та проголосувати.	UKRAINIAN
ParlaMint-UA_2020-06-19-m0.u132.p12.sent1	За-249	UKRAINIAN
ParlaMint-UA_2020-06-19-m0.u132.p13.sent1	Рішення прийнято.	UKRAINIAN
ParlaMint-UA_2020-06-19-m0.u132.p14.sent1	Аналогічний законопроект – це проект Закону про внесення змін до Закону України "Про ринок електричної енергії" (реєстраційний номер 3657).	UKRAINIAN
ParlaMint-UA_2020-06-19-m0.u132.p14.sent2	Пропонується включити це питання в порядок денний сесії.	UKRAINIAN
ParlaMint-UA_2020-06-19-m0.u132.p14.sent3	Прошу підтримати та проголосувати.	UKRAINIAN
ParlaMint-UA_2020-06-19-m0.u132.p15.sent1	За-272	UKRAINIAN
ParlaMint-UA_2020-06-19-m0.u132.p16.sent1	Рішення прийнято.	UKRAINIAN
ParlaMint-UA_2020-06-19-m0.u132.p17.sent1	Пропонується визнати законопроект невідкладним та скоротити наполовину строки внесення альтернативних законопроектів і надання висновків комітету щодо нього.	UKRAINIAN
ParlaMint-UA_2020-06-19-m0.u132.p17.sent2	Мова іде про законопроект реєстраційний номер 3657.	UKRAINIAN
ParlaMint-UA_2020-06-19-m0.u132.p17.sent3	Прошу підтримати та проголосувати.	UKRAINIAN
ParlaMint-UA_2020-06-19-m0.u132.p18.sent1	За-253	UKRAINIAN
ParlaMint-UA_2020-06-19-m0.u132.p19.sent1	Рішення прийнято.	UKRAINIAN
ParlaMint-UA_2020-06-19-m0.u132.p20.sent1	Шановні колеги, оголошення.	UKRAINIAN
ParlaMint-UA_2020-06-19-m0.u132.p21.sent1	Згідно з поданими заявами та відповідно до частини третьої статті 60 Регламенту Верховної Ради України повідомляю про вихід народних депутатів України Білозір Лариси Миколаївни, Вацака Геннадія Анатолійовича та Кучера Миколи Івановича із складу депутатської групи "Партія "За майбутнє" та їх входження до складу депутатської групи "Довіра".	UKRAINIAN
ParlaMint-UA_2020-06-19-m0.u132.p22.sent1	Шановні колеги, у нас залишилося 3 хвилини до перерви.	UKRAINIAN
ParlaMint-UA_2020-06-19-m0.u132.p22.sent2	Оголошується перерва до 12:30.	UKRAINIAN
ParlaMint-UA_2020-06-19-m0.u132.p22.sent3	Будь ласка, не запізнюйтесь.	UKRAINIAN
ParlaMint-UA_2020-06-19-m0.u132.p23.sent1	Почекайте.	UKRAINIAN
ParlaMint-UA_2020-06-19-m0.u132.p23.sent2	Голови депутатських фракцій та груп, будь ласка, підійдіть до мене, я хотів би одне питання обговорити зараз.	UKRAINIAN
ParlaMint-UA_2020-06-19-m0.u132.p23.sent3	Дякую.	UKRAINIAN
ParlaMint-UA_2020-06-19-m0.u133.p1.sent1	Шановні колеги, запросіть народних депутатів до зали.	UKRAINIAN
ParlaMint-UA_2020-06-19-m0.u133.p1.sent2	Переходимо до розгляду питань порядку денного.	UKRAINIAN
ParlaMint-UA_2020-06-19-m0.u133.p2.sent1	Будь ласка, підготуйтесь до роботи.	UKRAINIAN
ParlaMint-UA_2020-06-19-m0.u133.p3.sent1	Шановні колеги, вам запропонований до розгляду проект Закону про внесення змін до розділу ІІ "Прикінцеві положення" Закону України "Про внесення змін до деяких законів України щодо забезпечення лікування коронавірусної хвороби (COVID-19)" (щодо продовження строку дії у зв’язку із загрозою зростання захворюваності населення на коронавірусну хворобу.	UKRAINIAN
ParlaMint-UA_2020-06-19-m0.u133.p3.sent2	Шановні колеги, підготуйтесь до голосування.	UKRAINIAN
ParlaMint-UA_2020-06-19-m0.u133.p3.sent3	Зараз скорочена процедура.	UKRAINIAN
ParlaMint-UA_2020-06-19-m0.u133.p3.sent4	Готові голосувати?	UKRAINIAN
ParlaMint-UA_2020-06-19-m0.u133.p4.sent1	Ставлю на голосування пропозицію про розгляд питання за скороченою процедурою.	UKRAINIAN
ParlaMint-UA_2020-06-19-m0.u133.p4.sent2	Реєстраційний номер 3636.	UKRAINIAN
ParlaMint-UA_2020-06-19-m0.u133.p4.sent3	150 голосів.	UKRAINIAN
ParlaMint-UA_2020-06-19-m0.u133.p5.sent1	Шановні колеги, всі будуть готові проголосувати за скорочену процедуру?	UKRAINIAN
ParlaMint-UA_2020-06-19-m0.u133.p6.sent1	Олександр Рафкатович, чому ні?	UKRAINIAN
ParlaMint-UA_2020-06-19-m0.u133.p6.sent2	Це правда важливе питання.	UKRAINIAN
ParlaMint-UA_2020-06-19-m0.u133.p6.sent3	По повній не встигнемо прийняти – не буде працювати закон.	UKRAINIAN
ParlaMint-UA_2020-06-19-m0.u133.p6.sent4	По повній?	UKRAINIAN
ParlaMint-UA_2020-06-19-m0.u133.p6.sent5	Дві фракції за те, щоб його завалити, щоб він.	UKRAINIAN
ParlaMint-UA_2020-06-19-m0.u133.p6.sent6	не продовжити?	UKRAINIAN
ParlaMint-UA_2020-06-19-m0.u133.p6.sent7	Артур Володимирович, я думаю, що ви помиляєтеся.	UKRAINIAN
ParlaMint-UA_2020-06-19-m0.u133.p7.sent1	За скорочену процедуру.	UKRAINIAN
ParlaMint-UA_2020-06-19-m0.u133.p7.sent2	Прошу підтримати та проголосувати.	UKRAINIAN
ParlaMint-UA_2020-06-19-m0.u133.p8.sent1	За-204	UKRAINIAN
ParlaMint-UA_2020-06-19-m0.u133.p9.sent1	Дякую.	UKRAINIAN
ParlaMint-UA_2020-06-19-m0.u133.p9.sent2	За – 204.	UKRAINIAN
ParlaMint-UA_2020-06-19-m0.u133.p9.sent3	Рішення прийнято.	UKRAINIAN
ParlaMint-UA_2020-06-19-m0.u133.p10.sent1	Слово для доповіді надається голові Комітету з питань здоров’я нації, медичної допомоги та медичного страхування Радуцькому Михайлу Борисовичу.	UKRAINIAN
ParlaMint-UA_2020-06-19-m0.u133.p10.sent2	4 хвилини дайте і від авторів.	UKRAINIAN
ParlaMint-UA_2020-06-19-m0.u133.p10.sent3	2 достатньо?	UKRAINIAN
ParlaMint-UA_2020-06-19-m0.u133.p10.sent4	2 хвилини.	UKRAINIAN
ParlaMint-UA_2020-06-19-m0.u134.p1.sent1	Шановний головуючий, шановні колеги, вашій увазі пропонується проект Закону про внесення змін до розділу ІІ "Прикінцеві положення" Закону України "Про внесення змін до деяких законів України щодо забезпечення лікування коронавірусної хвороби (COVID-19)" (щодо продовження строку дії у зв’язку із загрозою зростання захворюваності населення на коронавірусну хворобу (COVID-19) (реєстраційний номер 3636), авторами якого є представники всіх без виключення фракцій та груп парламенту.	UKRAINIAN
ParlaMint-UA_2020-06-19-m0.u134.p2.sent1	Нагадаю, колеги, що у березні як реакція на епідемію COVID-19 в Україні ми разом з вами прийняли Закон 539.	UKRAINIAN
ParlaMint-UA_2020-06-19-m0.u134.p2.sent2	Цей закон, опираючись на світовий досвід боротьби з пандемією, дозволив так зване використання препаратів off-label use для лікування коронавірусної хвороби.	UKRAINIAN
ParlaMint-UA_2020-06-19-m0.u134.p2.sent3	Сьогодні багато пацієнтів вже отримують таке лікування.	UKRAINIAN
ParlaMint-UA_2020-06-19-m0.u134.p2.sent4	Але закон втрачає чинність з 01.07.2020 року.	UKRAINIAN
ParlaMint-UA_2020-06-19-m0.u134.p2.sent5	Фактично з 1 липня такі пацієнти не зможуть отримувати відповідні ліки, і це може призвести до катастрофічних наслідків.	UKRAINIAN
ParlaMint-UA_2020-06-19-m0.u134.p3.sent1	Цим законопроектом пропонується продовжити дію Закону 539 щодо використання препаратів off-label use до 1 січня 2021 року.	UKRAINIAN
ParlaMint-UA_2020-06-19-m0.u134.p3.sent2	Законопроект підтриманий всіма фракціями парламенту, а Верховна Рада України визначила його невідкладним.	UKRAINIAN
ParlaMint-UA_2020-06-19-m0.u134.p4.sent1	Головне науково-експертне управління Верховної Ради також підтримує необхідність прийняття законопроекту.	UKRAINIAN
ParlaMint-UA_2020-06-19-m0.u134.p4.sent2	Комітет з питань здоров’я нації, медичної допомоги та медичного страхування рекомендує Верховній Раді України проект закону реєстраційний номер 3636 за результатами розгляду у першому читанні прийняти за основу та в цілому як закон, доручивши комітету спільно з Головним юридичним управлінням здійснити техніко-юридичне опрацювання.	UKRAINIAN
ParlaMint-UA_2020-06-19-m0.u134.p5.sent1	Прошу підтримати пропозицію комітету.	UKRAINIAN
ParlaMint-UA_2020-06-19-m0.u135.p1.sent1	Запишіться, будь ласка, два – за, два – проти від депутатських фракцій та груп.	UKRAINIAN
ParlaMint-UA_2020-06-19-m0.u135.p2.sent1	Зінкевич Яна Вадимівна.	UKRAINIAN
ParlaMint-UA_2020-06-19-m0.u136.p1.sent1	Ірині Геращенко прошу передати слово.	UKRAINIAN
ParlaMint-UA_2020-06-19-m0.u137.p1.sent1	Ще раз?	RUSSIAN
ParlaMint-UA_2020-06-19-m0.u137.p2.sent1	Геращенко Ірина Володимирівна.	UKRAINIAN
ParlaMint-UA_2020-06-19-m0.u138.p1.sent1	Шановні українці, на жаль, ми бачимо надзвичайно тривожну статистику: щодня кількість хворих на COVID збільшується.	UKRAINIAN
ParlaMint-UA_2020-06-19-m0.u138.p1.sent2	І це говорить про кілька проблем.	UKRAINIAN
ParlaMint-UA_2020-06-19-m0.u138.p2.sent1	Перше.	UKRAINIAN
ParlaMint-UA_2020-06-19-m0.u138.p2.sent2	Влада програла боротьбу з пандемією.	UKRAINIAN
ParlaMint-UA_2020-06-19-m0.u138.p3.sent1	Друге.	UKRAINIAN
ParlaMint-UA_2020-06-19-m0.u138.p3.sent2	Влада так і не змогла захистити українських медиків.	UKRAINIAN
ParlaMint-UA_2020-06-19-m0.u138.p4.sent1	Третє.	UKRAINIAN
ParlaMint-UA_2020-06-19-m0.u138.p4.sent2	Влада не змогла забезпечити достатню кількість тестів.	UKRAINIAN
ParlaMint-UA_2020-06-19-m0.u138.p5.sent1	Де 10 мільйонів тестів, які Президент Зеленський обіцяв ще 3 місяці тому зустріти в аеропортах України?	UKRAINIAN
ParlaMint-UA_2020-06-19-m0.u138.p5.sent2	Їх немає.	UKRAINIAN
ParlaMint-UA_2020-06-19-m0.u138.p5.sent3	Де необхідна кількість лабораторій для того, щоби українці, які мають підозру на COVID, не чекали тесту кілька днів?	UKRAINIAN
ParlaMint-UA_2020-06-19-m0.u138.p5.sent4	А зараз іноді до 10 днів потрібно чекати необхідний аналіз проведення необхідного результату.	UKRAINIAN
ParlaMint-UA_2020-06-19-m0.u138.p6.sent1	І, власне, все це говорить, і вважайте наш виступ, "Європейської солідарності", депутатським зверненням, що правоохоронні і силові структури, які сьогодні "кошмарять" опозицію, "кошмарять" бізнес, "кошмарять" кого завгодно, тільки не крадіїв і корупціонерів, мають розібратися, так де ж ці тести, де маски, де захисні костюми.	UKRAINIAN
ParlaMint-UA_2020-06-19-m0.u138.p6.sent2	І в цей час, коли наша політична команда, Петро Порошенко передають в усі регіони України захисні костюми для лікарів, тести, влада, яка сама програла цю битву, ще і забороняє лікарям брати допомогу від Петра Порошенка і від опозиції.	UKRAINIAN
ParlaMint-UA_2020-06-19-m0.u138.p7.sent1	Пару тижнів тому до нас звернулися лікарі з Волновахи.	UKRAINIAN
ParlaMint-UA_2020-06-19-m0.u138.p7.sent2	І коли привезла наша команда їм ці захисні костюми, вони зі сльозами на очах зізналися, що місцевий "князьок" заборонив їх брати.	UKRAINIAN
ParlaMint-UA_2020-06-19-m0.u138.p8.sent1	У Хмельницькому глава області, який разом з Президентом порушували карантин – пили каву там без захисних масок, так само позбирав з лікарів листи, що це не партія "Європейська солідарність" привезла допомогу, а Фонд Порошенка, але не Порошенка.	UKRAINIAN
ParlaMint-UA_2020-06-19-m0.u138.p9.sent1	До якого маразму ви доходите?	RUSSIAN
ParlaMint-UA_2020-06-19-m0.u138.p9.sent2	Ви знаєте, це просто дріб’язкова нікчемна влада, яка не може захистити країну ні він чого, навіть від пандемії.	UKRAINIAN
ParlaMint-UA_2020-06-19-m0.u138.p9.sent3	Тому.	UKRAINIAN
ParlaMint-UA_2020-06-19-m0.u139.p1.sent1	Наливайченко Валентин Олександрович.	UKRAINIAN
ParlaMint-UA_2020-06-19-m0.u140.p1.sent1	Шановний пане Голово, шановні народні депутати, шановні громадяни України!	UKRAINIAN
ParlaMint-UA_2020-06-19-m0.u140.p1.sent2	Зараз привід, обговорюючи цей законопроект, все ж таки взяти і зробити тут і зараз.	UKRAINIAN
ParlaMint-UA_2020-06-19-m0.u140.p1.sent3	Уряд пішов, але мають почути нас, депутатів.	UKRAINIAN
ParlaMint-UA_2020-06-19-m0.u140.p1.sent4	У неділю День медиків в Україні, в нашій з вами країні.	UKRAINIAN
ParlaMint-UA_2020-06-19-m0.u140.p1.sent5	Саме вони на передовій.	UKRAINIAN
ParlaMint-UA_2020-06-19-m0.u140.p1.sent6	То настав час на передову передати, виплатити безумовно і в повному обсязі 300 відсотків надбавки кожному лікарю, кожній санітарці, кожній медичній сестрі і медбрату.	UKRAINIAN
ParlaMint-UA_2020-06-19-m0.u140.p1.sent7	Має бути виконана як для справжніх наших захисників головна функція держави – захистіть, заплатіть і дайте можливість фахово працювати українським медикам.	UKRAINIAN
ParlaMint-UA_2020-06-19-m0.u140.p2.sent1	Друге.	UKRAINIAN
ParlaMint-UA_2020-06-19-m0.u140.p2.sent2	Ми як фракція "Батьківщина" наголошуємо, що європейські країни, зокрема, Німеччина, вже винайшла другу вакцину і її зараз вже більше ніж 200 людей випробовують, і найближчим часом вона з’явиться для громадян Німеччини.	UKRAINIAN
ParlaMint-UA_2020-06-19-m0.u140.p2.sent3	Можливо, настав час уряду нашому підняти можливості, дипломатію українську і увійти швидше в переговори.	UKRAINIAN
ParlaMint-UA_2020-06-19-m0.u140.p2.sent4	Щоб і для громадян України така вакцина потрапила серед перших, для наших з вами громадян.	UKRAINIAN
ParlaMint-UA_2020-06-19-m0.u140.p3.sent1	І третє.	UKRAINIAN
ParlaMint-UA_2020-06-19-m0.u140.p3.sent2	Ми як фракція "Батьківщина" наполягаємо на прозорому і результативному розслідуванні фактів корупції при закупівлі медичних халатів, при закупівлі медичного обладнання, які сталися так само в цьому році.	UKRAINIAN
ParlaMint-UA_2020-06-19-m0.u140.p3.sent3	І до цього часу ні НАБУ, ні ДБР нам не повідомили про жоден результат таких зловживань.	UKRAINIAN
ParlaMint-UA_2020-06-19-m0.u140.p3.sent4	Мільйонні розкрадання на коронавірусі – це злочин проти національної безпеки.	UKRAINIAN
ParlaMint-UA_2020-06-19-m0.u140.p3.sent5	Він має бути розслідуваний і ми маємо дізнатися, хто ж покараний.	UKRAINIAN
ParlaMint-UA_2020-06-19-m0.u140.p4.sent1	Дякую за увагу.	UKRAINIAN
ParlaMint-UA_2020-06-19-m0.u141.p1.sent1	Приходько Борис Вікторович.	UKRAINIAN
ParlaMint-UA_2020-06-19-m0.u142.p1.sent1	Прошу передати слово Сергію Вельможному.	UKRAINIAN
ParlaMint-UA_2020-06-19-m0.u143.p1.sent1	Вельможний.	UKRAINIAN
ParlaMint-UA_2020-06-19-m0.u144.p1.sent1	Сергій Вельможний, Луганщина, депутатська група "Довіра".	UKRAINIAN
ParlaMint-UA_2020-06-19-m0.u144.p1.sent2	Шановні колеги, дивлячись на статистику хворих на коронавірус, стає зрозумілим, що лікарські засоби, які можуть полегшити протікання хвороби, треба закуповувати.	UKRAINIAN
ParlaMint-UA_2020-06-19-m0.u144.p1.sent3	Але було б добре, якщо б МОЗ надало інформацію, які ліки протягом двох місяців дії закону були закуплені і які є лабораторні дослідження щодо їх ефективності.	UKRAINIAN
ParlaMint-UA_2020-06-19-m0.u144.p1.sent4	Тоді парламент зможе прийняти виважене і правильне рішення щодо доцільності продовження дії закону до кінця року.	UKRAINIAN
ParlaMint-UA_2020-06-19-m0.u144.p2.sent1	Прошу вважати мій виступ офіційним депутатським зверненням до Міністерства охорони здоров’я щодо надання інформації про лікарські засоби, які були закуплені протягом квітня-травня цього року, та про лабораторні дослідження, які були проведені щодо ефективності закуплених ліків.	UKRAINIAN
ParlaMint-UA_2020-06-19-m0.u144.p3.sent1	Сьогодні законопроект необхідно підтримувати за основу.	UKRAINIAN
ParlaMint-UA_2020-06-19-m0.u144.p3.sent2	І в другому читанні визначитися лише після отримання відповіді відповідної інформацію від профільного міністерства.	UKRAINIAN
ParlaMint-UA_2020-06-19-m0.u144.p4.sent1	Дякую за увагу.	UKRAINIAN
ParlaMint-UA_2020-06-19-m0.u144.p4.sent2	Сергій Вельможний, депутатська група "Довіра", Луганщина.	UKRAINIAN
ParlaMint-UA_2020-06-19-m0.u145.p1.sent1	Папієв.	UKRAINIAN
ParlaMint-UA_2020-06-19-m0.u145.p1.sent2	Дякую, Сергію Анатолійовичу.	UKRAINIAN
ParlaMint-UA_2020-06-19-m0.u145.p2.sent1	Папієв Михайло.	UKRAINIAN
ParlaMint-UA_2020-06-19-m0.u146.p1.sent1	Дякую.	UKRAINIAN
ParlaMint-UA_2020-06-19-m0.u146.p2.sent1	Прошу передати слово Макаренку Михайлу Васильовичу.	UKRAINIAN
ParlaMint-UA_2020-06-19-m0.u147.p1.sent1	Макаренко Михайло Васильович.	UKRAINIAN
ParlaMint-UA_2020-06-19-m0.u148.p1.sent1	Шановний головуючий, шановні колеги, я вам хочу сказати як лікар, що, поставити чуть-чуть вас, щоб ви знали: етіологію і патогенез коронавірусу ніхто не знає.	UKRAINIAN
ParlaMint-UA_2020-06-19-m0.u148.p1.sent2	Не знають, і даже до цього я вам хочу сказати, де ми спілкуємося, не знають інкубаційний період скільки.	UKRAINIAN
ParlaMint-UA_2020-06-19-m0.u148.p1.sent3	Одні вчені кажуть, неділю, другі – дві неділі, треті – 30 днів.	UKRAINIAN
ParlaMint-UA_2020-06-19-m0.u148.p1.sent4	Але я хочу сказати, да, ми кожен раз ми виступаємо і кажемо.	UKRAINIAN
ParlaMint-UA_2020-06-19-m0.u148.p1.sent5	Але я вам хочу сказати, треба щось робити.	UKRAINIAN
ParlaMint-UA_2020-06-19-m0.u148.p2.sent1	Я піддержую виступаючих до мене, де казали, де наші маски, де наші тести, де це все.	UKRAINIAN
ParlaMint-UA_2020-06-19-m0.u148.p2.sent2	Це все добре.	RUSSIAN
ParlaMint-UA_2020-06-19-m0.u148.p2.sent3	Але я хочу, дуже багато можна казати, але я хочу сказати, що щось треба робити.	UKRAINIAN
ParlaMint-UA_2020-06-19-m0.u148.p2.sent4	І ми приймаємо цей законопроект, де Михайло Борисович Радуцький казав, хоч щось треба робити, щоб якось лікувати.	UKRAINIAN
ParlaMint-UA_2020-06-19-m0.u148.p2.sent5	Да, у нас є дуже багато недоліків.	UKRAINIAN
ParlaMint-UA_2020-06-19-m0.u148.p2.sent6	Дуже багато недоліків.	UKRAINIAN
ParlaMint-UA_2020-06-19-m0.u148.p2.sent7	Я ще вам хочу сказати, як я з вами спілкувався, що я казав, в січні місяці як в Європі це палало, я кажу біля нас, вокруг нашої України якась невідома інфекція, коронавірус так називаємий.	UKRAINIAN
ParlaMint-UA_2020-06-19-m0.u148.p2.sent8	Але ми якось не сосредоточились і не взяли це заувагу і не знали, що біда.	UKRAINIAN
ParlaMint-UA_2020-06-19-m0.u148.p2.sent9	Біда до нас прийшла, і треба робити.	UKRAINIAN
ParlaMint-UA_2020-06-19-m0.u148.p3.sent1	Да, я думаю, що з вами, сумісно з вами ми все зробимо, але треба до нашого Кабінету Міністрів.	UKRAINIAN
ParlaMint-UA_2020-06-19-m0.u148.p3.sent2	Дивіться, ми зробили зміни до бюджету.	UKRAINIAN
ParlaMint-UA_2020-06-19-m0.u148.p3.sent3	70 мільярдів гривень ми дали на коронавірус.	UKRAINIAN
ParlaMint-UA_2020-06-19-m0.u148.p3.sent4	12 мільярдів ми використали, а остальні пустили без нас, без відома Міністерство фінансів і наш профільний, не наш профільний.	UKRAINIAN
ParlaMint-UA_2020-06-19-m0.u149.p1.sent1	Дякую.	UKRAINIAN
ParlaMint-UA_2020-06-19-m0.u149.p2.sent1	Ні, вибачте.	UKRAINIAN
ParlaMint-UA_2020-06-19-m0.u149.p2.sent2	Шановні.	UKRAINIAN
ParlaMint-UA_2020-06-19-m0.u149.p2.sent3	Ми не додаємо час, вибачте.	UKRAINIAN
ParlaMint-UA_2020-06-19-m0.u149.p3.sent1	Шановні колеги, є бажаючі виступити з мотивів?	UKRAINIAN
ParlaMint-UA_2020-06-19-m0.u149.p3.sent2	Будь ласка, запросіть народних депутатів до зали.	UKRAINIAN
ParlaMint-UA_2020-06-19-m0.u149.p4.sent1	Шановні колеги, переходимо до голосування.	UKRAINIAN
ParlaMint-UA_2020-06-19-m0.u149.p4.sent2	Будь ласка, підготуйтесь до голосування.	UKRAINIAN
ParlaMint-UA_2020-06-19-m0.u149.p4.sent3	Одразу хотів би вам повідомити, що цей законопроект комітет рекомендує прийняти за основу і в цілому.	UKRAINIAN
ParlaMint-UA_2020-06-19-m0.u149.p4.sent4	Я хотів би, щоб ви підтримали цю пропозицію.	UKRAINIAN
ParlaMint-UA_2020-06-19-m0.u149.p4.sent5	Тому що, якщо ми вийдемо за 1 липня, то втратимо цю можливість.	UKRAINIAN
ParlaMint-UA_2020-06-19-m0.u149.p4.sent6	Готові голосувати?	UKRAINIAN
ParlaMint-UA_2020-06-19-m0.u149.p5.sent1	Ставлю на голосування пропозицію про прийняття за основу проекту Закону про внесення змін до розділу ІІ "Прикінцеві положення" Закону України "Про внесення змін до деяких законів України щодо забезпечення лікування коронавірусної хвороби (COVID-19)" (щодо продовження строку дії у зв’язку із загрозою зростання захворюваності населення на коронавірусну хворобу (COVID-19) (реєстраційний номер 3636).	UKRAINIAN
ParlaMint-UA_2020-06-19-m0.u149.p6.sent1	Готові голосувати?	UKRAINIAN
ParlaMint-UA_2020-06-19-m0.u149.p6.sent2	Прошу підтримати та проголосувати.	UKRAINIAN
ParlaMint-UA_2020-06-19-m0.u149.p7.sent1	За-309	UKRAINIAN
ParlaMint-UA_2020-06-19-m0.u149.p8.sent1	Рішення прийнято.	UKRAINIAN
ParlaMint-UA_2020-06-19-m0.u149.p9.sent1	Ставлю на голосування пропозицію про прийняття в цілому з необхідними техніко-юридичними правками проект Закону про внесення змін до розділу ІІ "Прикінцеві положення" Закону України "Про внесення змін до деяких законів України щодо забезпечення лікування коронавірусної хвороби (COVID-19)" (щодо продовження строку дії у зв’язку із загрозою зростання захворюваності населення на коронавірусну хворобу (COVID-19) (реєстраційний номер 3636).	UKRAINIAN
ParlaMint-UA_2020-06-19-m0.u149.p9.sent2	Прошу підтримати та проголосувати.	UKRAINIAN
ParlaMint-UA_2020-06-19-m0.u149.p10.sent1	За-311	UKRAINIAN
ParlaMint-UA_2020-06-19-m0.u149.p11.sent1	Рішення прийнято.	UKRAINIAN
ParlaMint-UA_2020-06-19-m0.u149.p11.sent2	Дякую, шановні колеги.	UKRAINIAN
ParlaMint-UA_2020-06-19-m0.u149.p12.sent1	Железняк Ярослав Іванович.	UKRAINIAN
ParlaMint-UA_2020-06-19-m0.u150.p1.sent1	Шановний пане Голово, шановні колеги!	UKRAINIAN
ParlaMint-UA_2020-06-19-m0.u150.p1.sent2	Ви знаєте, ми вчора проголосували за складання мандата нашої колеги Ольги Бєлькової, але вона залишила нам в спадщину цей важливий законопроект 2284.	UKRAINIAN
ParlaMint-UA_2020-06-19-m0.u150.p1.sent3	Він стоїть в порядку денному, про фінансові інструменти, ми його не могли прийняти 10 років.	UKRAINIAN
ParlaMint-UA_2020-06-19-m0.u150.p1.sent4	Тому велике прохання, якщо можна, його підняти сьогодні і прийняти цей закон, і закінчити наш пленарний тиждень на цій позитивній ноті.	UKRAINIAN
ParlaMint-UA_2020-06-19-m0.u150.p2.sent1	Дякую.	UKRAINIAN
ParlaMint-UA_2020-06-19-m0.u151.p1.sent1	Хто буде проти?	UKRAINIAN
ParlaMint-UA_2020-06-19-m0.u151.p1.sent2	Раз, два.	RUSSIAN
ParlaMint-UA_2020-06-19-m0.u151.p1.sent3	Ви будете наполягати на правках?	UKRAINIAN
ParlaMint-UA_2020-06-19-m0.u151.p1.sent4	Що Регламент?	RUSSIAN
ParlaMint-UA_2020-06-19-m0.u151.p1.sent5	Регламент ми можемо перенести, якщо 226 голосів буде.	UKRAINIAN
ParlaMint-UA_2020-06-19-m0.u151.p1.sent6	Ви не можете бути "проти" або "за", це зал вирішує.	UKRAINIAN
ParlaMint-UA_2020-06-19-m0.u151.p2.sent1	Давайте проголосуємо зараз за підняття.	UKRAINIAN
ParlaMint-UA_2020-06-19-m0.u151.p2.sent2	Але скажіть, там багато правок?	UKRAINIAN
ParlaMint-UA_2020-06-19-m0.u151.p2.sent3	Шановні колеги, чи хтось буде наполягати на правках?	UKRAINIAN
ParlaMint-UA_2020-06-19-m0.u151.p2.sent4	Ні, точно?	UKRAINIAN
ParlaMint-UA_2020-06-19-m0.u151.p2.sent5	Я можу одразу поставити на голосування?	UKRAINIAN
ParlaMint-UA_2020-06-19-m0.u151.p3.sent1	Ставлю на голосування пропозицію про прийняття в другому читанні та в цілому з необхідними техніко-юридичними правками проект Закону про внесення змін до деяких законодавчих актів України щодо спрощення залучення інвестицій та запровадження нових фінансових інструментів (нова редакція) (реєстраційний номер 2284).	UKRAINIAN
ParlaMint-UA_2020-06-19-m0.u151.p4.sent1	Готові голосувати?	UKRAINIAN
ParlaMint-UA_2020-06-19-m0.u151.p4.sent2	Прошу підтримати та проголосувати.	UKRAINIAN
ParlaMint-UA_2020-06-19-m0.u151.p5.sent1	За-285	UKRAINIAN
ParlaMint-UA_2020-06-19-m0.u151.p6.sent1	Рішення прийнято.	UKRAINIAN
ParlaMint-UA_2020-06-19-m0.u151.p6.sent2	Закон прийнятий в цілому.	UKRAINIAN
ParlaMint-UA_2020-06-19-m0.u151.p7.sent1	Надійшла заява від двох депутатських фракцій та груп про перерву з заміною на виступ.	UKRAINIAN
ParlaMint-UA_2020-06-19-m0.u151.p8.sent1	Лерос Гео Багратович.	UKRAINIAN
ParlaMint-UA_2020-06-19-m0.u152.p1.sent1	Шановні колеги, що зараз відбувається у парламенті?	UKRAINIAN
ParlaMint-UA_2020-06-19-m0.u152.p1.sent2	Представник "Велюр" у парламенті збирає підписи за відставку голови комітету Бабака через те, що він відмовився підтримати кандидатуру на посаду міністра освіти.	UKRAINIAN
ParlaMint-UA_2020-06-19-m0.u152.p1.sent3	Я не розумію, як можна голосувати за цю "відрижку" Табачника, це неприпустимо.	UKRAINIAN
ParlaMint-UA_2020-06-19-m0.u152.p2.sent1	Я звертаюся до своїх колег, я прошу вас згадати, з якою метою ви йшли у парламент.	UKRAINIAN
ParlaMint-UA_2020-06-19-m0.u152.p2.sent2	Ви хочете, щоб вами пишалися ваші діти, ваші рідні і вся держава, але, голосувавши за подібну кандидатуру, це бетонувати себе під поняттям "корупція", який, як кадровий голод, є тільки одна ціль – знайти добре замаскованого корупціонера.	UKRAINIAN
ParlaMint-UA_2020-06-19-m0.u152.p2.sent3	Цього не можна допустити.	UKRAINIAN
ParlaMint-UA_2020-06-19-m0.u152.p3.sent1	А тепер я вам розкажу, чому вибрали саме цю кандидатуру.	UKRAINIAN
ParlaMint-UA_2020-06-19-m0.u152.p3.sent2	Бо ректори київських вузів обіцяли підтримати нашу колегу на місцевих виборів на мера Києва.	UKRAINIAN
ParlaMint-UA_2020-06-19-m0.u152.p3.sent3	Ось і є весь договорняк цієї історії.	UKRAINIAN
ParlaMint-UA_2020-06-19-m0.u152.p3.sent4	Я закликаю вас не голосувати, не підписувати під відставку пана Бабака з посади голови комітету.	UKRAINIAN
ParlaMint-UA_2020-06-19-m0.u152.p4.sent1	Дякую.	UKRAINIAN
ParlaMint-UA_2020-06-19-m0.u152.p4.sent2	Слава Україні!	UKRAINIAN
ParlaMint-UA_2020-06-19-m0.u153.p1.sent1	Репліка – Бабак Сергій Віталійович.	UKRAINIAN
ParlaMint-UA_2020-06-19-m0.u154.p1.sent1	Шановні колеги, справді, збиралися підписи, але не дуже розумію за що.	UKRAINIAN
ParlaMint-UA_2020-06-19-m0.u154.p1.sent2	Можливо, за те, що комітет вчора виніс таке рішення, можливо, за те, що я є прихильником збереження зовнішнього незалежного оцінювання або, можливо, за те, що я роблю поступові кроки для того, щоб наша освіта стала більш якісною і наблизилася на міжнародних стандартів нарешті.	UKRAINIAN
ParlaMint-UA_2020-06-19-m0.u154.p2.sent1	Якщо є бажання або хтось справді думає, що я недостойний голова комітету, то прошу виносити постанову в зал і приймайте рішення.	UKRAINIAN
ParlaMint-UA_2020-06-19-m0.u154.p3.sent1	Дякую.	UKRAINIAN
ParlaMint-UA_2020-06-19-m0.u155.p1.sent1	Дякую, Сергій Віталійович.	UKRAINIAN
ParlaMint-UA_2020-06-19-m0.u155.p2.sent1	Шановні колеги, у нас залишилося 3 хвилини, я думаю, що не варто заходити в якісь інші питання.	UKRAINIAN
ParlaMint-UA_2020-06-19-m0.u155.p3.sent1	Не розходьтеся, будь ласка, запити зараз, за деякі з них треба буде проголосувати.	UKRAINIAN
ParlaMint-UA_2020-06-19-m0.u156.p1.sent1	Дякую, Дмитре Олександровичу.	UKRAINIAN
ParlaMint-UA_2020-06-19-m0.u156.p2.sent1	Отже, шановні колеги, протягом пленарного тижня внесено всього 133 депутатських запити.	UKRAINIAN
ParlaMint-UA_2020-06-19-m0.u156.p2.sent2	З них: до Президента України – 3, до органів Верховної Ради – 2, до Кабінету Міністрів – 74, до керівників інших органів державної влади – 49, до керівників підприємств, установ, організацій, розташованих на території України незалежно від їх підпорядкування і форм власності – 5.	UKRAINIAN
ParlaMint-UA_2020-06-19-m0.u156.p3.sent1	Отже, шановні колеги, будь ласка, хвилинку уваги, ми переходимо до голосування.	UKRAINIAN
ParlaMint-UA_2020-06-19-m0.u156.p4.sent1	Надійшло три запити до Президента України.	UKRAINIAN
ParlaMint-UA_2020-06-19-m0.u156.p5.sent1	Ставиться на відкрите поіменне голосування підтримка запиту (групи народних депутатів Павловського, Задорожнього та інших.	UKRAINIAN
ParlaMint-UA_2020-06-19-m0.u156.p5.sent2	Всього 28 депутатів) до Президента України щодо вирішення житлової проблеми мешканців бараків у місті Вишневе Київського області.	UKRAINIAN
ParlaMint-UA_2020-06-19-m0.u156.p6.sent1	Прошу підтримати і проголосувати.	UKRAINIAN
ParlaMint-UA_2020-06-19-m0.u157.p1.sent1	Готові голосувати?	UKRAINIAN
ParlaMint-UA_2020-06-19-m0.u158.p1.sent1	Так, прошу голосувати.	UKRAINIAN
ParlaMint-UA_2020-06-19-m0.u158.p2.sent1	За-293	UKRAINIAN
ParlaMint-UA_2020-06-19-m0.u158.p3.sent1	Рішення прийнято.	UKRAINIAN
ParlaMint-UA_2020-06-19-m0.u158.p4.sent1	Тому ставиться на голосування рішення про направлення попередньо підтриманого цього депутатського запиту до Президента України.	UKRAINIAN
ParlaMint-UA_2020-06-19-m0.u158.p5.sent1	Прошу голосувати.	UKRAINIAN
ParlaMint-UA_2020-06-19-m0.u158.p6.sent1	За-292	UKRAINIAN
ParlaMint-UA_2020-06-19-m0.u158.p7.sent1	Рішення прийнято.	UKRAINIAN
ParlaMint-UA_2020-06-19-m0.u158.p7.sent2	Всього за – 292 народні депутати.	UKRAINIAN
ParlaMint-UA_2020-06-19-m0.u158.p7.sent3	Дякую.	UKRAINIAN
ParlaMint-UA_2020-06-19-m0.u158.p8.sent1	Наступний.	UKRAINIAN
ParlaMint-UA_2020-06-19-m0.u158.p8.sent2	Ставиться на поіменне відкрите голосування підтримка запиту Наталії Королевської та Юрія Солода до Президента України щодо виконання рішень Конституційного Суду України, якими поновлено порушені права громадян у сфері соціального захисту населення.	UKRAINIAN
ParlaMint-UA_2020-06-19-m0.u158.p9.sent1	Прошу визначатись, голосувати.	UKRAINIAN
ParlaMint-UA_2020-06-19-m0.u158.p10.sent1	За-192	UKRAINIAN
ParlaMint-UA_2020-06-19-m0.u158.p11.sent1	Рішення прийнято.	UKRAINIAN
ParlaMint-UA_2020-06-19-m0.u158.p11.sent2	Всього 192.	UKRAINIAN
ParlaMint-UA_2020-06-19-m0.u158.p12.sent1	Тому прошу, ставиться на голосування рішення про направлення попередньо підтриманого цього депутатського запиту до Президента України.	UKRAINIAN
ParlaMint-UA_2020-06-19-m0.u158.p13.sent1	Прошу голосувати.	UKRAINIAN
ParlaMint-UA_2020-06-19-m0.u158.p14.sent1	За-227	UKRAINIAN
ParlaMint-UA_2020-06-19-m0.u158.p15.sent1	Рішення прийнято.	UKRAINIAN
ParlaMint-UA_2020-06-19-m0.u158.p15.sent2	Всього – 227 народних депутатів.	UKRAINIAN
ParlaMint-UA_2020-06-19-m0.u158.p16.sent1	Будь ласка, по фракціях покажіть.	UKRAINIAN
ParlaMint-UA_2020-06-19-m0.u158.p16.sent2	Дякую.	UKRAINIAN
ParlaMint-UA_2020-06-19-m0.u158.p17.sent1	І останній запит на ім’я Президента ставиться на відкрите поіменне голосування підтримка запиту Сергія Демченка до Президента України щодо скасування указів Президента України про ліквідацію місцевих судів та утворення окружних судів.	UKRAINIAN
ParlaMint-UA_2020-06-19-m0.u158.p18.sent1	Прошу голосувати.	UKRAINIAN
ParlaMint-UA_2020-06-19-m0.u158.p19.sent1	За-227	UKRAINIAN
ParlaMint-UA_2020-06-19-m0.u158.p20.sent1	Рішення прийнято.	UKRAINIAN
ParlaMint-UA_2020-06-19-m0.u158.p21.sent1	Отже, ставиться на голосування рішення про направлення попередньо підтриманого цього депутатського запиту до Президента України.	UKRAINIAN
ParlaMint-UA_2020-06-19-m0.u158.p22.sent1	Прошу голосувати.	UKRAINIAN
ParlaMint-UA_2020-06-19-m0.u158.p23.sent1	За-225	UKRAINIAN
ParlaMint-UA_2020-06-19-m0.u158.p24.sent1	На жаль, рішення не прийнято.	UKRAINIAN
ParlaMint-UA_2020-06-19-m0.u158.p25.sent1	Можемо спробувати ще раз.	UKRAINIAN
ParlaMint-UA_2020-06-19-m0.u158.p25.sent2	Ні, шановні колеги, наступного разу.	UKRAINIAN
ParlaMint-UA_2020-06-19-m0.u158.p26.sent1	Отже, переходимо до зачитування запитів.	UKRAINIAN
ParlaMint-UA_2020-06-19-m0.u158.p26.sent2	Якщо можна, тишина в залі, тому що це ваші запити.	UKRAINIAN
ParlaMint-UA_2020-06-19-m0.u158.p27.sent1	Отже, запити народних депутатів.	UKRAINIAN
ParlaMint-UA_2020-06-19-m0.u158.p28.sent1	Миколи Задорожнього до голови Сумської обласної державної адміністрації щодо заходів виявлення та припинення незаконного видобутку деревинного вугілля.	UKRAINIAN
ParlaMint-UA_2020-06-19-m0.u158.p29.sent1	Олега Кулініча до Прем’єр-міністра України, тимчасово виконуючої обов’язки міністра енергетики України, голови Національної поліції щодо здійснення державного регулювання у сферах енергетики та комунальних послуг щодо вирішення проблеми оплати вартості доступу до інфраструктури об’єкта електроенергетики для розміщення електричних мереж та/або іншого інженерного обладнання.	UKRAINIAN
ParlaMint-UA_2020-06-19-m0.u158.p30.sent1	Сергія Мінька до Прем’єр-міністра України щодо необхідності врегулювання механізму реалізації статті 46-1 Закону України "Про нотаріат".	UKRAINIAN
ParlaMint-UA_2020-06-19-m0.u158.p31.sent1	Юлії Клименко до міністра інфраструктури України, виконуючого обов’язки голови правління Акціонерного товариства "Українська залізниця" щодо продовження маршруту пасажирського поїзду до залізничної станції Попасна.	UKRAINIAN
ParlaMint-UA_2020-06-19-m0.u158.p32.sent1	Михайла Крячка до Генерального прокурора про протиправні дії з ЄРДР представниками прокуратури та кримінальні правопорушення Федорова І.С.	UKRAINIAN
ParlaMint-UA_2020-06-19-m0.u158.p33.sent1	Олександра Ткаченка та Івана Шинкаренка до Державної екологічної інспекції України стосовно вжиття дієвих заходів для забезпечення належної діяльності Національного природного парку "Тузловські лимани".	UKRAINIAN
ParlaMint-UA_2020-06-19-m0.u158.p34.sent1	Олександра Ткаченка до Міністерства фінансів України щодо вжиття заходів для забезпечення видатків для оплати праці працівників районних державних адміністрацій Одеської області.	UKRAINIAN
ParlaMint-UA_2020-06-19-m0.u158.p35.sent1	Олександра Ткаченка до Кабінету Міністрів України щодо необхідності вдосконалення медичної реформи та вирішення нагальних питань закладів охорони здоров’я Кілійської міської об’єднаної територіальної громади.	UKRAINIAN
ParlaMint-UA_2020-06-19-m0.u158.p36.sent1	Івана Шинкаренка та Олександра Ткаченка до Кабінету Міністрів України стосовно вжиття дієвих заходів для створення належних умов для проживання людей і провадження господарської та інших видів діяльності на острові Зміїний і континентальному шельфі.	UKRAINIAN
ParlaMint-UA_2020-06-19-m0.u158.p37.sent1	Олександра Куницького та Олександра Дубінського до міністра фінансів України щодо надання народним депутатам України завідомо неправдивої інформації виконуючим обов’язків керівника Одеської митниці Олегом Погореловським під час колегії Держмитслужби 5 червня 2020 року.	UKRAINIAN
ParlaMint-UA_2020-06-19-m0.u158.p38.sent1	Юлії Тимошенко до Прем’єр-міністра України щодо скасування Постанови Кабінету Міністрів України № 191, якою передбачається суттєве збільшення розміру плати за навчання для здобуття вищої освіти.	UKRAINIAN
ParlaMint-UA_2020-06-19-m0.u158.p39.sent1	Михайла Бондаря до Голови Верховної Ради України щодо обмеження доступу до державної таємниці народних депутатів фракції політичної партії "Опозиційна платформа – За життя".	UKRAINIAN
ParlaMint-UA_2020-06-19-m0.u158.p40.sent1	Михайла Бондаря до голови Комітету Верховної Ради України з питань організації державної влади, місцевого самоврядування, регіонального розвитку та містобудування щодо визначення в переліку районів Львівської області Бродівського району з адміністративним центром у місті Броди.	UKRAINIAN
ParlaMint-UA_2020-06-19-m0.u158.p41.sent1	Групи народних депутатів (Южаніної, Іонової та інших.	UKRAINIAN
ParlaMint-UA_2020-06-19-m0.u158.p41.sent2	Всього 10 депутатів) до міністра внутрішніх справ України щодо надання актуальної інформації щодо протоколів про адміністративні правопорушення, складених за порушення статті 443 КУпАП та статті 325 КК України.	UKRAINIAN
ParlaMint-UA_2020-06-19-m0.u158.p42.sent1	Групи народних депутатів (Герасимова, Саврасова та інших.	UKRAINIAN
ParlaMint-UA_2020-06-19-m0.u158.p42.sent2	Всього 10 депутатів) до міністра інфраструктури України, голови Державного агентства автомобільних доріг України щодо надання додаткової інформації про стан реалізації "Національного проекту "Велике будівництво".	UKRAINIAN
ParlaMint-UA_2020-06-19-m0.u158.p43.sent1	Ірини Геращенко та Марії Іонової до Тернопільського міського голови, голови Тернопільської обласної державної адміністрації щодо окремих питань забезпечення соціального захисту учасника АТО/ООС Кодьмана О.С.	UKRAINIAN
ParlaMint-UA_2020-06-19-m0.u158.p44.sent1	Юрія Бойка до Прем’єр-міністра України щодо вирішення проблеми конкурентоспроможності продукції вітчизняних підприємств гірничо-металургійного комплексу та вжиття невідкладних заходів на захист вітчизняних виробників сталеливарної продукції.	UKRAINIAN
ParlaMint-UA_2020-06-19-m0.u158.p45.sent1	Тетяни Плачкової до тимчасово виконуючої обов’язки міністра енергетики України, міністра інфраструктури України, Прем’єр-міністра України про необхідність налагодження взаємодії державного підприємства "Адміністрація морських портів України" та Державної екологічної інспекції із забезпечення дотримання законодавства про охорону навколишнього природного середовища у разі виявлення випадків скидання суднами забруднюючих речовин у межах акваторії морського порту.	UKRAINIAN
ParlaMint-UA_2020-06-19-m0.u158.p46.sent1	Володимира Ар’єва до голови Державної податкової служби України щодо надання інформації про розмір податків на доходи фізичних осіб, сплачених Президентом України Зеленським В.О. та його дружиною Зеленською О.В. протягом 2014-2018 років.	UKRAINIAN
ParlaMint-UA_2020-06-19-m0.u158.p47.sent1	Зіновія Андрійовича до Прем’єр-міністра України щодо невідкладного ремонту зруйнованого моста на відрізку дороги Надвірна-Ланчин в селі Красна Надвірнянського району Івано-Франківської області.	UKRAINIAN
ParlaMint-UA_2020-06-19-m0.u158.p48.sent1	Валерія Колюха до Прем’єр-міністра України щодо розроблення державної цільової програми забезпечення пожежної безпеки та фінансування протипожежних заходів в освітніх закладах України.	UKRAINIAN
ParlaMint-UA_2020-06-19-m0.u158.p49.sent1	Ярослава Юрчишина до Міністерства внутрішніх справ України, Національної поліції України щодо нападу на журналіста.	UKRAINIAN
ParlaMint-UA_2020-06-19-m0.u158.p50.sent1	Олександра Бакумова до голови Антимонопольного комітету України, Харківського міського голови, голови Державної аудиторської служби України, Голови Рахункової палати, голови Національної поліції щодо можливих зловживань та порушень законодавства під час проведення публічних закупівель Комунальним підприємством "Харківський метрополітен".	UKRAINIAN
ParlaMint-UA_2020-06-19-m0.u158.p51.sent1	Олександра Абдулліна до Прем’єр-міністра України щодо необґрунтованих та поспішних намірів Кабінету Міністрів ліквідувати Дубровицький район Рівненської області, що не враховує рівень та доступність надання послуг населенню, організаційну спроможність районних органів влади надавати населенню закріплені за ними законодавством адміністративні послуги належної якості, шляхове сполучення, інфраструктурну потужність адміністративного центру та значно погіршує рівень життя жителів цього радіаційно забрудненого району півночі Рівненщини.	UKRAINIAN
ParlaMint-UA_2020-06-19-m0.u158.p52.sent1	Олександра Ткаченка та Івана Шинкаренка до Кабінету Міністрів України стосовно вжиття дієвих заходів для збереження природних комплексів Нижньодністровського національного природнього парку.	UKRAINIAN
ParlaMint-UA_2020-06-19-m0.u158.p53.sent1	Михайла Цимбалюка до міністра у справах ветеранів України, Прем’єр-міністра України щодо відшкодування перевізникам оплати пільгового проїзду.	UKRAINIAN
ParlaMint-UA_2020-06-19-m0.u158.p54.sent1	Ігоря Колихаєва до міністра внутрішніх справ України стосовно дотримання правопорядку та законності в Херсонській області та щодо службової дисципліни окремих осіб Головного управління Національної поліції в Херсонській області.	UKRAINIAN
ParlaMint-UA_2020-06-19-m0.u158.p55.sent1	Ігоря Колихаєва до директора Херсонського обласного центру зайнятості щодо анулювання дозволу на застосування праці іноземців та осіб без громадянства.	UKRAINIAN
ParlaMint-UA_2020-06-19-m0.u158.p56.sent1	Романа Мулика до Голови Служби безпеки України, заступника Генерального прокурора України – керівника Спеціалізованої антикорупційної прокуратури, Директора Національного антикорупційного бюро України, виконувача обов’язків Директора Державного бюро розслідувань щодо перевірки фактів можливого вчинення кримінальних правопорушень з боку посадових осіб Державного підприємства "НАЕК Енергоатом".	UKRAINIAN
ParlaMint-UA_2020-06-19-m0.u158.p57.sent1	Олега Колєва до міністра внутрішніх справ України щодо законності розміщення біля житлового будинку за адресою: м. Одеса, вул. ЦАП, 5 МАФу, шашличної.	UKRAINIAN
ParlaMint-UA_2020-06-19-m0.u158.p58.sent1	Сергія Льовочкіна до Прем’єр-міністра України щодо погіршення виконання дохідної частини державного бюджету.	UKRAINIAN
ParlaMint-UA_2020-06-19-m0.u158.p59.sent1	Тараса Батенка до Львівського міського голови щодо відтермінування процесу гідравлічних випробувань теплових мереж до завершення проведення карантинних заходів проти коронавірусної інфекції у місті Львові.	UKRAINIAN
ParlaMint-UA_2020-06-19-m0.u158.p60.sent1	Тараса Батенка до виконувача обов’язків міністра освіти і науки України, Прем’єр-міністра України щодо забезпечення молоком та молочними продуктами усіх школярів у загальноосвітніх закладах.	UKRAINIAN
ParlaMint-UA_2020-06-19-m0.u158.p61.sent1	Наталії Піпи до Львівського міського голови щодо конкурсів на посади керівників закладів середньої освіти у місті Львові.	UKRAINIAN
ParlaMint-UA_2020-06-19-m0.u158.p62.sent1	Наталії Піпи до міського голови міста Винники щодо надання копій документів та інформації стосовно Винниківського озера та землі поблизу нього.	UKRAINIAN
ParlaMint-UA_2020-06-19-m0.u158.p63.sent1	Ірини Констанкевич до міністра охорони здоров’я України, Прем’єр-міністра України щодо забезпечення державного фінансування лікування громадян з орфанними (рідкісними) захворюваннями.	UKRAINIAN
ParlaMint-UA_2020-06-19-m0.u158.p64.sent1	Ірини Констанкевич до Прем’єр-міністра України щодо надання дозволу на розробку проекту землеустрою щодо відведення земельної ділянки у селі Прилісне Маневицького району Волинської області.	UKRAINIAN
ParlaMint-UA_2020-06-19-m0.u158.p65.sent1	Юрія Здебського до Прем’єр-міністра України щодо надання інформації про стан інженерно-технічного облаштування та утримання державного кордону.	UKRAINIAN
ParlaMint-UA_2020-06-19-m0.u158.p66.sent1	Юрія Павленка до міністра охорони здоров’я України, Прем’єр-міністра України про неправомірні дії Кабінету Міністрів України та Міністерства охорони здоров’я України з питань створення пріоритету усиновлення іноземцями дітей-громадян України.	UKRAINIAN
ParlaMint-UA_2020-06-19-m0.u158.p67.sent1	Романа Лозинського до міністра розвитку громад та територій України щодо недотримання методики формування об’єднаних територіальних громад.	UKRAINIAN
ParlaMint-UA_2020-06-19-m0.u158.p68.sent1	Сергія Мандзія до Прем’єр-міністра України щодо необхідності виділення додаткових коштів для капітального ремонту автомобільної дороги Левківка - Йосипівка, що проходить територією Старокостянтинівського району Хмельницької області.	UKRAINIAN
ParlaMint-UA_2020-06-19-m0.u158.p69.sent1	Юрія Бойка та Юрія Павленка до Прем’єр-міністра України, голови Житомирської обласної державної адміністрації, міністра розвитку громад та територій України про незгоду депутатів Андрушівської районної ради Житомирської області з пропозиціями Уряду до проекту постанови Верховної Ради України про утворення та ліквідацію районів в усіх областях України.	UKRAINIAN
ParlaMint-UA_2020-06-19-m0.u158.p70.sent1	Наталії Королевської до Прем’єр-міністра України щодо ненадання відповідей на чотири депутатські звернення, адресованих Прем’єр-міністру України.	UKRAINIAN
ParlaMint-UA_2020-06-19-m0.u158.p71.sent1	Владлена Неклюдова до голови Київської міської державної адміністрації щодо надання інформації стосовно пільг, виплат та інших компенсацій особам, визнаним потерпілими від репресій.	UKRAINIAN
ParlaMint-UA_2020-06-19-m0.u158.p72.sent1	Віктора Медведчука та Василя Німченка до Прем’єр-міністра України щодо надання правового обґрунтування стосовно конституційності та законності дій Кабінету Міністрів України, посадових осіб з укладення Угоди про отримання державою позики від Міжнародного валютного фонду без затвердження цього рішення Верховною Радою України та надання відповідних документів.	UKRAINIAN
ParlaMint-UA_2020-06-19-m0.u158.p73.sent1	Групи народних депутатів (Медведчука, Німченка, Макаренка) до Прем’єр-міністра України щодо вжиття невідкладних заходів для унеможливлення закриття медичного закладу, який обслуговує Іркліївську територіальну громаду Чорнобаївського району Черкаської області, та забезпечення реалізації конституційних прав громадян на охорону здоров’я та медичну допомогу.	UKRAINIAN
ParlaMint-UA_2020-06-19-m0.u158.p74.sent1	Юрія Павленка до міністра внутрішніх справ України, Генерального прокурора про дотримання діючого кримінально-процесуального законодавства слідчим та процесуальним керівником у кримінальному провадженні щодо смерті дитини.	UKRAINIAN
ParlaMint-UA_2020-06-19-m0.u158.p75.sent1	Ірини Геращенко та Марії Іонової до міністра соціальної політики України, голови правління Пенсійного фонду, Уповноваженого Верховної Ради України з прав дитини.	UKRAINIAN
ParlaMint-UA_2020-06-19-m0.u158.p75.sent2	людини щодо проблемних питань пенсійного забезпечення Сизоновича О.І.	UKRAINIAN
ParlaMint-UA_2020-06-19-m0.u158.p76.sent1	Анастасії Ляшенко до Прем’єр-міністра України щодо підтримки будівництва приватних сонячних і вітроелектростанцій у приватних домогосподарствах.	UKRAINIAN
ParlaMint-UA_2020-06-19-m0.u158.p77.sent1	Анастасії Ляшенко до голови Полтавської обласної державної адміністрації, голови Полтавської обласної ради щодо відновлення реалізації лікарських засобів, що містять наркотичні засоби, психотропні речовини, для онкохворих осіб у аптеках Великобагачанського, Лубенського, Оржицького, Семенівського та Хорольського районів Полтавської області, а також відновлення діяльності ПОКП "ПОЛТАВАФАРМ" в повному обсязі.	UKRAINIAN
ParlaMint-UA_2020-06-19-m0.u158.p78.sent1	Миколи Задорожнього до Прем’єр-міністра України щодо невідкладного вирішення заходів, направлених на питання збереження у мікрорайоні міста Охтирка відділення "Ощадбанку".	UKRAINIAN
ParlaMint-UA_2020-06-19-m0.u158.p79.sent1	Володимира Іванова до Прем’єр-міністра України, міністра фінансів України, міністра охорони здоров’я України, голови Херсонської обласної державної адміністрації, голови Херсонської обласної ради щодо забезпечення лікування онкологічних захворювань у Херсонській області.	UKRAINIAN
ParlaMint-UA_2020-06-19-m0.u158.p80.sent1	Володимира Іванова до Прем’єр-міністра України, міністра юстиції України, голови Херсонської обласної державної адміністрації щодо забезпечення належного функціонування філії Державної установи "Центр пробації" в Херсонській області.	UKRAINIAN
ParlaMint-UA_2020-06-19-m0.u158.p81.sent1	Ігоря Гузя до голови Фонду державного майна України щодо планів Фонду державного майна України по приватизації Шахти № 10 "Нововолинська".	UKRAINIAN
ParlaMint-UA_2020-06-19-m0.u158.p82.sent1	Ігоря Гузя до Прем’єр-міністра України, тимчасово виконуючої обов’язки голови Національної служби здоров’я України про необхідність дофінансування лікувальних закладів вторинної медичної допомоги міста Володимира-Волинська.	UKRAINIAN
ParlaMint-UA_2020-06-19-m0.u158.p83.sent1	Володимира Арешонкова до Прем’єр-міністра України щодо ухвалення необхідних нормативних документів для розблокування питання оренди державної і комунальної власності.	UKRAINIAN
ParlaMint-UA_2020-06-19-m0.u158.p84.sent1	Володимира Арешонкова до голови Державної служби України з питань геодезії, картографії та кадастру про роз’яснення відносно порядку розробки проектів землеустрою щодо зміни цільового призначення земельної ділянки, яка має кадастровий номер і сформована до 2017 року.	UKRAINIAN
ParlaMint-UA_2020-06-19-m0.u158.p85.sent1	Сергія Штепи до міністра інфраструктури України щодо бездіяльності Укртрансбезпеки у сфері габаритно-вагового контролю вантажних автомобілів, яка ставить під загрозу успішне виконання національного проєкту "Велике будівництво".	UKRAINIAN
ParlaMint-UA_2020-06-19-m0.u158.p86.sent1	Ярослава Дубневича до Прем’єр-міністра України щодо вирішення питання фінансування незавершеного будівництва об’єктів соціальної інфраструктури.	UKRAINIAN
ParlaMint-UA_2020-06-19-m0.u158.p87.sent1	Ярослава Дубневича до міністра розвитку громад та територій України, голови Львівської обласної державної адміністрації щодо надання субвенції з державного бюджету місцевим бюджетам на здійснення заходів щодо соціально-економічного розвитку окремих територій Городоцькому районному бюджету.	UKRAINIAN
ParlaMint-UA_2020-06-19-m0.u158.p88.sent1	Анатолія Костюха до міністра розвитку громад та територій України щодо переформатування ряду об’єднаних територіальних громад Закарпатської області.	UKRAINIAN
ParlaMint-UA_2020-06-19-m0.u158.p89.sent1	Анатолія Костюха до голови Закарпатської обласної державної адміністрації щодо комплексної протипаводкової програми "Тиса".	UKRAINIAN
ParlaMint-UA_2020-06-19-m0.u158.p90.sent1	Антона Полякова до міністра розвитку громад та територій України щодо виділення для проведення капітального ремонту КЛПЗ "Чернігівський обласний онкологічний диспансер" субвенції з державного бюджету місцевим бюджетам на здійснення заходів щодо соціально-економічного розвитку території.	UKRAINIAN
ParlaMint-UA_2020-06-19-m0.u158.p91.sent1	Антона Полякова до міністра розвитку громад та територій України щодо виділення для закупівлі обладнання КНП "Чернігівський обласний центр крові" субвенції з державного бюджету місцевим бюджетам на здійснення заходів щодо соціально-економічного розвитку території.	UKRAINIAN
ParlaMint-UA_2020-06-19-m0.u158.p92.sent1	Антона Полякова до голови Державної служби геології та надр України щодо належного погодження проекту "Розчищення русла річки Десна на території Чернігівської міської ради та Чернігівського району 1-а черга".	UKRAINIAN
ParlaMint-UA_2020-06-19-m0.u158.p93.sent1	Олександра Ткаченка та Івана Шинкаренка до Міністерства юстиції України стосовно вжиття дієвих заходів для виконання судового рішення.	UKRAINIAN
ParlaMint-UA_2020-06-19-m0.u158.p94.sent1	Олександра Ткаченка та Івана Шинкаренка до Міністерства юстиції України стосовно необхідності вжиття відповідних заходів для захисту прав неповнолітньої дитини.	UKRAINIAN
ParlaMint-UA_2020-06-19-m0.u158.p95.sent1	Володимира Кабаченка до міністра охорони здоров’я України, міністра соціальної політики України, міністра фінансів України стосовно питання захворілих медичних працівників на коронавірусну хворобу COVID-19 та компенсацій і страхових виплатах медичним працівникам.	UKRAINIAN
ParlaMint-UA_2020-06-19-m0.u158.p96.sent1	Володимира В’ятровича до міністра розвитку громад та територій України щодо грубого порушення норм Закону України "Про архітектурну діяльність" та Закону України "Про регулювання містобудівної діяльності" забудовником земельних ділянок по вулиці Лесі Українки в місті Ворзель Київської області.	UKRAINIAN
ParlaMint-UA_2020-06-19-m0.u158.p97.sent1	Івана Шинкаренка та Олександра Ткаченка до Кабінету Міністрів України стосовно вжиття дієвих заходів для вирішення нагальних соціально-економічних питань.	UKRAINIAN
ParlaMint-UA_2020-06-19-m0.u158.p98.sent1	Наталії Піпи до голови Державної служби України з питань геодезії, картографії та кадастру щодо незаконних відмов Головного управління Держгеокадастру у Волинській області виділенні ветеранам війни землі.	UKRAINIAN
ParlaMint-UA_2020-06-19-m0.u158.p99.sent1	Роберта Горвата до Національного наукового центру "Інститут виноградарства і виноробства імені Таїрова" Національної академії аграрних наук України щодо виноградарських зон, виноробних місцевостей та вивчення їх ґрунтово-кліматичних особливостей.	UKRAINIAN
ParlaMint-UA_2020-06-19-m0.u158.p100.sent1	Сергія Литвиненка до Прем’єр-міністра України, голови Національного банку України щодо недопущення закриття відділення АТ "Ощадбанк" в селі Малинськ Березнівського райну, Рівненської області.	UKRAINIAN
ParlaMint-UA_2020-06-19-m0.u158.p101.sent1	Тетяни Плачкової до Прем’єр-міністра України, тимчасово виконуючої обов’язки голови Національної служби здоров’я України, міністра охорони здоров’я України про необхідність відновлення прав працівників системи екстреної медичної допомоги.	UKRAINIAN
ParlaMint-UA_2020-06-19-m0.u158.p102.sent1	Сергія Лабазюка до міністра розвитку громад та територій України, Прем’єр-міністра України щодо фінансування об’єктів регіонального розвитку міста Хмельницького.	UKRAINIAN
ParlaMint-UA_2020-06-19-m0.u158.p103.sent1	Юлії Яцик до Енергодарського міського голови Запорізької області, директора комунального підприємства "Тепловодоканал" Енергодарської міської ради щодо бездіяльності керівництва Енергодарської міської ради та КП "Тепловодоканал" відносно розрахунку та затвердження економічно обґрунтованих тарифів на теплову енергію, її транспортування та постачання, на послуги з централізованого водопостачання та водовідведення.	UKRAINIAN
ParlaMint-UA_2020-06-19-m0.u158.p104.sent1	Юлії Яцик до міністра внутрішніх справ України, начальника Департаменту стратегічних розслідувань Національної поліції України, Генерального прокурора щодо можливого скоєння посадовими особами Енергодарської міської ради та КП "Тепловодоканал" розтрати бюджетних коштів в особливо великому розмірі.	UKRAINIAN
ParlaMint-UA_2020-06-19-m0.u158.p105.sent1	Юлії Яцик до Енергодарського міського голови Запорізької області щодо надання інформації та вжиття заходів.	UKRAINIAN
ParlaMint-UA_2020-06-19-m0.u158.p106.sent1	Павла Мельника до Прем’єр-міністра України, міністра інфраструктури України, тимчасово виконуючого обов’язки голови Державної служби морського та річкового транспорту України щодо врегулювання питання офіційного оформлення пунктів базування для тримання маломірних суден та інших плавзасобів, що здійснюють непромисловий вилов риби у невеликих обсягах та вихід в море з метою прогулянки, шляхом внесення змін до відповідних підзаконних нормативно-правових актів.	UKRAINIAN
ParlaMint-UA_2020-06-19-m0.u158.p107.sent1	Павла Мельника до тимчасово виконуючої обов’язки міністра енергетики України, голови Запорізької обласної державної адміністрації, голови Національної поліції України щодо прийняття термінових заходів реагування стосовно ситуації з отруєнням вод річки Великий Утлюг у Якимівському районі.	UKRAINIAN
ParlaMint-UA_2020-06-19-m0.u158.p108.sent1	Юлії Овчинникової до голови Державної екологічної інспекції України стосовно вжиття невідкладних заходів щодо діяльності КП "Волиньприродресурс".	UKRAINIAN
ParlaMint-UA_2020-06-19-m0.u158.p109.sent1	Юлії Овчинникової до голови Державної служби геології та надр України стосовно вжиття невідкладних заходів щодо ініціювання процедури припинення права користування надрами.	UKRAINIAN
ParlaMint-UA_2020-06-19-m0.u158.p110.sent1	І останній запит у нас Ярослава Железняка до Акціонерного товариства "Київський завод "РАДАР", Державного концерну "Укроборонпром" щодо використання Дитячого закладу оздоровлення та відпочинку санаторного типу "Дружний" в місті Ірпінь.	UKRAINIAN
ParlaMint-UA_2020-06-19-m0.u158.p111.sent1	Шановні колеги, це всі запити на сьогодні.	UKRAINIAN
ParlaMint-UA_2020-06-19-m0.u158.p111.sent2	Ми постаралися їх всі зачитати.	UKRAINIAN
ParlaMint-UA_2020-06-19-m0.u158.p111.sent3	Дякую всім за увагу.	UKRAINIAN
ParlaMint-UA_2020-06-19-m0.u158.p112.sent1	Пане Голово, ви будете продовжувати далі засідання?	UKRAINIAN
ParlaMint-UA_2020-06-19-m0.u158.p112.sent2	Дмитро Олександровичу, ви продовжуєте далі засідання?	UKRAINIAN
ParlaMint-UA_2020-06-19-m0.u159.p1.sent1	Оце швидкість.	UKRAINIAN
ParlaMint-UA_2020-06-19-m0.u159.p1.sent2	Да.	RUSSIAN
ParlaMint-UA_2020-06-19-m0.u159.p1.sent3	Дякую, Олено Костянтинівно.	UKRAINIAN
ParlaMint-UA_2020-06-19-m0.u159.p2.sent1	У мене ще є декілька оголошень.	UKRAINIAN
ParlaMint-UA_2020-06-19-m0.u159.p3.sent1	"Під час голосування 19 червня 2020 року за проект Постанови про призначення Абрамовського міністром захисту довкілля та природних ресурсів України моя кнопка для голосування не спрацювала.	UKRAINIAN
ParlaMint-UA_2020-06-19-m0.u159.p3.sent2	Суркіс Григорій Михайлович".	UKRAINIAN
ParlaMint-UA_2020-06-19-m0.u159.p4.sent1	Наступне питання.	UKRAINIAN
ParlaMint-UA_2020-06-19-m0.u159.p4.sent2	Відповідно до частини третьої статті 60 Закону України "Про Регламент Верховної Ради України" повідомляю про вихід народного депутата України Вакарчука Святослава Івановича із складу депутатської фракції політичної партії "Голос".	UKRAINIAN
ParlaMint-UA_2020-06-19-m0.u159.p5.sent1	Шановні колеги, у нас "Різне".	UKRAINIAN
ParlaMint-UA_2020-06-19-m0.u159.p5.sent2	Будь ласка, запишіться хто бажає виступити, якщо такі є.	UKRAINIAN
ParlaMint-UA_2020-06-19-m0.u159.p5.sent3	Немає?	UKRAINIAN
ParlaMint-UA_2020-06-19-m0.u159.p5.sent4	Може немає?	UKRAINIAN
ParlaMint-UA_2020-06-19-m0.u159.p5.sent5	Гаразд.	UKRAINIAN
ParlaMint-UA_2020-06-19-m0.u159.p5.sent6	Бачите, що там написано "іде запис".	UKRAINIAN
ParlaMint-UA_2020-06-19-m0.u159.p5.sent7	Як запишуться, зразу дам.	UKRAINIAN
ParlaMint-UA_2020-06-19-m0.u159.p6.sent1	Костюк Дмитро Сергійович.	UKRAINIAN
ParlaMint-UA_2020-06-19-m0.u160.p1.sent1	Доброго дня!	UKRAINIAN
ParlaMint-UA_2020-06-19-m0.u160.p1.sent2	Дмитро Костюк, фракція "Слуга народу".	UKRAINIAN
ParlaMint-UA_2020-06-19-m0.u160.p2.sent1	З останніми новинами про місцеві вибори 2020 в Пулинському, Баранівському, Новоград-Волинському та Баранівському районах Житомирської області.	UKRAINIAN
ParlaMint-UA_2020-06-19-m0.u160.p2.sent2	Продовжується набір кандидатів на участь в місцевих виборах.	UKRAINIAN
ParlaMint-UA_2020-06-19-m0.u160.p2.sent3	Набір кандидатів розпочинається на райраду та на старостинські округи.	UKRAINIAN
ParlaMint-UA_2020-06-19-m0.u160.p3.sent1	Який план дій?	UKRAINIAN
ParlaMint-UA_2020-06-19-m0.u160.p3.sent2	В першу чергу кандидатам, які бажають балотуватися від фракції "Слуга народу", чесним і порядним людям, які не мають за собою якихось білих плям в біографії, пропонується заповнити заявку на сайті.	UKRAINIAN
ParlaMint-UA_2020-06-19-m0.u160.p3.sent3	Сайт називається доволі оригінально: Костюк.	UKRAINIAN
ParlaMint-UA_2020-06-19-m0.u160.p3.sent4	Веб-сайт.	RUSSIAN
ParlaMint-UA_2020-06-19-m0.u160.p3.sent5	Після заповнення заявок ми комунікуємо з можливими кандидатами і отримуємо від них автобіографію та такі от якісь окреси майбутньої передвиборчої програми кандидатів.	UKRAINIAN
ParlaMint-UA_2020-06-19-m0.u160.p3.sent6	Також проводимо співбесіду, після якої кандидати роблять деякі домашні завдання.	UKRAINIAN
ParlaMint-UA_2020-06-19-m0.u160.p3.sent7	Зокрема, наприклад, оформлюють депутатські звернення, уявляючи себе вже в ролі депутата міської ради або займаються вирішенням однієї з проблем, яка є в тому чи іншому населеному пункті.	UKRAINIAN
ParlaMint-UA_2020-06-19-m0.u160.p3.sent8	Наприклад, в Новоград-Волинському, в місті обласного значення, велика проблема з об’ємом електроенергії, якої не вистачає, щоби запросити в місто справді потужних інвесторів і відкрити нові підприємства.	UKRAINIAN
ParlaMint-UA_2020-06-19-m0.u160.p4.sent1	Потім після цього всі наші кандидати оприлюднюються у соціальних мережах, і ми отримуємо фідбек по ним, люди мають можливість висловити свою думку про тих чи інших кандидатів, це теж дуже впливає на вибір.	UKRAINIAN
ParlaMint-UA_2020-06-19-m0.u160.p4.sent2	Після цього все одно наші можливі кандидати не стають ще кандидатами від партії на вибори, вони потрапляють до так званої школи за депутата або школи депутата міської ради, в якій вони проходять курс лекцій, тренінгів, спілкування з тими людьми, які справді мають досвід, з колишніми мерами міст, з діючими мерами міст і інших округів, які є в Україні.	UKRAINIAN
ParlaMint-UA_2020-06-19-m0.u160.p4.sent3	І, сподіваюся, що такий фінальний етап цієї школи, і нам коронавірус не завадить, це поїздка до міст, яким вдалося, скажемо так, в ті міста, які є взірцем самоврядування в Україні і переймання їхнього досвіду.	UKRAINIAN
ParlaMint-UA_2020-06-19-m0.u160.p4.sent4	Після цього у нас вже буде сформований пул кандидатів і будемо разом іти проводити виборчу кампанію і перемагати на наступних місцевих виборах, щоб справді нарешті створити справжню владу в Україні, вже незалежну Україну, незалежну України, а не радянську, як було раніше.	UKRAINIAN
ParlaMint-UA_2020-06-19-m0.u160.p5.sent1	Дякую.	UKRAINIAN
ParlaMint-UA_2020-06-19-m0.u161.p1.sent1	Дякую.	UKRAINIAN
ParlaMint-UA_2020-06-19-m0.u161.p2.sent1	Наступним до слова я запрошую пана Павла Мельника, фракція "Слуга народу".	UKRAINIAN
ParlaMint-UA_2020-06-19-m0.u161.p2.sent2	Прошу.	UKRAINIAN
ParlaMint-UA_2020-06-19-m0.u162.p1.sent1	Шановний Голово, шановні народні депутати, дорогі українці.	UKRAINIAN
ParlaMint-UA_2020-06-19-m0.u162.p1.sent2	Цього року курортний сезон стартував пізніше, 10 червня, через введення урядом України обмежувальних заходів, спричинених ризиками і розповсюдженням коронавірусної інфекції.	UKRAINIAN
ParlaMint-UA_2020-06-19-m0.u162.p1.sent3	Щодо старту курортного сезону в умовах адаптивного карантину мною ще у травні спрямовано відповідне депутатське звернення до Прем’єр-міністра України.	UKRAINIAN
ParlaMint-UA_2020-06-19-m0.u162.p1.sent4	Результатом стали офіційне роз’яснення профільним міністерством та внесення змін до нормативно-правових актів, що дозволили розпочати курортний сезон.	UKRAINIAN
ParlaMint-UA_2020-06-19-m0.u162.p2.sent1	Основний дохід місцевих бюджетів під час курортного сезону є надходження коштів від податків, що збираються з суб’єктів господарювання курортної сфери.	UKRAINIAN
ParlaMint-UA_2020-06-19-m0.u162.p2.sent2	Для місцевих мешканців робота цих підприємств надає робочі місця, а для українських громадян – це можливість відпочити на українських курортах влітку 2020 року.	UKRAINIAN
ParlaMint-UA_2020-06-19-m0.u162.p3.sent1	Разом з тим доходи від курортного сезону це є великі надходження до державного бюджету, а для фінансової системи – це зниження валюти за кордон, що знижує тиск на курс гривні.	UKRAINIAN
ParlaMint-UA_2020-06-19-m0.u162.p3.sent2	Зазначу, що цей рік – це рік можливості для розвитку українських курортів, адже більшість туристів на наших курортах – це імпульс для розвитку інфраструктури та покращення сервісу.	UKRAINIAN
ParlaMint-UA_2020-06-19-m0.u162.p4.sent1	На стадії звершення ремонт дороги державного значення Василівка-Бердянськ, що надає можливість з комфортом добратися нашим громадянам на відпочинок до курортів Азовського моря.	UKRAINIAN
ParlaMint-UA_2020-06-19-m0.u162.p4.sent2	За словами Головного санітарного лікаря України, відпочинок на березі моря зміцнює імунітет, що так важливо в умовах боротьби з розповсюдженням коронавірусної інфекції, а відпочинок на курортах Запорізької області безпечний.	UKRAINIAN
ParlaMint-UA_2020-06-19-m0.u162.p5.sent1	Також мною спрямовано депутатське звернення до голови Запорізької обласної державної адміністрації щодо зниження вартості проїзду до курортних населених пунктів.	UKRAINIAN
ParlaMint-UA_2020-06-19-m0.u162.p6.sent1	Президентом України Володимиром Зеленським розпочато програму "Мандруй Україною".	UKRAINIAN
ParlaMint-UA_2020-06-19-m0.u162.p7.sent1	Закликаю всіх мандрувати Україною і запрошуємо відпочивати саме в Україні.	UKRAINIAN
ParlaMint-UA_2020-06-19-m0.u162.p8.sent1	Я хотів би запросити всіх українців відпочити цього року на наших курортах.	UKRAINIAN
ParlaMint-UA_2020-06-19-m0.u162.p8.sent2	Запрошую всіх до курортів Запорізького області, до чудового міста Приморськ, до курортного селища Кирилівка та до курортів Приазов’я.	UKRAINIAN
ParlaMint-UA_2020-06-19-m0.u162.p9.sent1	Дякую всім за увагу.	UKRAINIAN
ParlaMint-UA_2020-06-19-m0.u162.p9.sent2	Відпочивайте в Україні!	UKRAINIAN
ParlaMint-UA_2020-06-19-m0.u163.p1.sent1	Дякуємо дуже вам за виступ.	UKRAINIAN
ParlaMint-UA_2020-06-19-m0.u163.p2.sent1	І я до слова запрошую Володимира Ар’єва, фракція "Європейська солідарність".	UKRAINIAN
ParlaMint-UA_2020-06-19-m0.u163.p2.sent2	Прошу.	UKRAINIAN
ParlaMint-UA_2020-06-19-m0.u164.p1.sent1	Цікаві речі у нас відбуваються із законністю в країні, і таких прикладів стає дедалі більше.	UKRAINIAN
ParlaMint-UA_2020-06-19-m0.u164.p1.sent2	Крім того, що переслідують опозицію, і всі абсолютно справи, які тільки можна, проти неї відкривають, у нас, виявляється, недоторканні сьогодні існують.	UKRAINIAN
ParlaMint-UA_2020-06-19-m0.u164.p1.sent3	У Хмельницькому, наприклад, сьогодні суд не зміг оштрафувати Президента Зеленського за порушення карантину, коли він разом із головою обладміністрації та іншими випили каву в кафе, коли для інших українців все це було недоступно.	UKRAINIAN
ParlaMint-UA_2020-06-19-m0.u164.p1.sent4	А знаєте, чому?	UKRAINIAN
ParlaMint-UA_2020-06-19-m0.u164.p1.sent5	Тому що треба було для судді у Хмельницькому направити питання до Верховного Суду України, чи можна штрафувати пана Зеленського, бо він є недоторканний.	UKRAINIAN
ParlaMint-UA_2020-06-19-m0.u164.p2.sent1	А пам’ятаєте, до речі, нещодавно Зеленський у своїх "відосиках" розповідав про те, що недоторканних більше не існує після ухвалення відповідного закону щодо змін до Конституції, які стосувалися народних депутатів України.	UKRAINIAN
ParlaMint-UA_2020-06-19-m0.u164.p2.sent2	А, виявляється, існують.	UKRAINIAN
ParlaMint-UA_2020-06-19-m0.u164.p2.sent3	А ще я хочу нагадати, що Зеленський обіцяв, що він піде, коли порушить закон.	UKRAINIAN
ParlaMint-UA_2020-06-19-m0.u164.p2.sent4	Але встановити, що людина порушила закон, може тільки суд, а суд недоторканного Зеленського не чіпає.	UKRAINIAN
ParlaMint-UA_2020-06-19-m0.u164.p2.sent5	Знаєте, Кафка відпочиває від таких сюжетів.	UKRAINIAN
ParlaMint-UA_2020-06-19-m0.u164.p3.sent1	А ще у нас є чесний Голова Служби безпеки України, якого теж Зеленський назвав як прикладом.	UKRAINIAN
ParlaMint-UA_2020-06-19-m0.u164.p3.sent2	Так от цей Голова Служби безпеки України чесно незаконно встановив контроль над цивільними авіаперевезеннями протягом карантину.	UKRAINIAN
ParlaMint-UA_2020-06-19-m0.u164.p3.sent3	І Державна авіаційна служба зобов’язана була з боку керівництва СБУ кожен рейс погоджувати зі Службою безпеки України, про що є відповідні документи.	UKRAINIAN
ParlaMint-UA_2020-06-19-m0.u164.p3.sent4	Це незаконно, жодним законом не регламентується втручання СБУ в діяльність цивільної авіації, окрім моніторингу за тероризмом.	UKRAINIAN
ParlaMint-UA_2020-06-19-m0.u164.p3.sent5	Але це відбулося.	UKRAINIAN
ParlaMint-UA_2020-06-19-m0.u164.p3.sent6	І СБУ, і Державна авіаслужба розказують, що це вони робили на виконання указу Зеленського.	UKRAINIAN
ParlaMint-UA_2020-06-19-m0.u164.p3.sent7	І от тут от, до речі, про цю історію я повідомив ДБР, ми подивимося:	UKRAINIAN
ParlaMint-UA_2020-06-19-m0.u164.p3.sent8	ДБР може витрачати державні кошти на абсолютно трешеве, з юридичної точки зору, переслідування опозиції чи може зайнятися чесним Головою СБУ і його шефом Зеленським.	UKRAINIAN
ParlaMint-UA_2020-06-19-m0.u164.p3.sent9	Побачимо, але щось мені підказує, що ми побачимо, що все, як завжди.	UKRAINIAN
ParlaMint-UA_2020-06-19-m0.u164.p4.sent1	Дякую.	UKRAINIAN
ParlaMint-UA_2020-06-19-m0.u165.p1.sent1	Дякую.	UKRAINIAN
ParlaMint-UA_2020-06-19-m0.u165.p2.sent1	Я до слова запрошую Романа Костенко, фракція "Голос".	UKRAINIAN
ParlaMint-UA_2020-06-19-m0.u165.p2.sent2	Будь ласка, пане Роман.	UKRAINIAN
ParlaMint-UA_2020-06-19-m0.u166.p1.sent1	Шановні колеги та шановні громадяни!	UKRAINIAN
ParlaMint-UA_2020-06-19-m0.u167.p1.sent1	Вибачте, будь ласка.	UKRAINIAN
ParlaMint-UA_2020-06-19-m0.u167.p2.sent1	Шановні колеги, будь ласка, чуть-чуть тихіше.	UKRAINIAN
ParlaMint-UA_2020-06-19-m0.u167.p2.sent2	Ваш колега виступає.	UKRAINIAN
ParlaMint-UA_2020-06-19-m0.u167.p3.sent1	Прошу.	UKRAINIAN
ParlaMint-UA_2020-06-19-m0.u168.p1.sent1	Дякую.	UKRAINIAN
ParlaMint-UA_2020-06-19-m0.u168.p2.sent1	Шановні колеги та шановні громадяни!	UKRAINIAN
ParlaMint-UA_2020-06-19-m0.u168.p2.sent2	Я хотів би привернути вашу увагу до питання здійснення парламентського нагляду за діяльністю спецслужб.	UKRAINIAN
ParlaMint-UA_2020-06-19-m0.u168.p2.sent3	Це питання важливе, і зараз є на часі, оскільки нами розпочато комплексну реформу вітчизняних органів розвідки і контррозвідки.	UKRAINIAN
ParlaMint-UA_2020-06-19-m0.u168.p2.sent4	Діяльність цих відомств завжди пов’язана із цілковитою таємністю та часто – із тимчасовим обмеженням прав і свобод людей.	UKRAINIAN
ParlaMint-UA_2020-06-19-m0.u168.p2.sent5	В таких умовах при недостатньому здійсненні нагляду завжди існує спокуса зловживань, і неважливо, чи це будуть дії корупційного характеру, чи тиск на переслідування опозиції, чи просто несанкціоноване втручання в приватне життя громадян.	UKRAINIAN
ParlaMint-UA_2020-06-19-m0.u168.p2.sent6	Це усе прояви порушення закону, і вони призводять до руйнування основ правової держави і втрати довіри до спецслужб.	UKRAINIAN
ParlaMint-UA_2020-06-19-m0.u168.p2.sent7	Потрапивши до Верховної Ради я сам безпосередньо пересвідчився у відсутності дієвого парламентського нагляду над спецслужбами.	UKRAINIAN
ParlaMint-UA_2020-06-19-m0.u168.p3.sent1	Усі демократичні країни пройшли шлях від повної утаємниченості розвідок до розподілу і функції із контролю та нагляду за їх діяльністю.	UKRAINIAN
ParlaMint-UA_2020-06-19-m0.u168.p3.sent2	Розуміння такої необхідності приходило не одразу.	UKRAINIAN
ParlaMint-UA_2020-06-19-m0.u168.p3.sent3	Усі уряди зіштовхувалися із гучними політичними та корупційними скандалами, в яких фігурували працівники спеціальних органів.	UKRAINIAN
ParlaMint-UA_2020-06-19-m0.u168.p3.sent4	Для запобігання таким порушенням існує концепція стримувань і противаг, розподілу повноважень і нагляду між різними гілками влади.	UKRAINIAN
ParlaMint-UA_2020-06-19-m0.u168.p3.sent5	Парламентський нагляд має вирішувати питання законності, доцільності, ефективності та результативності діяльності спецслужб.	UKRAINIAN
ParlaMint-UA_2020-06-19-m0.u168.p3.sent6	Ми над цим працюємо.	UKRAINIAN
ParlaMint-UA_2020-06-19-m0.u168.p4.sent1	Два дні тому на засіданні комітету було розглянуто законопроект про розвідку, в якому закладені чіткі механізми парламентського нагляду.	UKRAINIAN
ParlaMint-UA_2020-06-19-m0.u168.p4.sent2	Вони відповідають стандартам демократичних країн, і при їх розробці ми послугувалися найкращим світовим досвідом, який перевірений часом.	UKRAINIAN
ParlaMint-UA_2020-06-19-m0.u168.p5.sent1	І головне.	UKRAINIAN
ParlaMint-UA_2020-06-19-m0.u168.p5.sent2	Хочу сказати, що впровадження дієвого парламентського нагляду ні в якому разі не призведе до послаблення вітчизняних спецслужб, а навпаки – сприятиме їх розвитку і оновленню, оскільки при відсутності контролю будь-яка система починає деградувати.	UKRAINIAN
ParlaMint-UA_2020-06-19-m0.u168.p5.sent3	А поборовши корупцію, зловживання і розпорошення ресурсів, ми зможемо вивільнити сили для підвищення ефективності та результативності української розвідки та контррозвідки.	UKRAINIAN
ParlaMint-UA_2020-06-19-m0.u168.p5.sent4	Без належного нагляду не може бути ефективної реформи спецслужб.	UKRAINIAN
ParlaMint-UA_2020-06-19-m0.u168.p6.sent1	Дякую за увагу.	UKRAINIAN
ParlaMint-UA_2020-06-19-m0.u169.p1.sent1	Дякую, пане Романе.	UKRAINIAN
ParlaMint-UA_2020-06-19-m0.u169.p2.sent1	І я до слова запрошую Дмитра Лубінця, фракція "Партія "За майбутнє", будь ласка.	UKRAINIAN
ParlaMint-UA_2020-06-19-m0.u170.p1.sent1	Дякую.	UKRAINIAN
ParlaMint-UA_2020-06-19-m0.u170.p2.sent1	Шановні громадяни України, шановні народні депутати, шановна президія!	UKRAINIAN
ParlaMint-UA_2020-06-19-m0.u170.p2.sent2	Я хотів би почати свій виступ зі слів: "Хвала рукам, що пахнуть хлібом".	UKRAINIAN
ParlaMint-UA_2020-06-19-m0.u170.p2.sent3	Сьогодні вперше в Україні відзначається День фермера.	UKRAINIAN
ParlaMint-UA_2020-06-19-m0.u170.p2.sent4	Давайте їм подякуємо за ту роботу, яку вони роблять на землі для всіх нас.	UKRAINIAN
ParlaMint-UA_2020-06-19-m0.u170.p3.sent1	Давайте зробимо так, щоб цей склад парламенту зробив, щоб фермери дійсно відчували, що про них держава не просто не забуває, а що вона про них турбується про те, щоб дійсно з’явилась можливість отримати гарні кредити під гарні маленькі відсотки, щоб почалось відновлюватись у нас виробництво, виробництво саме українських тракторів, українських комбайнів.	UKRAINIAN
ParlaMint-UA_2020-06-19-m0.u170.p3.sent2	Саме після цього українське село почне розвиватись.	UKRAINIAN
ParlaMint-UA_2020-06-19-m0.u170.p4.sent1	Саме після того, як будуть створені робочі місця додаткові в нашій сільській місцевості, можливо, тоді ми не будемо читати в Програмі дій уряду такі слова як: оптимізація сільських шкіл, оптимізація медичних установ.	UKRAINIAN
ParlaMint-UA_2020-06-19-m0.u170.p4.sent2	Саме після того, як держава не просто на словах, а на ділі почне піклуватись про фермерів, яка буде їх постійно підтримувати, а не згадувати про це тільки два рази в рік, – от сьогодні на День фермера і на День працівників сільськогосподарської галузі, а постійно.	UKRAINIAN
ParlaMint-UA_2020-06-19-m0.u170.p5.sent1	Тому з цієї високої трибуни я закликаю всіх народних депутатів.	UKRAINIAN
ParlaMint-UA_2020-06-19-m0.u170.p5.sent2	Наступний тиждень я хочу нагадати, це тиждень, коли ми всі повинні працювати в округах, і це стосується не тільки народних депутатів мажоритарників, а й народних депутатів, які обрані по списках політичних партій.	UKRAINIAN
ParlaMint-UA_2020-06-19-m0.u170.p5.sent3	Давайте всі разом покажемо, що на наступний тиждень ми приїдемо до фермерів, з ними поспілкуємося, як їм допомогти при прийнятті і вже проголосованому неоднозначному Законі про відкриття ринку сільськогосподарської землі, як їх підтримати, щоб вони працювали далі.	UKRAINIAN
ParlaMint-UA_2020-06-19-m0.u170.p6.sent1	Так само я всіх закликаю, щоб ми заїхали до медичних установ і побачили чи захищені наші медики, чи дійсно їм нараховуються заробітні плати, чи їм виплачуються по 300 відсотків додаткових тим лікарям, які кожен день стикаються з проблемою коронавірусу в Україні.	UKRAINIAN
ParlaMint-UA_2020-06-19-m0.u170.p7.sent1	Так само я закликаю вас заїхати і поспілкуватися з вчителями чи вони готові до того, що нібито почне оптимізовуватись система нашої освіти, особливо в сільській місцевості.	UKRAINIAN
ParlaMint-UA_2020-06-19-m0.u170.p8.sent1	Тому, народні депутати, давайте не забувати, що не тільки в парламенті, не тільки тут ми всі повинні сидіти, а ми повинні їхати до людей.	UKRAINIAN
ParlaMint-UA_2020-06-19-m0.u170.p8.sent2	Принаймні депутатська група "Партія "За майбутнє" наступний тиждень буде працювати в округах, бо ми всі складаємося виключно з депутатів-мажоритарників.	UKRAINIAN
ParlaMint-UA_2020-06-19-m0.u170.p8.sent3	Ми раді приймати у себе в виборчих округах інших народних депутатів і разом змінювати Україну.	UKRAINIAN
ParlaMint-UA_2020-06-19-m0.u170.p8.sent4	Слава Україні!	UKRAINIAN
ParlaMint-UA_2020-06-19-m0.u171.p1.sent1	Цимбалюк Михайло Михайлович.	UKRAINIAN
ParlaMint-UA_2020-06-19-m0.u172.p1.sent1	Шановний пане Голово, шановна президія, народні депутати, шановні виборці, процес децентралізації – це та реформа, яка була започаткована попередньою владою і чи не єдина була успішною.	UKRAINIAN
ParlaMint-UA_2020-06-19-m0.u172.p1.sent2	Зараз вона підходить до завершення, але, шановні колеги, я звертаюся і до народних депутатів, і до представників уряду, як сьогодні формуються райони в областях?	UKRAINIAN
ParlaMint-UA_2020-06-19-m0.u172.p2.sent1	Процес районування заморожений, тому що люди протестують, тут виключений фактор добровільності об’єднання.	UKRAINIAN
ParlaMint-UA_2020-06-19-m0.u172.p2.sent2	Наприклад, на Львівщині люди протестують, чому зник Бродівський район, який має свою велику історію.	UKRAINIAN
ParlaMint-UA_2020-06-19-m0.u172.p2.sent3	На Волині протестують, чому зникає Маневицький район і люди віддають вже крайність, перекривають дорогу.	UKRAINIAN
ParlaMint-UA_2020-06-19-m0.u172.p2.sent4	На Хмельниччині теж випадає Славута і ще деякі райони.	UKRAINIAN
ParlaMint-UA_2020-06-19-m0.u172.p2.sent5	Васильківський район Київської області, і до Верховної Ради приходить громада.	UKRAINIAN
ParlaMint-UA_2020-06-19-m0.u172.p2.sent6	Це є свідченням того, що керівники місцевої влади, районних, обласних адміністрацій забувають, що у всіх важливих питаннях треба радитися з представниками громад, з народом.	UKRAINIAN
ParlaMint-UA_2020-06-19-m0.u172.p2.sent7	Залишилось два тижні працювати в сесійній залі.	UKRAINIAN
ParlaMint-UA_2020-06-19-m0.u172.p2.sent8	Питання від людей до нас: а чи будуть нові районні ради в новостворених укрупнених районах і які їхні функції; що вони будуть виконувати і яке фінансування, коли всі повноваження віддаються об’єднаним територіальним громадам.	UKRAINIAN
ParlaMint-UA_2020-06-19-m0.u172.p2.sent9	На ці всі питання ми маємо дати відповіді негайно, щоби процес підготовки до місцевих виборів відбувся вчасно.	UKRAINIAN
ParlaMint-UA_2020-06-19-m0.u172.p3.sent1	І ще одна річ.	UKRAINIAN
ParlaMint-UA_2020-06-19-m0.u172.p3.sent2	Тут колеги говорили про медиків.	UKRAINIAN
ParlaMint-UA_2020-06-19-m0.u172.p3.sent3	Цієї неділі ми будемо вшановувати людей цієї мужньої професії.	UKRAINIAN
ParlaMint-UA_2020-06-19-m0.u172.p3.sent4	Я сьогодні запитував у міністра фінансів, а чому не отримують одноразову грошову допомогу ті родини медиків, які померли від коронавірусу.	UKRAINIAN
ParlaMint-UA_2020-06-19-m0.u172.p3.sent5	Чому ті, які отримали хвороби.	UKRAINIAN
ParlaMint-UA_2020-06-19-m0.u172.p3.sent6	Сьогодні більше 3 тисяч 300 в Фонді соціального страхування – це медики, які захворілі під час виконання своїх обов’язків по лікуванню осіб з COVID-19.	UKRAINIAN
ParlaMint-UA_2020-06-19-m0.u172.p3.sent7	От про що ми маємо сьогодні питати уряд.	UKRAINIAN
ParlaMint-UA_2020-06-19-m0.u172.p3.sent8	А уряд не має відповідати, міністр, що найближчим часом.	UKRAINIAN
ParlaMint-UA_2020-06-19-m0.u172.p3.sent9	Це не відповідь чиновника, це відповідь демагога, профана і непрофесіонала.	UKRAINIAN
ParlaMint-UA_2020-06-19-m0.u172.p3.sent10	І ми сьогодні маємо, вітаючи медиків, сказати, що держава заборгувала, заборгувала тим, що другий етап медичної реформи не відбувається, так, як обіцяли, - нема фінансування.	UKRAINIAN
ParlaMint-UA_2020-06-19-m0.u172.p4.sent1	І я бажаю всім нам, щоби ми виконали свій обов’язок, забезпечили людей.	UKRAINIAN
ParlaMint-UA_2020-06-19-m0.u173.p1.sent1	Дякую, Михайло Михайлович.	UKRAINIAN
ParlaMint-UA_2020-06-19-m0.u173.p1.sent2	Дякую.	UKRAINIAN
ParlaMint-UA_2020-06-19-m0.u173.p2.sent1	Арсеній Михайлович Пушкаренко.	UKRAINIAN
ParlaMint-UA_2020-06-19-m0.u173.p3.sent1	Бардіна Марина Олегівна.	UKRAINIAN
ParlaMint-UA_2020-06-19-m0.u174.p1.sent1	Доброго дня, дорогі українці!	UKRAINIAN
ParlaMint-UA_2020-06-19-m0.u174.p1.sent2	Сьогодні напередодні Дня батька, який Україна відзначає 21 червня, депутати Верховної Ради, за ініціативи міжфракційного об’єднання "Рівні можливості", зареєстрували прекрасний законопроект.	UKRAINIAN
ParlaMint-UA_2020-06-19-m0.u174.p1.sent3	Законопроект, який спрямований на те, щоб урівноважити права жінки і чоловіка на батьківство.	UKRAINIAN
ParlaMint-UA_2020-06-19-m0.u174.p1.sent4	Цей законопроект ми реалізуємо в рамках міжнародного "Партнерства Біарріц", ініційованого першою леді Оленою Зеленською.	UKRAINIAN
ParlaMint-UA_2020-06-19-m0.u174.p2.sent1	Яка ж мета законопроекту.	UKRAINIAN
ParlaMint-UA_2020-06-19-m0.u174.p2.sent2	По-перше, ми прагнемо забезпечити рівні можливості матері та батька на догляд за дитиною та поєднання ними трудової діяльності разом із сімейною.	UKRAINIAN
ParlaMint-UA_2020-06-19-m0.u174.p2.sent3	Усунути законодавчі прогалини, які обмежують права чоловіків на відпустку по догляду за дитиною, а також створити передумови в Україні для відповідального батьківства.	UKRAINIAN
ParlaMint-UA_2020-06-19-m0.u174.p2.sent4	Ми вводимо новий вид відпустки – відпустка при народженні дитини тривалістю до 14 календарних днів.	UKRAINIAN
ParlaMint-UA_2020-06-19-m0.u174.p2.sent5	Власне, тепер чоловіки матимуть можливість скористатися такою відпусткою і разом з дружиною бути поруч з малюком під час народження.	UKRAINIAN
ParlaMint-UA_2020-06-19-m0.u174.p3.sent1	Другий пункт.	UKRAINIAN
ParlaMint-UA_2020-06-19-m0.u174.p3.sent2	Це відпустка для догляду за дитиною до досягнення нею 3-річного віку, яка визначається як рівне право кожного з батьків дитини.	UKRAINIAN
ParlaMint-UA_2020-06-19-m0.u174.p3.sent3	Не лише жінки, але і чоловіки матимуть можливість разом з дітьми або неповнолітніми і які мають інвалідність отримувати право на додаткову відпустку.	UKRAINIAN
ParlaMint-UA_2020-06-19-m0.u174.p3.sent4	Сьогодні це право закріплено винятково за жінками.	UKRAINIAN
ParlaMint-UA_2020-06-19-m0.u174.p4.sent1	А також запроваджуємо можливість встановлення скороченої тривалості робочого часу для чоловіків, які мають дітей віком до 14 років або дитину з інвалідністю та для батьків, що виховують дітей без матері.	UKRAINIAN
ParlaMint-UA_2020-06-19-m0.u174.p5.sent1	Важливо сказати, що сьогодні ці права існують для жінки і право взагалі догляду за дитиною після народження, воно є похідним від права жінки.	UKRAINIAN
ParlaMint-UA_2020-06-19-m0.u174.p5.sent2	Ми ж прагнемо, щоб чоловіки так само активно долучалися до догляду за дітьми, до виховання і взагалі системи відповідального батьківства в Україні.	UKRAINIAN
ParlaMint-UA_2020-06-19-m0.u174.p5.sent3	Тому всіх татів вітаю з прийдешнім святом Дня тата і бажаю як можна більше приділяти увагу догляду за дітьми.	UKRAINIAN
ParlaMint-UA_2020-06-19-m0.u174.p6.sent1	А також разом з Фондом народонаселення ООН знову з таки за підтримки пані Олени Зеленської ми запускаємо великий фотопроект сьогодні, який покаже вам відомих українців, відомих татів, як народних депутатів України, так і представників міністерств, міністрів, письменників, співаків, і розкаже історії про їхнє батьківство.	UKRAINIAN
ParlaMint-UA_2020-06-19-m0.u174.p6.sent2	Тому прошу вас всіх дивитися Фейсбук, і там ці фотографії є.	UKRAINIAN
ParlaMint-UA_2020-06-19-m0.u174.p7.sent1	Дякую.	UKRAINIAN
ParlaMint-UA_2020-06-19-m0.u174.p7.sent2	І з наступаючим святом.	UKRAINIAN
ParlaMint-UA_2020-06-19-m0.u175.p1.sent1	Кицак Богдан Вікторович.	UKRAINIAN
ParlaMint-UA_2020-06-19-m0.u175.p2.sent1	Наталуха Дмитро Андрійович.	UKRAINIAN
ParlaMint-UA_2020-06-19-m0.u176.p1.sent1	Шановна президія, шановні колеги!	UKRAINIAN
ParlaMint-UA_2020-06-19-m0.u176.p1.sent2	Хотів би поговорити сьогодні про, без перебільшення, один з історичних законопроектів, які підготував наш комітет.	UKRAINIAN
ParlaMint-UA_2020-06-19-m0.u176.p1.sent3	Мова йде про законопроект про індустріальні парки.	UKRAINIAN
ParlaMint-UA_2020-06-19-m0.u176.p1.sent4	Індустріальні парки – це один із тих інструментів, які дозволять, з нашої точки зору і з точки зору практики у всьому світі, яка це доводить, дати стимул розвитку промисловому виробництву і нарешті припинити падіння обсягів промислового виробництва, яке ми спостерігаємо, на жаль, з кінця минулого року.	UKRAINIAN
ParlaMint-UA_2020-06-19-m0.u176.p2.sent1	Станом на сьогодні в Україні існує вже 43 індустріальні парки.	UKRAINIAN
ParlaMint-UA_2020-06-19-m0.u176.p2.sent2	Лише в 23 з них призначена керуюча компанія, лише в 7 є резиденти.	UKRAINIAN
ParlaMint-UA_2020-06-19-m0.u176.p2.sent3	Але, на жаль, чинне законодавство України з моменту прийняття законопроекту, якщо я не помиляюся, в 2016 році, не дозволяло цим резидентам користуватися будь-якими пільгами, будь-якими податковими преференціями і іншим чином не стимулювала їх знаходження в цих індустріальних парках.	UKRAINIAN
ParlaMint-UA_2020-06-19-m0.u176.p3.sent1	Наш законопроект, який ми підготували колективно, нарешті змінює цю ситуацію.	UKRAINIAN
ParlaMint-UA_2020-06-19-m0.u176.p3.sent2	Він дозволяє резидентам користуватися наступними пільгами:	UKRAINIAN
ParlaMint-UA_2020-06-19-m0.u176.p4.sent1	він звільняє від оподаткування податком на прибуток протягом 5 років: сплата 50 відсотків податку на прибуток протягом наступних 5 років за умовності наявності експорту;	UKRAINIAN
ParlaMint-UA_2020-06-19-m0.u176.p5.sent1	він запроваджує ставки ПДВ 3 відсотки на імпорт обладнання і комплектуючих для облаштування індустріальних парків строком на 10 років;	UKRAINIAN
ParlaMint-UA_2020-06-19-m0.u176.p6.sent1	він запроваджує мінімальну ставку ПДВ 3 відсотки на імпорт сировини, напівфабрикатів і приладів за умови подальшого виробництва з них кінцевого продукту та експорту не менше як 50 відсотків готової продукції;	UKRAINIAN
ParlaMint-UA_2020-06-19-m0.u176.p7.sent1	він звільняє резидентів індустріальних парків від ввізного мита на іноземне обладнання та комплектуючі;	UKRAINIAN
ParlaMint-UA_2020-06-19-m0.u176.p8.sent1	він відшкодовує експортерам з числа резидентів індустріального парку частину відсотків за кредитами на зовнішні поставки (30 відсотків від суми при частці експорту 15, 50 відсотків від суми при частці експорту 30, 75 відсотків при частці експорту 50 і 50 відсотків при частці експорту 70 відсотків від обсягів випуску).	UKRAINIAN
ParlaMint-UA_2020-06-19-m0.u176.p9.sent1	Що це нам дасть?	UKRAINIAN
ParlaMint-UA_2020-06-19-m0.u176.p9.sent2	Ми прогнозуємо, що навіть при песимістичному сценарії очікуваний темп приросту в 24-му році ВВП складе 0,9.	UKRAINIAN
ParlaMint-UA_2020-06-19-m0.u176.p9.sent3	Якщо сценарій буде оптимістичний, то це складе 12,4 відсотка.	UKRAINIAN
ParlaMint-UA_2020-06-19-m0.u176.p9.sent4	Цей законопроект, без перебільшення, можна вважати історичним.	UKRAINIAN
ParlaMint-UA_2020-06-19-m0.u176.p9.sent5	І ми щиро сподіваємося, що це надасть можливість провести таку очікувану реіндустріалізацію нашої країни, яка нарешті дозволить нам припинити бути сировинним придатком всього світу і зробить з України потужну промислову, індустріально розвинену, державу.	UKRAINIAN
ParlaMint-UA_2020-06-19-m0.u176.p10.sent1	Дякую всім.	UKRAINIAN
ParlaMint-UA_2020-06-19-m0.u177.p1.sent1	Дякую, шановні колеги.	UKRAINIAN
ParlaMint-UA_2020-06-19-m0.u177.p2.sent1	Бажаючі виступити виступили.	UKRAINIAN
ParlaMint-UA_2020-06-19-m0.u177.p2.sent2	Я думаю, що можемо закривати наше ранкове засідання.	UKRAINIAN
ParlaMint-UA_2020-06-19-m0.u177.p3.sent1	Ранкове засідання Верховної Ради України оголошується закритим.	UKRAINIAN
ParlaMint-UA_2020-06-19-m0.u177.p3.sent2	У кого є бажання, можемо зробити фото, як завжди.	UKRAINIAN
