id	text
ParlaMint-UA_2013-06-05-m0.u1.p1.sent1	Доброго ранку, шановні народні депутати, шановні запрошені, гості Верховної Ради України!
ParlaMint-UA_2013-06-05-m0.u1.p1.sent2	Я прошу народних депутатів підготуватися до реєстрації.
ParlaMint-UA_2013-06-05-m0.u1.p1.sent3	Увімкніть систему "Рада".
ParlaMint-UA_2013-06-05-m0.u1.p2.sent1	Зареєструвалося в залі 373 народних депутати.
ParlaMint-UA_2013-06-05-m0.u1.p2.sent2	Тому ранкове засідання Верховної Ради України оголошую відкритим.
ParlaMint-UA_2013-06-05-m0.u1.p3.sent1	Сьогодні день народження народних депутатів України Риженкова Олександра Миколайовича, Цибенка Петра Степановича, Чумака Віктора Васильовича.
ParlaMint-UA_2013-06-05-m0.u1.p3.sent2	Давайте поздоровимо наших іменинників з днем народження і побажаємо успіхів.
ParlaMint-UA_2013-06-05-m0.u1.p3.sent3	От було б більше таких хвилин у нас у Верховній Раді.
ParlaMint-UA_2013-06-05-m0.u1.p4.sent1	Шановні народні депутати, оголошення.
ParlaMint-UA_2013-06-05-m0.u1.p4.sent2	Відповідно до статті 25 Регламенту у середу ми маємо 30 хвилин для виступів народних депутатів з внесенням пропозицій, оголошень, заяв, повідомлень.
ParlaMint-UA_2013-06-05-m0.u1.p4.sent3	То я прошу уваги народних депутатів і прошу записатись на виступи.
ParlaMint-UA_2013-06-05-m0.u1.p5.sent1	Слово надається фракції "Батьківщина", народний депутат Курпіль.
ParlaMint-UA_2013-06-05-m0.u1.p6.sent1	Народний депутат Томенко.
ParlaMint-UA_2013-06-05-m0.u1.p6.sent2	Прошу.
ParlaMint-UA_2013-06-05-m0.u2.p1.sent1	Шановні колеги!
ParlaMint-UA_2013-06-05-m0.u2.p1.sent2	Останніми днями загострилася дискусія про те, куди рухається Україна і що чекають від нас громадяни в найближчій перспективі.
ParlaMint-UA_2013-06-05-m0.u2.p1.sent3	Хочу від імені фракції "Батьківщина" сказати про те, що вибір української держави визначений не чинним законодавством, хоча це так само важливо, він визначений історією, традицією, прагненнями наших людей.
ParlaMint-UA_2013-06-05-m0.u2.p2.sent1	Ми – географічно європейська країна і країна, яка може привести у відповідність наші цінності, нашу історію з реальною політикою, яка відбувається в країні.
ParlaMint-UA_2013-06-05-m0.u2.p2.sent2	І коли нам закидають, що ми в реальній практиці не підтримуємо європейський вибір, я хочу наголосити, що європейський вибір – це не підписання угоди для того, щоб нанести шкоду якійсь сусідній державі чи домовленості вночі з сусідньою державою Росією, щоб образити Європу, це крок до тих цінностей, які повинні виконуватися в країні.
ParlaMint-UA_2013-06-05-m0.u2.p2.sent3	Ми не можемо підтримати підписання угоди з Європейським Союзом українській державі, де панує зневага до закону, нехтування правами людини і зневага до основних цінностей.
ParlaMint-UA_2013-06-05-m0.u2.p3.sent1	Тому і Європейська комісія, і ми як опозиція говоримо про наступне.
ParlaMint-UA_2013-06-05-m0.u2.p3.sent2	Ми маємо час до листопада привести Україну до європейських стандартів.
ParlaMint-UA_2013-06-05-m0.u2.p3.sent3	Ми повинні підписувати асоціацію про угоду не з домінантною політичних переслідувань і з Тимошенко у тюрмі, не з реформованою правоохоронною системою і корупційною судовою системою.
ParlaMint-UA_2013-06-05-m0.u2.p3.sent4	Ми повинні підійти до листопада і виконати три головні зобов’язання: Тимошенко повинна бути на свободі; судова і правоохоронна система повинна бути реформована, а не бути корупційною; і Виборчий кодекс, і всі проблеми з виборчими округами повинні бути вирішені.
ParlaMint-UA_2013-06-05-m0.u2.p4.sent1	На сьогоднішній день ми пропонуємо до волі компромісну формулу.
ParlaMint-UA_2013-06-05-m0.u2.p4.sent2	27 жовтня ми проводимо вибори в п’яти округах, де насправді перемогли наші кандидати, і вони є реальними депутатами.
ParlaMint-UA_2013-06-05-m0.u2.p4.sent3	Але якщо сталася така ситуація, ми готові ще раз довести, що в жовтні місяці українські громадяни підтримають опозицію.
ParlaMint-UA_2013-06-05-m0.u2.p4.sent4	Ми знаємо, що Президент дав вказівку в тих округах висунути голів обласних адміністрацій, бо вже немає кого висувати, хто б міг перемогти.
ParlaMint-UA_2013-06-05-m0.u2.p4.sent5	Ми сприйняли це як позитивну інформацію.
ParlaMint-UA_2013-06-05-m0.u2.p4.sent6	Тому що голови обласних адміністрацій в цих п’яти округах якраз сфальсифікували вибори.
ParlaMint-UA_2013-06-05-m0.u2.p4.sent7	І щоб ті фальсифікатори вийшли на вибори разом з нашими кандидатами, було б правильно, щоб люди зробили оцінку.
ParlaMint-UA_2013-06-05-m0.u2.p5.sent1	Тому 27 жовтня довибори в п’яти округах, і, звичайно, право Києва – обирати своє місцеве самоврядування.
ParlaMint-UA_2013-06-05-m0.u2.p5.sent2	Опричників чи пришлих людей, я думаю, уже вони завершили свою кар’єру, і ми сподіваємося, що і Київ матиме Київську раду і міського голову.
ParlaMint-UA_2013-06-05-m0.u2.p5.sent3	Отже, друзі, за європейські цінності і за Україну в Європі!
ParlaMint-UA_2013-06-05-m0.u3.p1.sent1	Фракція "Батьківщина", народний депутат Сенченко.
ParlaMint-UA_2013-06-05-m0.u3.p1.sent2	Прошу.
ParlaMint-UA_2013-06-05-m0.u3.p1.sent3	Передається слово народному депутату Бондаренку.
ParlaMint-UA_2013-06-05-m0.u4.p1.sent1	Володимир Бондаренко, об’єднана опозиція, "Батьківщина".
ParlaMint-UA_2013-06-05-m0.u4.p1.sent2	Останніми днями дуже багато розмов точиться про те,рішення Конституційного Суду, яке стосується Києва.
ParlaMint-UA_2013-06-05-m0.u4.p2.sent1	Безумовно, всі вже зрозуміли, а особливо ті, хто мають юридичну освіту, що це рішення говорить лише про ті вибори, які мають відбутися в цій країні згідно з новою Конституцією, тобто в останню неділю жовтня місяця 2015 року.
ParlaMint-UA_2013-06-05-m0.u4.p2.sent2	Але ми ще раз підкреслюємо, що місто Київ свого часу проводило позачергові вибори.
ParlaMint-UA_2013-06-05-m0.u4.p2.sent3	Була обрана тоді Київська міська рада, ще раніше був обраний мер, який закінчив свою каденцію більше року тому.
ParlaMint-UA_2013-06-05-m0.u4.p2.sent4	Тому обминути тему виборів у Києві нам не вдасться.
ParlaMint-UA_2013-06-05-m0.u4.p3.sent1	І я думаю, що всі, хто сидять у цьому залі, сьогодні є всі киянами, хто тимчасовими, хто постійними, я думаю, що всім вам також, як і мені, як і багатьом киянам, не подобається, що в Києві сьогодні немає нормальних доріг, що в Києві сьогодні немає нормальної системи житлово-комунального господарства, що в Києві з’являються час від часу такі речі, які на голову не налазять, зокрема, Київ побудував за власні гроші величезний комплекс серця, який переданий був у державну власність, сьогодні жоден киянин не може отримати там медичну допомогу.
ParlaMint-UA_2013-06-05-m0.u4.p3.sent2	А для киян, іменно для киян це коштувало 50 мільйонів доларів, які були позичені за кордоном, потім повернуті.
ParlaMint-UA_2013-06-05-m0.u4.p4.sent1	Сьогодні знову продовжується те саме, що продовжується: в онкологічному центрі на території мого району знаходиться обладнання, яке вартує півбюджету Києва, яке не працює.
ParlaMint-UA_2013-06-05-m0.u4.p4.sent2	Свого часу було закуплене.
ParlaMint-UA_2013-06-05-m0.u4.p5.sent1	Я думаю, що ці речі продовжуються і в простих таких випадках, наприклад, як липова алея каштанів у Києві, яка висаджена на Хрещатику і багато інших.
ParlaMint-UA_2013-06-05-m0.u4.p5.sent2	Тобто в Києві потрібна нормальна влада, підконтрольна як центральній владі, так і громадянам-киянам.
ParlaMint-UA_2013-06-05-m0.u4.p6.sent1	Я вчора викладав приблизно концепцію, якою повинна бути київська влада.
ParlaMint-UA_2013-06-05-m0.u4.p6.sent2	Безумовно, в ній повинно бути повноцінне самоврядування, яке включає раду, мера, районні ради і виконавчі комітети районів міста, а також державна адміністрація, тому що Київ – це столиця.
ParlaMint-UA_2013-06-05-m0.u4.p6.sent3	І державна адміністрація має контролювати діяльність центральних служб у місті Києві тих державних, а також іноді заперечувати проти рішень місцевого самоврядування, якщо вони не відповідають Конституції та Законам.
ParlaMint-UA_2013-06-05-m0.u4.p7.sent1	Нам треба буде все-таки в Києві вибори проводити.
ParlaMint-UA_2013-06-05-m0.u4.p7.sent2	Але ніякої мови не може йти про проведення виборів влітку, у серпні місяці, про що сьогодні дехто говорить, давайте проведемо окремо мера, окремо в ради та ще й у серпні місяці.
ParlaMint-UA_2013-06-05-m0.u4.p7.sent3	Ну, це повна профанація, це повний комплект підтасовок, які можливі.
ParlaMint-UA_2013-06-05-m0.u4.p7.sent4	Ми сьогодні маємо рішень.
ParlaMint-UA_2013-06-05-m0.u4.p7.sent5	масу рішень, вже понад 140 рішень стосовно проведення виборів в Україні в окремих адмінтеродиницях 27 жовтня.
ParlaMint-UA_2013-06-05-m0.u4.p7.sent6	Тому Київ повинен також 27 жовтня провести вибори мера та Київської міської ради, відтворити самоврядування і в цьому ви і ми всі повинні відіграти видатну роль, бо ми – кияни, ми – народні депутати, це наша функція.
ParlaMint-UA_2013-06-05-m0.u4.p7.sent7	Дякую.
ParlaMint-UA_2013-06-05-m0.u5.p1.sent1	Фракція комуністів, народний депутат Зубчевський.
ParlaMint-UA_2013-06-05-m0.u6.p1.sent1	Уважаемые коллеги, уважаемые избиратели!
ParlaMint-UA_2013-06-05-m0.u6.p1.sent2	Фракция коммунистов с трибуны Верховной Рады Украины неоднократно обращала внимание на кризисную ситуацию, сложившуюся в промышленности нашей страны.
ParlaMint-UA_2013-06-05-m0.u6.p2.sent1	За последние одиннадцать месяцев наблюдается спад промышленного производства.
ParlaMint-UA_2013-06-05-m0.u6.p2.sent2	Это не удивительно, поскольку политика, проводимая правительством Украины, все больше гробит промышленность страны, уничтожает отечественного товаропроизводителя.
ParlaMint-UA_2013-06-05-m0.u6.p2.sent3	Этому способствует и сложившаяся система тарифов на электроэнергию для предприятий.
ParlaMint-UA_2013-06-05-m0.u6.p2.sent4	Нерасторопность правительства, коррупционная составляющая в нежелании выполнять свое же Постановление о введении специального, экономически обоснованного тарифа для ферросплавных заводов, уже привела в свое время к остановке Запорожского и Стахановского ферросплавных заводов.
ParlaMint-UA_2013-06-05-m0.u6.p2.sent5	И только когда все же государственное предприятие "Энергорынок" через полгода выполнило постановление Кабмина о введении льгот на электроэнергию, предприятиям удалось наладить свою работу.
ParlaMint-UA_2013-06-05-m0.u6.p3.sent1	При этом никто не обращает внимание, что за время простоя были сокращены сотни рабочих, прекращены отчисления в государственный и местные бюджеты.
ParlaMint-UA_2013-06-05-m0.u6.p3.sent2	В настоящее время на грани остановки находится Никопольский ферросплавный завод, причина все та же – высокая цена на электроэнергию.
ParlaMint-UA_2013-06-05-m0.u6.p3.sent3	Оказывается, когда принимал решение о введении льгот на энергию для ферросплавных предприятий, он якобы забыл указать Никопольский ферросплавный завод.
ParlaMint-UA_2013-06-05-m0.u6.p3.sent4	Теперь там остановлены девять из шестнадцати печей, план производства сокращен на сорок процентов, а более двух тысяч работников находятся в вынужденном отпуске, не исключена полная остановка завода уже в июле этого года.
ParlaMint-UA_2013-06-05-m0.u6.p4.sent1	С высокими ценами на электроэнергию, достигающими 93 доллара за мегаватт в час, предприятию просто нереально конкурировать со странами, где ферросплавщики платят 50 долларов за мегаватт в час, как, например, в России или США.
ParlaMint-UA_2013-06-05-m0.u6.p4.sent2	Убытки только в 2011 году составили 2,8 миллиарда гривен.
ParlaMint-UA_2013-06-05-m0.u6.p4.sent3	Нас, коммунистов, не интересуют убытки олигархов.
ParlaMint-UA_2013-06-05-m0.u6.p4.sent4	Нас интересует положение рабочих этих предприятий, возможность получить рабочее место, достойный уровень заработной платы, возможность содержать свои семьи.
ParlaMint-UA_2013-06-05-m0.u6.p4.sent5	Вот, что стоит во главе угла наших требований к Кабмину: немедленно принять решение о введении льгот на электроэнергию для Никопольского ферросплавного завода, а также продлить льготы для Стахановского и Запорожского ферросплавных заводов как минимум до 2015 года.
ParlaMint-UA_2013-06-05-m0.u6.p4.sent6	Напомню, что льгота заканчивается в 2013 году, а значит, кризисная ситуация с ферросплавными предприятиями может повториться.
ParlaMint-UA_2013-06-05-m0.u6.p5.sent1	В свою очередь депутатами-коммунистами внесен в Верховную Раду запрос на имя Премьер-министра о безотлагательных мерах по введению специального тарифа на электроэнергию для всех ферросплавных заводов.
ParlaMint-UA_2013-06-05-m0.u6.p6.sent1	Владимир Васильевич, обращаюсь к вам с просьбой озвучить данный запрос на этой пленарной неделе, с тем чтобы он был оперативно рассмотрен Кабмином и были приняты соответствующие решения.
ParlaMint-UA_2013-06-05-m0.u6.p7.sent1	Обращаюсь к избирателям: посмотрите, кто мешает сегодня выступать и озвучивать проблемы действительности, волнующие народ Украины.
ParlaMint-UA_2013-06-05-m0.u6.p7.sent2	Мешают националисты, находящиеся у власти в трех регионах Западной Украины, где.
ParlaMint-UA_2013-06-05-m0.u7.p1.sent1	Завершуйте.
ParlaMint-UA_2013-06-05-m0.u8.p1.sent1	где их руками полностью уничтожена промышленность.
ParlaMint-UA_2013-06-05-m0.u8.p1.sent2	Вместо конкретной заботы о человеке, их интересует только национальная принадлежность и язык, а также собственный карман.
ParlaMint-UA_2013-06-05-m0.u8.p1.sent3	Поэтому во всю и горлопанят.
ParlaMint-UA_2013-06-05-m0.u8.p1.sent4	Спасибо за внимание.
ParlaMint-UA_2013-06-05-m0.u9.p1.sent1	Шановні депутати, пожалійте Єфима Леонідовича, прошу вас!
ParlaMint-UA_2013-06-05-m0.u9.p1.sent2	Партія регіонів, народний депутат Гриневецький.
ParlaMint-UA_2013-06-05-m0.u9.p1.sent3	Прошу.
ParlaMint-UA_2013-06-05-m0.u10.p1.sent1	Уважаемый Председатель, уважаемые коллеги, два года назад в этом зале прошли парламентские слушания на тему: о состоянии и перспективах развития экономических отношений Украины с Европейским Союзом и Таможенным союзом, - по итогам которых были приняты соответствующие рекомендации.
ParlaMint-UA_2013-06-05-m0.u10.p1.sent2	Информационная волна, поднятая после подписания Минского меморандума, создала впечатление того, что Украина вновь села на политический шпагат.
ParlaMint-UA_2013-06-05-m0.u10.p1.sent3	Особо обеспокоенным хочу процитировать Бисмарка, цитирую: "На дипломатическом языке присоединиться в принципе – это просто вежливый способ отказаться".
ParlaMint-UA_2013-06-05-m0.u10.p1.sent4	Напомню, когда Украина добровольно освободилась от ядерного оружия, страны "ядерной пятерки" обязались воздерживаться от политического и экономического давления, направленного на то, чтобы подчинить своим собственным интересам осуществление Украиной суверенных прав.
ParlaMint-UA_2013-06-05-m0.u10.p1.sent5	К сожалению, мы и сегодня ощущаем, какая борьба идет за Украину.
ParlaMint-UA_2013-06-05-m0.u10.p2.sent1	Но не только внешнее влияние определяет украинскую многовекторность.
ParlaMint-UA_2013-06-05-m0.u10.p2.sent2	Сторонники евразийской и европейской интеграции в спорах друг с другом используют различные аргументы, в том числе и экономические.
ParlaMint-UA_2013-06-05-m0.u10.p2.sent3	Однако, положа руку на сердце, приходится признать, что экономические предпосылки Украины для выбора того или иного вектора интеграции одинаково слабы.
ParlaMint-UA_2013-06-05-m0.u10.p2.sent4	Плюсы и минусы обоих векторов приблизительно схожи: на одной чаше весов – широкие инвестиционные возможности стран Европейского Союза, демократизация общественного процесса, возможность доступа к высоким технологиям и инновациям; на другой – близость культур, исторической общности и ментальности, возможность продолжения экономического развития на основе производственной, научной кооперации в рамках схожего экономического уклада, доступ к более дешевым энергоносителям.
ParlaMint-UA_2013-06-05-m0.u10.p2.sent5	Именно поэтому речь идет, прежде всего, о цивилизационном выборе, а следовательно, и о политическом решении.
ParlaMint-UA_2013-06-05-m0.u10.p3.sent1	Хотел бы также напомнить, что в своих рекомендациях в 2011 году Верховная Рада четко и ясно заявила, что создание в зоне свободной торговли с ЕС и углубление сотрудничества с государствами Таможенного союза само по себе не гарантирует Украине ускорение экономического развития.
ParlaMint-UA_2013-06-05-m0.u10.p3.sent2	Этот тезис не потерял своей актуальности и сегодня.
ParlaMint-UA_2013-06-05-m0.u10.p4.sent1	Мы часто жалуемся на то, что нас не воспринимают равноправными партнерами как в Брюсселе, так и в Москве.
ParlaMint-UA_2013-06-05-m0.u10.p4.sent2	Думаю, что в этом виноваты мы сами, потому что залогом равноправного диалога может быть только модернизация экономики и совершенствование системы государственного управления.
ParlaMint-UA_2013-06-05-m0.u10.p4.sent3	Очевидно, что для Украины предпочтительнее тот вектор, который создаст стимулы для проведения экономической, политической, правовой реформ, создание необходимых условий для бизнеса и предпринимательства.
ParlaMint-UA_2013-06-05-m0.u10.p4.sent4	Но об этом надо откровенно сказать людям.
ParlaMint-UA_2013-06-05-m0.u10.p5.sent1	Благодарю за внимание.
ParlaMint-UA_2013-06-05-m0.u10.p6.sent1	І на останок.
ParlaMint-UA_2013-06-05-m0.u10.p6.sent2	Шановна президія!
ParlaMint-UA_2013-06-05-m0.u10.p6.sent3	Я просив би на майбутнє забезпечити дотримання дисципліни та норм етики народними депутатами у залі, а також забезпечити конституційне право народного депутата та його виборців при виступі з трибуни українського парламенту.
ParlaMint-UA_2013-06-05-m0.u10.p6.sent4	Щиро дякую.
ParlaMint-UA_2013-06-05-m0.u11.p1.sent1	Шановні депутати!
ParlaMint-UA_2013-06-05-m0.u11.p1.sent2	Що ви кричите?
ParlaMint-UA_2013-06-05-m0.u11.p1.sent3	Він виступав зараз на державній мові, а ви його не почули.
ParlaMint-UA_2013-06-05-m0.u11.p1.sent4	Прошу, народний депутат Єремеєв.
ParlaMint-UA_2013-06-05-m0.u11.p1.sent5	Прошу, Володимире Михайловичу Литвин.
ParlaMint-UA_2013-06-05-m0.u12.p1.sent1	Шановний Голово!
ParlaMint-UA_2013-06-05-m0.u12.p1.sent2	Шановні колеги!
ParlaMint-UA_2013-06-05-m0.u12.p1.sent3	Над Україною все більше затягується петля часу.
ParlaMint-UA_2013-06-05-m0.u12.p1.sent4	Далі пригинатися і прогинатися нікуди.
ParlaMint-UA_2013-06-05-m0.u12.p1.sent5	Треба приймати складні і навіть ризиковані рішення.
ParlaMint-UA_2013-06-05-m0.u12.p1.sent6	А що маємо на практиці?
ParlaMint-UA_2013-06-05-m0.u12.p1.sent7	На практиці створюються приводи для протистояння.
ParlaMint-UA_2013-06-05-m0.u12.p1.sent8	На них зосереджується, щоб не займатися реальними справами.
ParlaMint-UA_2013-06-05-m0.u12.p2.sent1	На практиці більшість і опозиція концентрують зусилля на інтерпретації подій, часто інспіровані і як правило, на свою користь.
ParlaMint-UA_2013-06-05-m0.u12.p2.sent2	Дедалі агресивнішими стають дії спецназу спікерів парламентських політсил з розсварення і поділу країни.
ParlaMint-UA_2013-06-05-m0.u12.p2.sent3	Суспільство прибито політикою і люди вже хочуть війни.
ParlaMint-UA_2013-06-05-m0.u12.p2.sent4	Оскільки не вірять у сьогодення і не бачать майбутнього.
ParlaMint-UA_2013-06-05-m0.u12.p3.sent1	Немає визначеності.
ParlaMint-UA_2013-06-05-m0.u12.p3.sent2	Хоча євроінтеграція залишається привабливою, в тому числі електоральною темою.
ParlaMint-UA_2013-06-05-m0.u12.p3.sent3	А відтак ніхто не ризикує нею ігнорувати, принаймні до 2015 року, ясності щодо нашого зовнішньополітичного вибору останнім часом стало ще менше.
ParlaMint-UA_2013-06-05-m0.u12.p3.sent4	У тому числі з урахуванням настроїв Сходу та Півдня країни.
ParlaMint-UA_2013-06-05-m0.u12.p4.sent1	Немає тверезої розмови про українсько-російські відносини і їх майбутнє.
ParlaMint-UA_2013-06-05-m0.u12.p4.sent2	Переважно усе тримається на заклинаннях, на розмовах по суті про ніщо.
ParlaMint-UA_2013-06-05-m0.u12.p4.sent3	Складається враження, що шукаємо собі роботи, радо хапаємося за все, що підкидають, обсмоктуємо і обслинюємо його.
ParlaMint-UA_2013-06-05-m0.u12.p4.sent4	Як результат, на виході нічого немає.
ParlaMint-UA_2013-06-05-m0.u12.p4.sent5	Суцільні плачі і бідкання про Україну посилюють почуття приреченості.
ParlaMint-UA_2013-06-05-m0.u12.p4.sent6	Як тут не згадати заклик одного з гетьманів: "Втерти сльози плачущій матці нашій – Малоросії".
ParlaMint-UA_2013-06-05-m0.u12.p5.sent1	Економіка і соціальна сфера в жалюгідному стані.
ParlaMint-UA_2013-06-05-m0.u12.p5.sent2	Хто працює на округах, а насамперед це депутати-мажоритарники, знає, наскільки людям остогидла ця політична маячня та спекуляції на народові.
ParlaMint-UA_2013-06-05-m0.u12.p5.sent3	І невирішення проблем, про які начебто всі знають і говорять.
ParlaMint-UA_2013-06-05-m0.u12.p5.sent4	Навіть більше, роблять вигляд, що приймають рішення.
ParlaMint-UA_2013-06-05-m0.u12.p5.sent5	Наприклад, прийняли рішення про заборону закриття лікарень.
ParlaMint-UA_2013-06-05-m0.u12.p5.sent6	Прийняли, знаючи, що на виході нічого не буде.
ParlaMint-UA_2013-06-05-m0.u12.p6.sent1	За масштабними розмовами не вистачає часу на земне.
ParlaMint-UA_2013-06-05-m0.u12.p6.sent2	Наприклад, чому обібрані місцеві бюджети?
ParlaMint-UA_2013-06-05-m0.u12.p6.sent3	Коли буде ліквідована кредиторська заборгованість по субвенціях?
ParlaMint-UA_2013-06-05-m0.u12.p6.sent4	І на яких підставах за таких умов порушуються кримінальні справи про невиплату заробітної плати чи не сплату податків?
ParlaMint-UA_2013-06-05-m0.u12.p7.sent1	Чому практично не відбувається фінансування з бюджету з 2013?
ParlaMint-UA_2013-06-05-m0.u12.p7.sent2	Чому зупинено газифікацію населених пунктів?
ParlaMint-UA_2013-06-05-m0.u12.p7.sent3	Це ж не тільки закопані гроші, а й надії людей.
ParlaMint-UA_2013-06-05-m0.u12.p7.sent4	Чи будуть виконуватися обіцянки з виплати заощаджень?
ParlaMint-UA_2013-06-05-m0.u12.p7.sent5	Коли буде покладено край ошуканству людей?
ParlaMint-UA_2013-06-05-m0.u12.p7.sent6	Як людям оформити спадщину, оскільки закон поклали в довгий ящик до 2015 року?
ParlaMint-UA_2013-06-05-m0.u12.p8.sent1	Таких питань безліч і відповіді на них, виявляється, знають усі, коли підходить виборча кампанія.
ParlaMint-UA_2013-06-05-m0.u13.p1.sent1	Дайте завершити.
ParlaMint-UA_2013-06-05-m0.u13.p1.sent2	Прошу, прошу.
ParlaMint-UA_2013-06-05-m0.u14.p1.sent1	Не можна погоджуватися з рекомендаціями, які раз-у-раз читаємо в депутатських відповідях.
ParlaMint-UA_2013-06-05-m0.u14.p1.sent2	Зверніть увагу, шановні колеги, це цивільно-правові відносини, їх треба вирішувати через суд, в тому числі, щодо вкраденого в людей.
ParlaMint-UA_2013-06-05-m0.u14.p1.sent3	А навіщо тоді держава?
ParlaMint-UA_2013-06-05-m0.u14.p2.sent1	Шановні колеги, позафракційні депутати закликають припинити передчасну демонстрацію передвиборчого психозу і зайнятися роботою.
ParlaMint-UA_2013-06-05-m0.u14.p3.sent1	Пропонуємо далі не уподібнюватися акторам, які у гримерці переконують один одного, хто талановитіший,.
ParlaMint-UA_2013-06-05-m0.u15.p1.sent1	Дякую, Володимир Михайлович.
ParlaMint-UA_2013-06-05-m0.u15.p1.sent2	Фракція "Батьківщина", народний депутат Слюз.
ParlaMint-UA_2013-06-05-m0.u15.p1.sent3	Включено.
ParlaMint-UA_2013-06-05-m0.u15.p1.sent4	Прошу.
ParlaMint-UA_2013-06-05-m0.u16.p1.sent1	Прошу передати слово Олександрі Кужель.
ParlaMint-UA_2013-06-05-m0.u16.p1.sent2	Дякую.
ParlaMint-UA_2013-06-05-m0.u17.p1.sent1	Прошу, Олександра Кужель.
ParlaMint-UA_2013-06-05-m0.u18.p1.sent1	Шановні друзі, ми сьогодні маємо з вами серйозне випробування.
ParlaMint-UA_2013-06-05-m0.u18.p1.sent2	Ми сьогодні маємо можливість почути доповідь Уповноваженого з питань захисту прав людини.
ParlaMint-UA_2013-06-05-m0.u18.p2.sent1	Володимире Михайловичу, ви тут так гарно всіх призиваєте працювати на людей, а це при вас незаконно була призначена людина, яка двічі комітет не пройшла як службово непригодна.
ParlaMint-UA_2013-06-05-m0.u18.p2.sent2	Людина, яка не має права займати цю посаду, людина, якій ви в тій Верховній Раді давали можливість прийняти приказ.
ParlaMint-UA_2013-06-05-m0.u18.p2.sent3	присягу "в заднем проходе Верховной Рады".
ParlaMint-UA_2013-06-05-m0.u18.p2.sent4	Ця людина.
ParlaMint-UA_2013-06-05-m0.u18.p2.sent5	І вам за це ганьба!
ParlaMint-UA_2013-06-05-m0.u18.p2.sent6	Бо сьогодні рік Україна не має фахового правозахисника, який би захищав їх права.
ParlaMint-UA_2013-06-05-m0.u18.p3.sent1	Подивіться, будь ласка, в цій доповіді, чи зроблений там аналіз звернень людей до Уповноваженого?
ParlaMint-UA_2013-06-05-m0.u18.p3.sent2	Можу сказати, особисто мої 39 звернень, відкрите провадження по 6, а по одній собі – через 2 роки першого звернення.
ParlaMint-UA_2013-06-05-m0.u18.p3.sent3	Ця людина не болить серцем за людей.
ParlaMint-UA_2013-06-05-m0.u18.p4.sent1	Ця людина не відповідає займаній посаді.
ParlaMint-UA_2013-06-05-m0.u18.p4.sent2	Коли три народних депутати були у Юлії Тимошенко, ми особисто бачили всі тортури, які проходить ця мудра сильна жінка, жінка-політик, яка була Прем’єром України, яку ваша влада, ваш Президент закатували і вона є сьогодні дійсно політв’язнем України!
ParlaMint-UA_2013-06-05-m0.u18.p4.sent3	Ми звернулись і розказали, які тортури проходить ця мудра і сильна жінка.
ParlaMint-UA_2013-06-05-m0.u18.p4.sent4	І вона мала совість поїхати і сказати на біле – чорне, не маючи ні совісті, ні сорому дивитись людям в очі, бо вона так відповідає всім.
ParlaMint-UA_2013-06-05-m0.u18.p5.sent1	Я впевнена, що ви теж звертались і до вас звертаються ваші виборці по тих питаннях, які сьогодні у них болить.
ParlaMint-UA_2013-06-05-m0.u18.p5.sent2	Бо вона ніколи не використовувала своє право іти захищати людей проти прокуратури, яка сьогодні проводить ганьбу і тортури над людьми.
ParlaMint-UA_2013-06-05-m0.u18.p5.sent3	Подивіться наші висновки по Україні.
ParlaMint-UA_2013-06-05-m0.u18.p5.sent4	За той рік в органах міліції підверглись тортурам 1 мільйон населення.
ParlaMint-UA_2013-06-05-m0.u18.p5.sent5	А ви всі отримуєте насолоду від того, що тримаєте єдину хвору і сильну, але ви не зможете її зламати, Юлію Тимошенко.
ParlaMint-UA_2013-06-05-m0.u18.p6.sent1	І тому наша фракція сьогодні знову підтверджує незаконність призначення пані Лутковської, вона не є представником Уповноваженої, і її доповідь нічого не означає.
ParlaMint-UA_2013-06-05-m0.u18.p7.sent1	Я зможу подати їй руку тільки після того, якщо вона виконає свій, повинна виконати свій обов’язок.
ParlaMint-UA_2013-06-05-m0.u18.p7.sent2	Вона повинна звернутися до Президента на звільнення Юлії Тимошенко, і ми це вимагаємо всією фракцією.
ParlaMint-UA_2013-06-05-m0.u19.p1.sent1	Фракція "УДАР" Віталія Кличка", народний депутат Мочков.
ParlaMint-UA_2013-06-05-m0.u19.p1.sent2	Прошу.
ParlaMint-UA_2013-06-05-m0.u20.p1.sent1	Шановний Володимире Васильовичу, хочу передати слово своїй колезі Ірині Геращенко.
ParlaMint-UA_2013-06-05-m0.u21.p1.sent1	Передали, прошу.
ParlaMint-UA_2013-06-05-m0.u22.p1.sent1	Шановний пане Голово, шановні колеги!
ParlaMint-UA_2013-06-05-m0.u22.p1.sent2	Рівно тиждень тому, наша колега і одна з найкращих сучасних українських письменниць Марія Матіос представляла свою виставу "Нація" у Донецьку.
ParlaMint-UA_2013-06-05-m0.u22.p1.sent3	І ви знаєте, рівно годину потім вона розповідала нашій фракції про той фантастичний, чудовий, теплий, прекрасний, унікальний прийом, який влаштував їй Донецьк.
ParlaMint-UA_2013-06-05-m0.u22.p1.sent4	І зараз ми від імені Марії Василівни, яка сама хотіла це сказати, але, на жаль, вона хворіє, і від імені всієї нашої фракції, просто хочемо подякувати Донецьку, я прошу всіх поаплодувати.
ParlaMint-UA_2013-06-05-m0.u22.p1.sent5	За те, що ці люди, насправді, роблять велику справу.
ParlaMint-UA_2013-06-05-m0.u22.p2.sent1	Сьогодні жителі Донбасу, вони насправді руйнують стереотипи, які намагаються нав’язати деякі політикани.
ParlaMint-UA_2013-06-05-m0.u22.p2.sent2	Про те, що начебто існує дві історії України, про те, що начебто існує два бачення того, що було з Україною.
ParlaMint-UA_2013-06-05-m0.u22.p2.sent3	Це не так.
ParlaMint-UA_2013-06-05-m0.u22.p2.sent4	І прекрасно, що це розуміють прості люди.
ParlaMint-UA_2013-06-05-m0.u22.p2.sent5	І зараз я з великою честю для себе хочу прочитати кілька слів від Марії Матіос, яка попросила от від нашої фракції сказати вам, дорогі колеги, наступне:
ParlaMint-UA_2013-06-05-m0.u22.p3.sent1	"Отже, для колег із Партії регіонів я хочу промовити, нарешті, одну приємну новину.
ParlaMint-UA_2013-06-05-m0.u22.p3.sent2	В Україні є все, як в Греції: і безробіття, і падіння виробництва, і бардак, і багато чого.
ParlaMint-UA_2013-06-05-m0.u22.p3.sent3	Немає тільки двох речей: доріг і фашизму."
ParlaMint-UA_2013-06-05-m0.u22.p4.sent1	Так давайте ми з вами, дорогі колеги, займемося тут тим, чим і мають займатися політики, щоб в Україні з’явилися нормальні дороги.
ParlaMint-UA_2013-06-05-m0.u22.p4.sent2	Але не будемо спекулювати на тих темах, яких в Україні не існує.
ParlaMint-UA_2013-06-05-m0.u22.p5.sent1	Тому що, дійсно, на жаль, завдяки недобрих політиків і політиканів декілька слів в Україні, вони чомусь отримали певний лякливий зміст.
ParlaMint-UA_2013-06-05-m0.u22.p5.sent2	Це слово "нація" і слово "патріотизм".
ParlaMint-UA_2013-06-05-m0.u22.p5.sent3	Насправді, це не є лякливими словами, це є важливі слова для кожного українця, і вони не є причиною для втрати здорового глузду.
ParlaMint-UA_2013-06-05-m0.u22.p5.sent4	Так Марії Василівні Матіос сказали в Донецьку.
ParlaMint-UA_2013-06-05-m0.u22.p5.sent5	До речі, сказали їй це російською мовою.
ParlaMint-UA_2013-06-05-m0.u22.p6.sent1	І ті люди, ті прості дончани, які розмовляли з нашою колегою російською мовою, просили передати у цей зал: "Дорогі народні депутати, от не робіть, будь ласка, з нас, простих людей, якихось розумових калік.
ParlaMint-UA_2013-06-05-m0.u22.p6.sent2	Так, ми прості люди, розмовляємо російською мовою, але ми чудово розуміємо українську, і не треба колоти нас за мову".
ParlaMint-UA_2013-06-05-m0.u22.p7.sent1	Більше того, 17 хвилин цей театр аплодував виставі Марії Василівни і Івано-Франківського театру, а вистава йде навіть не українською мовою, вона йде галицьким діалектом і, уявіть собі, Донецьк це зрозумів.
ParlaMint-UA_2013-06-05-m0.u22.p8.sent1	Так можливо варто, ми хочемо звернутися до вас, дорогий спікере, нам, усім цим залом, разом піти на одну з вистав Марії Василівни і зрозуміти, що немає двох Україн.
ParlaMint-UA_2013-06-05-m0.u22.p8.sent2	Є одна Україна, одна історія, і ми маємо з вами клеїти її, а не роз’єднувати.
ParlaMint-UA_2013-06-05-m0.u22.p8.sent3	Також ми дуже раді, що на цій виставі була перша леді, пані Людмила Янукович.
ParlaMint-UA_2013-06-05-m0.u22.p8.sent4	І це прекрасний приклад того, як справжні патріоти Донецька мають клеїти країну, а не її розколювати.
ParlaMint-UA_2013-06-05-m0.u22.p9.sent1	Від нашої фракції дякуємо Донецьку і дякуємо за увагу.
ParlaMint-UA_2013-06-05-m0.u23.p1.sent1	Так що, давайте подякуємо Донецьку за теплий прийом.
ParlaMint-UA_2013-06-05-m0.u23.p1.sent2	Давайте подякуємо.
ParlaMint-UA_2013-06-05-m0.u23.p2.sent1	Партія регіонів, народний депутат Богословська.
ParlaMint-UA_2013-06-05-m0.u24.p1.sent1	Доброго дня, шановна громада!
ParlaMint-UA_2013-06-05-m0.u24.p1.sent2	Я зараз буду переходити на російську, тому я знову попрошу спікера Верховної Ради наприкінці кінців почати виконувати Регламент і видаляти із залу тих депутатів, які порушують правила поведінки в залі.
ParlaMint-UA_2013-06-05-m0.u24.p2.sent1	Уважаемые друзья, уважаемые слушатели, я бы хотела сейчас сказать о том, что технология разделения Украины продолжается и экстремизм, хамство и проявление фашизма конечно-же тревожат нас всех, и я уверена, что те результаты выборов, которые мы получили в это воскресенье, когда из 117 городов, районов, где происходили выборы, в 101 победили представители Партии регионов, как раз и говорить о том, что люди тревожаться, что люди против того, чтобы вот такие горлопаны, как "Свобода" и тем, кто с ними вопреки европейской практике стоит рядом, что они представляют уже опасность для Украины.
ParlaMint-UA_2013-06-05-m0.u24.p3.sent1	Голосуя за представителей Партии регионов, люди голосовали за три главные вещи.
ParlaMint-UA_2013-06-05-m0.u24.p3.sent2	Первое – это конкретные дела, конкретно отремонтированные садики, новое оборудование в больницах, сохраненные рабочие места там, где это возможно, и нормальные, внятные, адекватные управляющие.
ParlaMint-UA_2013-06-05-m0.u24.p4.sent1	Я хочу особенно привести в пример Киевскую область.
ParlaMint-UA_2013-06-05-m0.u24.p4.sent2	Два депутата, которые избраны в Вышгороде и в Фастове, - это депутаты, которые были руководителями районных администраций.
ParlaMint-UA_2013-06-05-m0.u24.p4.sent3	Они показали себя в работе, в конкретной работе настолько хорошо, что киевляне, жители Киевской области поддержали их и проголосовали за них как за депутатов областной рады.
ParlaMint-UA_2013-06-05-m0.u24.p4.sent4	В Василькове за бывшего руководителя районной администрации проголосовали, и он стал мэром.
ParlaMint-UA_2013-06-05-m0.u24.p5.sent1	Это высшая оценка.
ParlaMint-UA_2013-06-05-m0.u24.p5.sent2	И это значит, что крики, запутывания и призывы к насилию получают абсолютно противоположную реакцию у людей.
ParlaMint-UA_2013-06-05-m0.u24.p5.sent3	Люди ищут за нами, кто умеет работать и быть нормальными, ответственными людьми, защиту от беспредела.
ParlaMint-UA_2013-06-05-m0.u24.p6.sent1	Поэтому, уважаемая "Свобода", неуважаемые неофашисты, чем больше вы будете агрессивны, чем больше вы будете орать, тем больше людей будут голосовать за представителей Партии регионов и за тех людей, которые умеют работать и строить, а не разрушать.
ParlaMint-UA_2013-06-05-m0.u24.p6.sent2	И за тех людей, кто уважительно относится к любому, независимо от его языка, независимо от его социального положения.
ParlaMint-UA_2013-06-05-m0.u24.p6.sent3	Мы очень благодарны избирателям, которые поддержали наших представителей.
ParlaMint-UA_2013-06-05-m0.u24.p6.sent4	Мы очень ответственны, будем работать дальше.
ParlaMint-UA_2013-06-05-m0.u25.p1.sent1	Завершуйте.
ParlaMint-UA_2013-06-05-m0.u26.p1.sent1	И мы уверены, что это захопленість агрессией и хамством скоро пройдет.
ParlaMint-UA_2013-06-05-m0.u26.p1.sent2	Как молодые люди, сначала им нравиться бить морды, потом они становятся нормальными папами и мамами.
ParlaMint-UA_2013-06-05-m0.u26.p1.sent3	Украина мудреет.
ParlaMint-UA_2013-06-05-m0.u26.p1.sent4	Спасибо нашим избирателям.
ParlaMint-UA_2013-06-05-m0.u27.p1.sent1	Шановні народні депутати!
ParlaMint-UA_2013-06-05-m0.u27.p1.sent2	Шановні народні депутати!
ParlaMint-UA_2013-06-05-m0.u27.p1.sent3	Я вам теж показую.
ParlaMint-UA_2013-06-05-m0.u27.p1.sent4	От послухайте мене, а потім я вам дам репліку, послухайте.
ParlaMint-UA_2013-06-05-m0.u27.p1.sent5	Сідайте.
ParlaMint-UA_2013-06-05-m0.u27.p2.sent1	В Законі про Регламент, я тоді сюди буду казати, в Законі про Регламент написано: "На пленарному засіданні народний депутат не повинен перешкоджати викладенню або сприйняттю виступу вигуками, оплесками, вставанням, розмовами по мобільному телефону тощо, вживати образливі висловлювання та непристойні слова і закликати до незаконних дій".
ParlaMint-UA_2013-06-05-m0.u27.p2.sent2	І далі.
ParlaMint-UA_2013-06-05-m0.u27.p2.sent3	Не я з залу буду удаляти, а ви будете голосувати.
ParlaMint-UA_2013-06-05-m0.u27.p2.sent4	"Верховна Рада без обговорення може прийняти рішення про позбавлення народного депутата права брати участь у пленарних засіданнях, до п’яти пленарних засідань.
ParlaMint-UA_2013-06-05-m0.u27.p2.sent5	Це рішення доводиться до відома виборців, через газету "Голос України".
ParlaMint-UA_2013-06-05-m0.u27.p2.sent6	Тому як ви мені доручити, я буду ставити на голосування, а ви будете вирішувати, а мене звинувачувати в цьому не потрібно.
ParlaMint-UA_2013-06-05-m0.u27.p3.sent1	Тому ніяких далі реплік.
ParlaMint-UA_2013-06-05-m0.u27.p3.sent2	Не ображайте один одного.
ParlaMint-UA_2013-06-05-m0.u27.p3.sent3	Давайте працювати.
ParlaMint-UA_2013-06-05-m0.u27.p3.sent4	Тільки виступи були, що виборці ждуть від нас роботи.
ParlaMint-UA_2013-06-05-m0.u27.p3.sent5	Тому я переходжу.
ParlaMint-UA_2013-06-05-m0.u27.p3.sent6	Ваше прізвище не називали, сідайте!
ParlaMint-UA_2013-06-05-m0.u27.p3.sent7	Не дам!
ParlaMint-UA_2013-06-05-m0.u27.p3.sent8	Олег Ярославович!
ParlaMint-UA_2013-06-05-m0.u27.p3.sent9	Давайте працювати!
ParlaMint-UA_2013-06-05-m0.u27.p3.sent10	Хватить ображати один одного.
ParlaMint-UA_2013-06-05-m0.u27.p3.sent11	Ви тільки виступали, що були у виборців, виборці просять приймати закони, які їм потрібні.
ParlaMint-UA_2013-06-05-m0.u27.p3.sent12	Що ще треба?
ParlaMint-UA_2013-06-05-m0.u27.p3.sent13	Ну, що треба?
ParlaMint-UA_2013-06-05-m0.u27.p4.sent1	Розглядаємо питання про усунення неузгодженостей у прийнятих законах.
ParlaMint-UA_2013-06-05-m0.u27.p4.sent2	Давайте от закони приймати, щоб ми не узгоджували потім.
ParlaMint-UA_2013-06-05-m0.u27.p5.sent1	Шановні народні депутати, Верховною Радою України 21 травня 2013 року прийнято Закон України про внесення змін до статті 13 Закону України "Про статус ветеранів війни, гарантії їх соціального захисту" (щодо першочергового безоплатного забезпечення санаторно-курортним лікуванням інвалідів війни", реєстраційний номер 1086.
ParlaMint-UA_2013-06-05-m0.u27.p5.sent2	Я не можу його підписати, тому що при підготовці тексту закону на підпис були виявлені редакційні неточності у назвах центральних органів виконавчої влади, пов’язані із системними змінами до законодавчих актів України у зв’язку із проведенням адміністративної реформи, зокрема, і до Закону "Про статус ветеранів війни і гарантії їх соціального захисту".
ParlaMint-UA_2013-06-05-m0.u27.p6.sent1	Відповідно до статті 131 Регламенту з метою усунення редакційних неточностей у прийнятому законі вноситься пропозиція щодо уточнення положень абзацу п’ятого пункту один прийнятого закону.
ParlaMint-UA_2013-06-05-m0.u27.p6.sent2	А саме, абзац п’ятий пункту один прийнятого закону викласти в такій редакції:
ParlaMint-UA_2013-06-05-m0.u27.p6.sent3	"Інваліди війни забезпечується путівками відповідно Міністерством оборони України, Міністерством внутрішніх справ України, Службою безпеки України, центральними органами виконавчої влади, що реалізують державну політику у сферах охорони здоров’я, соціального захисту населення, захисту Державного кордону та іншими органами за місцем перебування інваліда на обліку або за місцем його роботи".
ParlaMint-UA_2013-06-05-m0.u27.p7.sent1	Тому я ставлю на голосування зазначену пропозицію комітету, і я підпишу цей закон.
ParlaMint-UA_2013-06-05-m0.u27.p7.sent2	Прошу приготуватися до голосування і я ставлю цю пропозицію на голосування.
ParlaMint-UA_2013-06-05-m0.u27.p7.sent3	Прошу голосувати.
ParlaMint-UA_2013-06-05-m0.u27.p8.sent1	За-319
ParlaMint-UA_2013-06-05-m0.u27.p9.sent1	Пропозиція щодо усунення неузгодженостей прийнята.
ParlaMint-UA_2013-06-05-m0.u27.p10.sent1	Далі, іще один закон, питання про усунення неузгодженостей.
ParlaMint-UA_2013-06-05-m0.u27.p10.sent2	В зв’язку з виявленими неузгодженостями в поданому на підпис тексті заяві України про внесення змін до Бюджетного кодексу України у зв’язку із створенням органів доходів і зборів, прийнятого 16 травня 2013 року, (реєстраційний номер 2800) відповідно до статті 131 Регламенту Верховної Ради України, вноситься пропозиція: уточнити редакцію пункту один розділу другого прийнятого закону, виклавши його в такій редакції: цей закон набирає чинності з дня наступного за днем його опублікування, крім абзацу другого пункту 1 і пункту 5 розділу першого цього закону, який набирає чинності з 1 липня 2013 року; абзаців третього і четвертого пункту 1, абзацу другого пункту 2 і пункту 6 розділу першого цього закону, який набирає чинності одночасно з набранням чинності Закону України "Про внесення змін до Податкового кодексу України" у зв’язку з проведенням адміністративної реформи.
ParlaMint-UA_2013-06-05-m0.u27.p11.sent1	То я ставлю на голосування зазначену пропозицію.
ParlaMint-UA_2013-06-05-m0.u27.p11.sent2	Прошу народних депутатів голосувати.
ParlaMint-UA_2013-06-05-m0.u27.p12.sent1	За-203
ParlaMint-UA_2013-06-05-m0.u27.p13.sent1	Проти – 103.
ParlaMint-UA_2013-06-05-m0.u27.p13.sent2	Утримались – 2.
ParlaMint-UA_2013-06-05-m0.u27.p13.sent3	Не голосували – 93.
ParlaMint-UA_2013-06-05-m0.u27.p14.sent1	Рішення не прийнято.
ParlaMint-UA_2013-06-05-m0.u27.p14.sent2	Прошу керівника Комітету з бюджету.
ParlaMint-UA_2013-06-05-m0.u27.p15.sent1	По фракціях.
ParlaMint-UA_2013-06-05-m0.u27.p15.sent2	Партія регіонів – 161, "Батьківщина" – 1, "УДАР" Віталія Кличка" – 0, "Свобода" – 0, Компартія – 31, "Позафракційні" – 10.
ParlaMint-UA_2013-06-05-m0.u27.p16.sent1	Комітет, бюджетний комітет, треба дати додаткову інформацію.
ParlaMint-UA_2013-06-05-m0.u27.p16.sent2	Депутати, мабуть, не зрозуміли, які пункти і що узгоджується.
ParlaMint-UA_2013-06-05-m0.u27.p16.sent3	Прошу.
ParlaMint-UA_2013-06-05-m0.u27.p16.sent4	Готові?
ParlaMint-UA_2013-06-05-m0.u27.p16.sent5	Прошу включити мікрофон Гєллєра.
ParlaMint-UA_2013-06-05-m0.u27.p16.sent6	Закон прийнято, треба його підписувати, а я не можу, тому давайте уточним.
ParlaMint-UA_2013-06-05-m0.u28.p1.sent1	Шановні народні депутати, я не можу зрозуміти, чому ви не підтримуєте цей законопроект.
ParlaMint-UA_2013-06-05-m0.u28.p1.sent2	Він пройшов комітет, одностайно був підтриманий в комітеті.
ParlaMint-UA_2013-06-05-m0.u28.p1.sent3	Немає нічого, щоб ви могли не голосувати за цей законопроект.
ParlaMint-UA_2013-06-05-m0.u28.p1.sent4	Він стосується того, що об’єднано дві структури: це налогова та таможенна служба.
ParlaMint-UA_2013-06-05-m0.u28.p2.sent1	Тому прошу.
ParlaMint-UA_2013-06-05-m0.u28.p2.sent2	Володимире Васильовичу, прошу ще раз поставити цей законопроект і підтримати його.
ParlaMint-UA_2013-06-05-m0.u28.p2.sent3	Дякую.
ParlaMint-UA_2013-06-05-m0.u29.p1.sent1	Прошу записатися.
ParlaMint-UA_2013-06-05-m0.u29.p1.sent2	По хвилині від фракцій.
ParlaMint-UA_2013-06-05-m0.u29.p2.sent1	Я прошу, народний депутат Тягнибок.
ParlaMint-UA_2013-06-05-m0.u30.p1.sent1	Прошу передати слово Олексію Кайді.
ParlaMint-UA_2013-06-05-m0.u31.p1.sent1	Прошу передати.
ParlaMint-UA_2013-06-05-m0.u32.p1.sent1	Дякую.
ParlaMint-UA_2013-06-05-m0.u32.p1.sent2	Олексій Кайда, фракція Всеукраїнського об’єднання "Свобода".
ParlaMint-UA_2013-06-05-m0.u32.p2.sent1	Шановний Володимире Васильовичу!
ParlaMint-UA_2013-06-05-m0.u32.p2.sent2	Шановні депутати!
ParlaMint-UA_2013-06-05-m0.u32.p2.sent3	Ну, по-перше, давайте не будемо вводити в оману, що одностайно був підтриманий цей законопроект в комітетах, що нібито одностайно був підтриманий в Верховній Раді.
ParlaMint-UA_2013-06-05-m0.u32.p2.sent4	Однозначно, ми голосували проти цього закону.
ParlaMint-UA_2013-06-05-m0.u32.p2.sent5	Але суть полягає в наступному: в тих всіх поправках, в тих всіх узгодженостях.
ParlaMint-UA_2013-06-05-m0.u32.p2.sent6	Це є все наслідком того, що ми розглядаємо законопроекти за так званою скороченою процедурою, і тому ці всі неузгодженості, ті крапки, ті коми, неправильні слова – це є, власне, наслідок скороченою процедури.
ParlaMint-UA_2013-06-05-m0.u32.p3.sent1	Ми закликаємо, фракція Всеукраїнського об’єднання "Свобода", щоби законопроекти, які виносяться в сесійну залу, розглядалися по повній програмі.
ParlaMint-UA_2013-06-05-m0.u32.p3.sent2	І тоді не буде неузгодженостей.
ParlaMint-UA_2013-06-05-m0.u32.p3.sent3	Тоді не будете говорити, що хтось щось не зрозумів.
ParlaMint-UA_2013-06-05-m0.u32.p3.sent4	Всі прекрасно розуміють і знають для чого цей законопроект антисоціальний приймається.
ParlaMint-UA_2013-06-05-m0.u32.p3.sent5	Тому фракція не буде голосувати за ці поправки.
ParlaMint-UA_2013-06-05-m0.u32.p3.sent6	Дякую.
ParlaMint-UA_2013-06-05-m0.u33.p1.sent1	Добре.
ParlaMint-UA_2013-06-05-m0.u33.p1.sent2	Фракція комуністів.
ParlaMint-UA_2013-06-05-m0.u33.p1.sent3	Симоненко.
ParlaMint-UA_2013-06-05-m0.u34.p1.sent1	Симоненко, фракция коммунистов.
ParlaMint-UA_2013-06-05-m0.u34.p1.sent2	Уважаемые избиратели!
ParlaMint-UA_2013-06-05-m0.u34.p1.sent3	Я хочу пояснить, что происходит в парламенте.
ParlaMint-UA_2013-06-05-m0.u34.p1.sent4	Идет борьба кланов за власть.
ParlaMint-UA_2013-06-05-m0.u34.p1.sent5	И, учитывая, что сегодня главное в их деятельности – это популизм и социальный популизм, используется все для того, чтобы, показав свою якобы позицию, дестабилизировать ситуацию в Украине.
ParlaMint-UA_2013-06-05-m0.u34.p1.sent6	Это становится очевидным.
ParlaMint-UA_2013-06-05-m0.u34.p1.sent7	И не ставится вопрос о наведении порядка, ужесточения дисциплины, о правильном использовании тех или иных ресурсов, которыми мы располагаем, о точности направления ресурсов для того, чтобы поддержать конкретные социальные наши группы и социальные проекты.
ParlaMint-UA_2013-06-05-m0.u34.p2.sent1	Поэтому для нас, коммунистов, это очевидно, что представители одного из крыла правящей партии, которые играются в оппозицию, в очередной раз сегодня все делают для того, чтобы блокировать работу структур исполнительной власти.
ParlaMint-UA_2013-06-05-m0.u34.p2.sent2	Нравятся или не нравятся кому-то те решения, которые приняты по реорганизации, она состоялась и надо финансировать структуры для того, чтобы она действовала.
ParlaMint-UA_2013-06-05-m0.u35.p1.sent1	Фракція "УДАР Віталія Кличка", народний депутат Паламарчук.
ParlaMint-UA_2013-06-05-m0.u36.p1.sent1	Прошу передати слово Розенко.
ParlaMint-UA_2013-06-05-m0.u37.p1.sent1	Прошу, Павло Розенко.
ParlaMint-UA_2013-06-05-m0.u38.p1.sent1	Павло Розенко, фракція "УДАР Віталія Кличка".
ParlaMint-UA_2013-06-05-m0.u38.p1.sent2	Ну, позиція фракції "УДАР" щодо цього законопроекту і взагалі щодо ідеї створення Міністерства доходів і зборів, мінздоху так званого, є чітка і однозначна.
ParlaMint-UA_2013-06-05-m0.u38.p1.sent3	Ми проти створення в Україні додаткових корупційних ланок.
ParlaMint-UA_2013-06-05-m0.u38.p1.sent4	Корупційних ланок, які покликані тільки для одного – акумулювати всі кошти, в тому числі соціального страхування, Пенсійного фонду України, щоб вони проходили через кишені чиновників.
ParlaMint-UA_2013-06-05-m0.u38.p1.sent5	Щоб вони не поступали прямо людям у вигляді соціальних допомог і пенсій.
ParlaMint-UA_2013-06-05-m0.u38.p1.sent6	А щоб корупційні дії чиновників осідали в кишенях цих чиновників.
ParlaMint-UA_2013-06-05-m0.u38.p2.sent1	Тому наша фракція є одноголосною.
ParlaMint-UA_2013-06-05-m0.u38.p2.sent2	Ми проти такого органу, ми проти цього закону і ми ніколи не будемо підтримувати ні запровадження векселів,.
ParlaMint-UA_2013-06-05-m0.u39.p1.sent1	Партія регіонів, народний депутат Рудьковський.
ParlaMint-UA_2013-06-05-m0.u40.p1.sent1	Шановні народні депутати!
ParlaMint-UA_2013-06-05-m0.u40.p1.sent2	Я звертаюся до тих народних депутатів, які перший раз були обрані до Верховної Ради.
ParlaMint-UA_2013-06-05-m0.u40.p1.sent3	Шановні колеги!
ParlaMint-UA_2013-06-05-m0.u40.p1.sent4	По-перше, якщо ми уже прийняли закон і ми після того, як прочитали технічні правки, бачимо, що є неузгодженості в законі, то нам потрібно поправити ці поправки для того, щоб закон дійсно працював і відповідав всій логіці.
ParlaMint-UA_2013-06-05-m0.u40.p1.sent5	Це по-перше.
ParlaMint-UA_2013-06-05-m0.u40.p2.sent1	По-друге.
ParlaMint-UA_2013-06-05-m0.u40.p2.sent2	Скорочена процедура приміняється тільки в першому читанні.
ParlaMint-UA_2013-06-05-m0.u40.p2.sent3	В другому читанні розглядається закон і всі поправки, скажімо так.
ParlaMint-UA_2013-06-05-m0.u40.p2.sent4	І обговорюються всі поправки.
ParlaMint-UA_2013-06-05-m0.u40.p2.sent5	Ми цей закон прийняли.
ParlaMint-UA_2013-06-05-m0.u40.p2.sent6	І є велика необхідність для того,щоб цей закон запрацював.
ParlaMint-UA_2013-06-05-m0.u40.p2.sent7	Подобається, не подобається така структура.
ParlaMint-UA_2013-06-05-m0.u40.p2.sent8	Але закон прийнятий і для того, щоб він працював більш ефективно нам і потрібно зараз виправити цю технічну помилку, яка зроблена не з вини.
ParlaMint-UA_2013-06-05-m0.u41.p1.sent1	Фракція "Батьківщина", народний депутат Тарасюк.
ParlaMint-UA_2013-06-05-m0.u41.p1.sent2	Чорноволенко, прошу.
ParlaMint-UA_2013-06-05-m0.u42.p1.sent1	Шановний Володимире Васильовичу, шановні друзі!
ParlaMint-UA_2013-06-05-m0.u42.p1.sent2	Проблема в тому, що зараз от в залі ніхто не може зрозуміти, що ми розглядаємо.
ParlaMint-UA_2013-06-05-m0.u42.p1.sent3	Наскільки я розумію, Володимире Васильовичу, ви сказали про те, що ми маємо внести зміни до Бюджетного кодексу.
ParlaMint-UA_2013-06-05-m0.u42.p1.sent4	А голова бюджетного комітету сказав, що ми розглядали Закон про фінансування міністерства на комітеті податків і доходів, і зборів.
ParlaMint-UA_2013-06-05-m0.u42.p2.sent1	Так законопроект той ми розглядали і майже половина депутатів всі від опозиції голосували проти.
ParlaMint-UA_2013-06-05-m0.u42.p2.sent2	А от зміни до Бюджетного кодексу ми взагалі не розглядали.
ParlaMint-UA_2013-06-05-m0.u42.p2.sent3	Тому їх треба внести в порядок денний, розглянути і так далі.
ParlaMint-UA_2013-06-05-m0.u42.p2.sent4	Більше того, ми тоді попереджали, що цей закон, який ми тоді приймали, порушує і Митний кодекс, і Бюджетний кодекс.
ParlaMint-UA_2013-06-05-m0.u42.p2.sent5	І зараз дійсно це сказали нам фахівці, сказали: тепер виправляйте.
ParlaMint-UA_2013-06-05-m0.u42.p2.sent6	Але ж ви повинні були спочатку змінити Бюджетний кодекс, а потім приймати закон.
ParlaMint-UA_2013-06-05-m0.u42.p2.sent7	А взагалі розумніше за все було – не порушувати Бюджетний кодекс в іншій частині, а прийняти це рішення Президентом ще в кінці минулого року або дочекатися.
ParlaMint-UA_2013-06-05-m0.u43.p1.sent1	Шановні депутати, всі висловилися.
ParlaMint-UA_2013-06-05-m0.u43.p1.sent2	Я хочу підвести підсумки.
ParlaMint-UA_2013-06-05-m0.u43.p1.sent3	Помилки Верховна Рада, коли прийнятий закон, повинна виправляти.
ParlaMint-UA_2013-06-05-m0.u43.p1.sent4	Але я вніс пропозиції, ви їх не підтримали.
ParlaMint-UA_2013-06-05-m0.u43.p1.sent5	Згідно з закону читаю вам: "У разі відхилення Верховною Радою пропозицій Голови Верховної Ради України, він зобов’язаний у той же день підписати, раніше поданий йому на підпис, текст закону".
ParlaMint-UA_2013-06-05-m0.u43.p1.sent6	І я виконаю закон, який ми прийняли і йдемо далі працювати.
ParlaMint-UA_2013-06-05-m0.u43.p2.sent1	Оголошення.
ParlaMint-UA_2013-06-05-m0.u43.p2.sent2	Оголошується про припинення повноважень Тимчасової комісії Верховної Ради України з питань розслідування фактів перегляду волевиявлення українського народу на парламентських виборах 2012 року, оскільки комісія мала прозвітувати про виконання роботи не пізніше місяця з дня прийняття Постанови про її утворення, тобто 21 квітня цього року.
ParlaMint-UA_2013-06-05-m0.u43.p2.sent3	А відповідно до положень частини восьмої статті 87 та пункту 2 частини шостої 88 Регламенту Верховної Ради України у разі ненадання Тимчасовою слідчою комісією Звіту Верховній Раді України у визначений Верховною Радою України термін повноваження такої комісії вважаються припиненими з наступного дня після закінчення терміну подання Тимчасовою слідчою комісією звіту.
ParlaMint-UA_2013-06-05-m0.u43.p2.sent4	Водночас зазначаю, що 21 травня 2013 року закінчився термін діяльності комісії.
ParlaMint-UA_2013-06-05-m0.u43.p2.sent5	І комітет дав таке письмо.
ParlaMint-UA_2013-06-05-m0.u43.p3.sent1	Прошу, прошу записатися по хвилині від фракцій.
ParlaMint-UA_2013-06-05-m0.u43.p4.sent1	Так, Компартія України, Симоненко.
ParlaMint-UA_2013-06-05-m0.u44.p1.sent1	Симоненко, фракція комуністів.
ParlaMint-UA_2013-06-05-m0.u44.p1.sent2	Шановні колеги, фракція комуністів підтримує ініціативу Голови Верховної Ради щодо наведення порядку з тим, як працюють у нас тимчасові спеціальні комісії.
ParlaMint-UA_2013-06-05-m0.u44.p1.sent3	Я переконаний, що ті, хто пропонував організувати роботу і вивчення проблеми, яка була підставою створення цієї комісії, зайвий раз показали, що вони не намагалися взагалі наводити порядок в державі.
ParlaMint-UA_2013-06-05-m0.u44.p1.sent4	І всі їхні заяви відносно того, що і як відбувалося на виборах, це також галасливі, популістські заяви і ні що інше.
ParlaMint-UA_2013-06-05-m0.u44.p2.sent1	Тому я до вас звертаюся, шановні виборці, дивіться уважно, хто і що 20 років говорив вам і що робили за ці 20 років.
ParlaMint-UA_2013-06-05-m0.u44.p2.sent2	І практично знищили демократію, засади демократії в Україні, бо сьогодні забороняють українському народу робити свій вибір.
ParlaMint-UA_2013-06-05-m0.u44.p2.sent3	А коли була можливість створити у Верховній Раді комісію і вивчити, вони все зробили для того, щоб ця комісія не діяла.
ParlaMint-UA_2013-06-05-m0.u44.p2.sent4	Тому я вважаю ваші дії правильними, Володимире Васильовичу.
ParlaMint-UA_2013-06-05-m0.u45.p1.sent1	Партія регіонів, Ярослав Сухий, прошу.
ParlaMint-UA_2013-06-05-m0.u46.p1.sent1	Шановні колеги, шановний Володимире Васильовичу, давно зрозуміло, і народні депутати України, котрі працюють тут не перший рік, переконалися.
ParlaMint-UA_2013-06-05-m0.u46.p1.sent2	Ефективність діяльності тимчасових, спеціальних, всіляких накручених комісії – нульова, ефективність – нульова.
ParlaMint-UA_2013-06-05-m0.u46.p1.sent3	А особливо, якщо така комісія створюється не для того, щоб встановити істину, не для того, щоб напрацювати колективним розумом якісь висновки, а ради піару, ради того, аби оправдати власну професійну непридатність, аби оправдати перед виборцями свої провали, аби створити агітмайданчик для свого, привернення до себе уваги, ще більше знижує авторите і таких комісій, і роботи Верховної Ради України.
ParlaMint-UA_2013-06-05-m0.u46.p2.sent1	Володимире Васильовичу, рішення прийнято у відповідності з законом, який так і називається Закон України "Про Регламент".
ParlaMint-UA_2013-06-05-m0.u46.p2.sent2	Рішення правильне, воно єдино вірне , і потрібно так поступати і надалі.
ParlaMint-UA_2013-06-05-m0.u46.p2.sent3	У нас таких ялових комісій назбиралося вже багато, і їх всіх потрібно припинити роботу.
ParlaMint-UA_2013-06-05-m0.u46.p2.sent4	Дякую.
ParlaMint-UA_2013-06-05-m0.u47.p1.sent1	Об’єднання "Свобода", народний депутат Леонов.
ParlaMint-UA_2013-06-05-m0.u48.p1.sent1	Прошу передати слово Ігорю Швайці.
ParlaMint-UA_2013-06-05-m0.u49.p1.sent1	Прошу, народний депутат Швайка.
ParlaMint-UA_2013-06-05-m0.u50.p1.sent1	Ігор Швайка, фракція Всеукраїнського об’єднання "Свобода", Харківщина.
ParlaMint-UA_2013-06-05-m0.u50.p1.sent2	Товариство, я би хотів назвати конкретні прізвища тих людей, які зробили роботу цієї комісії неможливою.
ParlaMint-UA_2013-06-05-m0.u50.p1.sent3	Це народні депутати Єфремов і Симоненко.
ParlaMint-UA_2013-06-05-m0.u50.p1.sent4	Я хотів би назвати прізвища тих людей, які систематично не виконували свої обов’язки, передбачені Конституцією, Законом про Регламент і Законом про статус народного депутата.
ParlaMint-UA_2013-06-05-m0.u50.p1.sent5	Це є народні депутати від Партії регіонів Колесніченко, Лук’янов, Мельниченко, Олійник, Парасків, Шпенов і депутат-комуніст Матвєєв.
ParlaMint-UA_2013-06-05-m0.u50.p1.sent6	Це ті люди, які, не дивлячись на добре організовану роботу з боку голови і заступника комісії, жодного разу не з’явилися, про причини не проінформували, а в особистих розмовах чітко казали, що це є окрема вказівка керівництва фракції.
ParlaMint-UA_2013-06-05-m0.u50.p1.sent7	Тому відповідальність за бездіяльність цієї комісії лежить на Комуністичній партії регіонів.
ParlaMint-UA_2013-06-05-m0.u51.p1.sent1	Прошу, об’єднання "Батьківщина", народний депутат Бриченко.
ParlaMint-UA_2013-06-05-m0.u52.p1.sent1	Передайте, будь ласка, слово Авакову Арсену Борисовичу.
ParlaMint-UA_2013-06-05-m0.u53.p1.sent1	Прошу передати.
ParlaMint-UA_2013-06-05-m0.u54.p1.sent1	Шановний пане голово, ми вимагаємо оприлюднити звіт ТСК, який був вчасно поданий до сектору реєстрації Верховної Ради і не був прийнятий.
ParlaMint-UA_2013-06-05-m0.u54.p2.sent1	Наступне.
ParlaMint-UA_2013-06-05-m0.u54.p2.sent2	Я до вас звернувся вчасно письмово з вимогою надати слово для оприлюднення звіту ТСК.
ParlaMint-UA_2013-06-05-m0.u54.p2.sent3	Ми маємо обов’язок перед українським народом, перед українським парламентом і маємо звітувати по ітогам нашої роботи.
ParlaMint-UA_2013-06-05-m0.u54.p2.sent4	Щодо свідомого ігнорування Партії регіонів та комуністами засідань комісії, хочу сказати, чому вони його ігнорували.
ParlaMint-UA_2013-06-05-m0.u54.p2.sent5	Тому що боялися, боялися тих фактів, які очевидні для кожного, а страх, як відомо, як казав відомий лідер Партії регіонів пан Азаров, "сильные чувства".
ParlaMint-UA_2013-06-05-m0.u54.p3.sent1	Тому сьогодні звіт оприлюднений в средствах массовой информации.
ParlaMint-UA_2013-06-05-m0.u54.p3.sent2	І якщо це український парламент, ми повинні його опублікувати в цій залі і на сайті Верховної Ради, ми цього вимагаємо.
ParlaMint-UA_2013-06-05-m0.u55.p1.sent1	Фракція "УДАР Віталія Кличка", Розенко.
ParlaMint-UA_2013-06-05-m0.u56.p1.sent1	Павло Розенко, фракція "УДАР Віталія Кличка".
ParlaMint-UA_2013-06-05-m0.u56.p1.sent2	Шановні колеги, що сьогодні відбувається тут в сесійній залі?
ParlaMint-UA_2013-06-05-m0.u56.p1.sent3	Для всього суспільства вже цілком очевидно, що у 2015 році нинішній Президент за жодних умов не переможе в чесних і відкритих виборах, за жодних умов цього не буде.
ParlaMint-UA_2013-06-05-m0.u56.p1.sent4	Єдина у нього є можливість, прийти, знову повторити свій шлях до влади через масові фальсифікації під час виборчого процесу.
ParlaMint-UA_2013-06-05-m0.u56.p1.sent5	І ці технології як були обкатані як на попередніх парламентських виборах, так обкатуються щоденно сьогодні.
ParlaMint-UA_2013-06-05-m0.u56.p1.sent6	Васильків, Алчевськ, Ялта – ось останні приклади обкатування брудних протиправних, антинародних і антидемократичних технологій.
ParlaMint-UA_2013-06-05-m0.u56.p2.sent1	Тому ми вимагаємо, щоб по кожному цьому випадку, в тому числі по попереднім виборам, було чітко оприлюднено результати комісії.
ParlaMint-UA_2013-06-05-m0.u56.p2.sent2	Лише після цього ми можемо сказати, що закінчена робота цієї комісії.
ParlaMint-UA_2013-06-05-m0.u57.p1.sent1	Шановні народні депутати, я зробив об’яву і проінформував народних депутатів.
ParlaMint-UA_2013-06-05-m0.u57.p1.sent2	Є ще одна об’ява, і є ще одна інформація.
ParlaMint-UA_2013-06-05-m0.u57.p2.sent1	На виконання припису частини 9 статті 147 Регламенту Верховної Ради України інформую що до Верховної Ради України надійшов висновок Конституційного Суду України від 21 травня 2013 року у справі на звернення Верховної Ради України про надання висновку щодо відповідності законопроекту про внесення змін до статті 98 Конституції України вимогам статей 157 і 158 Основного Закону України.
ParlaMint-UA_2013-06-05-m0.u57.p2.sent2	Тому я прошу народних депутатів ознайомитися.
ParlaMint-UA_2013-06-05-m0.u57.p3.sent1	Якщо виникають якісь питання по тимчасовій комісії, то будемо на Погоджувальній раді, на нараді керівників фракцій узгоджувати.
ParlaMint-UA_2013-06-05-m0.u57.p4.sent1	Йдемо по порядку денному сесії.
ParlaMint-UA_2013-06-05-m0.u57.p4.sent2	Розглядаємо питання ратифікації.
ParlaMint-UA_2013-06-05-m0.u57.p4.sent3	Сідайте, дам я пізніше.
ParlaMint-UA_2013-06-05-m0.u57.p5.sent1	Розглядається проект Закону (номер 0016) про ратифікацію Кредитної угоди (Проект "Завершення будівництва метрополітену в місті Дніпропетровськ") між Україною та Європейським банком реконструкції та розвитку.
ParlaMint-UA_2013-06-05-m0.u57.p6.sent1	Як будемо розглядати?
ParlaMint-UA_2013-06-05-m0.u57.p6.sent2	По повній?
ParlaMint-UA_2013-06-05-m0.u57.p7.sent1	Ставлю пропозицію по скороченій процедурі.
ParlaMint-UA_2013-06-05-m0.u57.p7.sent2	Прошу голосувати.
ParlaMint-UA_2013-06-05-m0.u57.p8.sent1	За-162
ParlaMint-UA_2013-06-05-m0.u57.p9.sent1	Проти – 95, утрималось – 11, не голосувало – 130.
ParlaMint-UA_2013-06-05-m0.u57.p10.sent1	Рішення прийнято.
ParlaMint-UA_2013-06-05-m0.u57.p11.sent1	Я прошу заступника міністра фінансів Сергія Олександровича Рибака.
ParlaMint-UA_2013-06-05-m0.u57.p11.sent2	Прошу, дві хвилини.
ParlaMint-UA_2013-06-05-m0.u58.p1.sent1	Шановний Володимире Васильовичу!
ParlaMint-UA_2013-06-05-m0.u58.p1.sent2	Шановні народні депутати!
ParlaMint-UA_2013-06-05-m0.u58.p1.sent3	Вашій увазі пропонується проект Закону України про ратифікацію Кредитної угоди між Україною та Європейським банком реконструкції і розвитку (щодо завершення будівництва метрополітену в місті Дніпропетровськ).
ParlaMint-UA_2013-06-05-m0.u58.p2.sent1	За цією угодою Україні надається кредит у сумі 152 мільйонів євро для завершення будівництва метрополітену.
ParlaMint-UA_2013-06-05-m0.u58.p2.sent2	Залучення позики ЄБРР здійснюється у євро за плаваючою відсотковою ставкою Euribor плюс один відсоток річних комісією та зобов’язання: одноразова виплата комісії один відсоток від суми позики.
ParlaMint-UA_2013-06-05-m0.u58.p3.sent1	Хочу додатково наголосити, що за станом на 3 червня ставка Euribor становила 0,299 тисячних відсотків.
ParlaMint-UA_2013-06-05-m0.u58.p3.sent2	Тобто це дуже пільгова і дуже приємлива ставка для залучення іноземних кредитів.
ParlaMint-UA_2013-06-05-m0.u58.p4.sent1	Погашення Україною кредиту здійснюватиметься 22 річними і піврічними внесками, починаючи з 2 грудня 2016 року і закінчуючи 2 червня 2027 роком.
ParlaMint-UA_2013-06-05-m0.u58.p4.sent2	Кошти кредиту будуть передані міському бюджету міста Дніпропетровська у вигляді субвенцій з державного бюджету на звершення будівництва метрополітену.
ParlaMint-UA_2013-06-05-m0.u58.p4.sent3	Витрати на обслуговування кредиту будуть компенсовані державі Дніпропетровською міською радою.
ParlaMint-UA_2013-06-05-m0.u58.p5.sent1	Слід наголосити, що всього за цим проектом кредит буде передбачати також залучення 152 мільйонів євро від Європейського інвестиційного банку.
ParlaMint-UA_2013-06-05-m0.u58.p6.sent1	Зважаючи на викладене, прошу підтримати ратифікацію зазначеної кредитної угоди.
ParlaMint-UA_2013-06-05-m0.u58.p6.sent2	І ця угода, хочу наголосити створить сприятливі умови для розвитку транспортної структури Дніпропетровська і матиме позитивні соціально-економічні наслідки.
ParlaMint-UA_2013-06-05-m0.u58.p6.sent3	Дякую за увагу.
ParlaMint-UA_2013-06-05-m0.u59.p1.sent1	Прошу сідати.
ParlaMint-UA_2013-06-05-m0.u59.p1.sent2	Співдоповідь – заступник голови комітету Мірошниченко Юрій Романович.
ParlaMint-UA_2013-06-05-m0.u60.p1.sent1	Дякую, Володимире Васильовичу.
ParlaMint-UA_2013-06-05-m0.u60.p1.sent2	Шановні виборці, шановні колеги!
ParlaMint-UA_2013-06-05-m0.u60.p1.sent3	Комітет у закордонних справах розглянув внесений Президентом України проект Закону України про ратифікацію кредитної угоди перед завершенням будівництва метрополітену у місті Дніпропетровськ між Україною та Європейським банком реконструкції та розвитку, реєстраційний номер 0016 від 27.03.2013 року.
ParlaMint-UA_2013-06-05-m0.u60.p2.sent1	Головна мета угоди – завершення будівництва метрополітену у місті Дніпропетровськ та створення сприятливих умов для розвитку транспортної інфраструктури міста, що матиме позитивні соціально-економічні наслідки.
ParlaMint-UA_2013-06-05-m0.u60.p3.sent1	Головне науково-експертне управління Апарату Верховної Ради України у своєму висновку за підписом керівника управління Борденюка підтримує ратифікацію кредитної угоди.
ParlaMint-UA_2013-06-05-m0.u60.p4.sent1	Комітет Верховної Ради України з питань бюджету за підсумками розгляду зазначеного законопроекту прийняв рішення, що прийняття закону не призведе до зміни показників Державного бюджету України у поточному році, оскільки відповідні кошти враховані в Законі України "Про Державний бюджет України на 2013 рік".
ParlaMint-UA_2013-06-05-m0.u60.p5.sent1	Отже прошу підтримати рішення Комітету у закордонних справах та ратифікувати згадану угоду.
ParlaMint-UA_2013-06-05-m0.u60.p5.sent2	Дякую за увагу.
ParlaMint-UA_2013-06-05-m0.u61.p1.sent1	Прошу народних депутатів записатися на виступи від фракцій.
ParlaMint-UA_2013-06-05-m0.u61.p1.sent2	Народний депутат об’єднання "Свобода" Янків, прошу.
ParlaMint-UA_2013-06-05-m0.u62.p1.sent1	Прошу передати слово Андрію Міщенко.
ParlaMint-UA_2013-06-05-m0.u63.p1.sent1	Прошу передати Андрію Міщенку.
ParlaMint-UA_2013-06-05-m0.u64.p1.sent1	Андрій Міщенко, Всеукраїнське об’єднання "Свобода", Дніпропетровщина.
ParlaMint-UA_2013-06-05-m0.u64.p1.sent2	Всеукраїнське об’єднання і фракція буде підтримувати ратифікацію цієї угоди, тому що метрополітен – це є надзвичайно великий довгобуд міста Дніпропетровську.
ParlaMint-UA_2013-06-05-m0.u64.p1.sent3	З 1982 року він, фактично, не функціклює, шість станцій між собою не з’єднані.
ParlaMint-UA_2013-06-05-m0.u64.p1.sent4	Але є запитання до заступника міністра: чому немає кошторису, хто буде його використовувати, як буде погашуватися кредит, на чиї буде плечі ляже сама ставка кредиту?
ParlaMint-UA_2013-06-05-m0.u64.p2.sent1	Є інший момент: чому інші міські ради самі беруть кредити, а тут має ухвалювати Верховна Рада ратифікацію цього кредиту?
ParlaMint-UA_2013-06-05-m0.u64.p2.sent2	Дякую.
ParlaMint-UA_2013-06-05-m0.u65.p1.sent1	Надамо, надамо слово заступнику міністра, а зараз – фракція "Батьківщина", Ємець.
ParlaMint-UA_2013-06-05-m0.u66.p1.sent1	Ємець Леонід, фракція "Батьківщина", місто Київ, Печерський, Шевченківський та Солом’янський райони.
ParlaMint-UA_2013-06-05-m0.u66.p2.sent1	Прошу передати слово колезі Івану Кириленку, який добре знається в проблемах Дніпропетровського, міста.
ParlaMint-UA_2013-06-05-m0.u67.p1.sent1	Іван Кириленко, прошу.
ParlaMint-UA_2013-06-05-m0.u68.p1.sent1	Шановний Володимире Васильовичу, шановні колеги!
ParlaMint-UA_2013-06-05-m0.u68.p1.sent2	Іван Кириленко, Дніпропетровщина, "Батьківщина".
ParlaMint-UA_2013-06-05-m0.u68.p2.sent1	Наша фракція однозначно підтримає ратифікацію цієї угоди і можемо відверто сказати, що це надзвичайно вигідний кредит Європейського банку реконструкції і розвитку.
ParlaMint-UA_2013-06-05-m0.u68.p2.sent2	Переговори йшли дуже тривалий час, партнери із Європи дуже ретельно приглядалися і до цього об’єкту, і до української сторони, і таки вирішили дати цей надзвичайно вигідний.
ParlaMint-UA_2013-06-05-m0.u68.p2.sent3	цю надзвичайно вигідну позику і це приклад для інших міст і для інших регіонів України.
ParlaMint-UA_2013-06-05-m0.u68.p3.sent1	І ще раз хочу підкреслити, об’єкт у Дніпропетровську будувався ще в 90-ті роки, фінансування зупинилося в кінці 90-х і немає фінансування близько 15 років.
ParlaMint-UA_2013-06-05-m0.u68.p3.sent2	Переговори були важкі, непрості і треба привітати владу Дніпропетровщини за те, що таке питання вирішилося, об’єднали зусилля всі політичні сили, підтримали на сесії міської ради, обласної ради і питання вирішилося таким чином на місцевому рівні.
ParlaMint-UA_2013-06-05-m0.u68.p4.sent1	Наша фракція ретельно відстежувала ці всі процеси, підтримувала їх і ми зараз підтримаємо голосуванням у залі цієї ратифікації.
ParlaMint-UA_2013-06-05-m0.u68.p4.sent2	Дякую.
ParlaMint-UA_2013-06-05-m0.u69.p1.sent1	Прошу Партія регіонів, народний депутат Колесніченко.
ParlaMint-UA_2013-06-05-m0.u70.p1.sent1	Я прошу передать слово Ярославу Сухому.
ParlaMint-UA_2013-06-05-m0.u71.p1.sent1	Передали Ярославу Сухому.
ParlaMint-UA_2013-06-05-m0.u72.p1.sent1	Шановні колеги, чому я вийшов до трибуни.
ParlaMint-UA_2013-06-05-m0.u72.p1.sent2	Якби не вимушене, не вимушене існування, підкреслюю ще раз, вимушене існування бюджетної несправедливості, особливо стосовно регіонів-донорів, не було би ніякої потреби брати кредити.
ParlaMint-UA_2013-06-05-m0.u72.p1.sent3	За ті роки, що будують метро в Дніпропетровську, а за ті 10 років, що будують міст в місті Запоріжжі, тільки ці два міста стільки передали.
ParlaMint-UA_2013-06-05-m0.u72.p1.sent4	більше коштів за програмою так званого "дополнительного изъятия" з бюджету коштів, що вистачило би і на метро, що вистачило би і на 20 таких мостів.
ParlaMint-UA_2013-06-05-m0.u72.p1.sent5	З 2010 року – тут колись хтось з киян учора плакав, ви, хлопці, як так Галя з анекдоту, "балувані", - п’ять станцій метрополітену, нова станція "Дарниця" залізнична закінчена, всі мости довгобуди закінчені, шляхопроводи.
ParlaMint-UA_2013-06-05-m0.u72.p1.sent6	Хтось тут колись варнякав, що не там і не так будують, ремонтують дорогу на Грушевського.
ParlaMint-UA_2013-06-05-m0.u72.p1.sent7	Вийдіть подивіться – шикарна дорога!
ParlaMint-UA_2013-06-05-m0.u72.p1.sent8	Дорога з Житомира на Чоп!
ParlaMint-UA_2013-06-05-m0.u72.p2.sent1	Як ми з вами не говорили, які би красиві речі не проповідували: одні регіони заробляють більше, ніж тратять, інші регіони – навпаки.
ParlaMint-UA_2013-06-05-m0.u72.p2.sent2	Тому підтримати цей проект постанови ви зобов’язані всі, тому що це стосується регіонів-донорів!
ParlaMint-UA_2013-06-05-m0.u73.p1.sent1	Дякую.
ParlaMint-UA_2013-06-05-m0.u73.p2.sent1	Фракція комуністів, хвилина, Симоненко, прошу.
ParlaMint-UA_2013-06-05-m0.u74.p1.sent1	Шановні колеги, фракція Компартії підтримує цей проект.
ParlaMint-UA_2013-06-05-m0.u74.p1.sent2	Але я хотів би привернути вашу увагу до того, що, які б вони вигідні не були, кредити треба повертати і платити проценти по кредитах.
ParlaMint-UA_2013-06-05-m0.u74.p1.sent3	А це означає, що ми додатково будемо шукати ще гроші, щоб повертати ці кредити.
ParlaMint-UA_2013-06-05-m0.u74.p1.sent4	Але, де можна гроші брати у нас, в Україні?
ParlaMint-UA_2013-06-05-m0.u74.p1.sent5	Зверніть увагу, фракція Компартії неодноразово вимагала від нашого уряду фінансової дисципліни виконання державного бюджету.
ParlaMint-UA_2013-06-05-m0.u74.p1.sent6	От у нас західні області, я ще раз хочу, щоб наші виборці у західних областях України зрозуміли, про що я веду розмову.
ParlaMint-UA_2013-06-05-m0.u74.p1.sent7	Є закони України, є державна політика.
ParlaMint-UA_2013-06-05-m0.u74.p1.sent8	Але чому у дотаційних областях, які отримують додатково певні надходження, фінансуються і отримують додаткові пенсії ті, хто воювали на боці Гітлера?
ParlaMint-UA_2013-06-05-m0.u74.p1.sent9	Ось і я хочу, щоб ми сьогодні наводили порядок, перше, у себе в державі і не фінансували ці області, і тим паче зрадників, хто воював на боці Гітлера проти радянського народу і радянської України.
ParlaMint-UA_2013-06-05-m0.u74.p1.sent10	І ці гроші.
ParlaMint-UA_2013-06-05-m0.u75.p1.sent1	Хвилина, народний депутат Ляшко.
ParlaMint-UA_2013-06-05-m0.u75.p1.sent2	І будемо приймати рішення.
ParlaMint-UA_2013-06-05-m0.u76.p1.sent1	Олег Ляшко, Радикальна партія.
ParlaMint-UA_2013-06-05-m0.u76.p1.sent2	Я буду підтримувати ратифікацію цієї угоди, адже вона дасть можливість залучити кредитні кошти для будівництва, для завершення будівництва метрополітену в Дніпропетровську.
ParlaMint-UA_2013-06-05-m0.u76.p1.sent3	Чудове місто, яке заслуговує на те, щоб там було Дніпро.
ParlaMint-UA_2013-06-05-m0.u76.p1.sent4	метро – один із найзручніших видів транспорту.
ParlaMint-UA_2013-06-05-m0.u76.p2.sent1	Але водночас я звертаю увагу уряду і на проблему добудови метро в Києві.
ParlaMint-UA_2013-06-05-m0.u76.p2.sent2	Величезна проблема, яке не вирішується.
ParlaMint-UA_2013-06-05-m0.u76.p2.sent3	Зупинено фінансування будівництва метро на Троєщину, найбільший житловий масив.
ParlaMint-UA_2013-06-05-m0.u76.p2.sent4	Заборгованість метробудівникам за минулий рік не погашена.
ParlaMint-UA_2013-06-05-m0.u76.p2.sent5	Не виділені кошти на будівництво метро на Троєщину в цьому році.
ParlaMint-UA_2013-06-05-m0.u76.p2.sent6	Заторможені роботи на Троєщину в цьому році.
ParlaMint-UA_2013-06-05-m0.u76.p2.sent7	Заторможені роботи по будівництву метро на Теремки.
ParlaMint-UA_2013-06-05-m0.u76.p3.sent1	Я вважаю, що це ті питання, які уряд має вирішувати, адже сотні тисяч людей з Троєщини вранці і ввечері добратися до роботи не можуть через надзвичайну завантаженість.
ParlaMint-UA_2013-06-05-m0.u76.p3.sent2	І тому я звертаюся до уряду з вимогою виділити в цьому році кошти, мінімум два мільярди гривень, на будівництво метро на Троєщину, на Теремки.
ParlaMint-UA_2013-06-05-m0.u76.p3.sent3	Дякую.
ParlaMint-UA_2013-06-05-m0.u77.p1.sent1	Переходимо, шановні депутати, до прийняття рішення.
ParlaMint-UA_2013-06-05-m0.u77.p2.sent1	Ще не було голосування, щоб була репліка.
ParlaMint-UA_2013-06-05-m0.u77.p2.sent2	Читайте Регламент!
ParlaMint-UA_2013-06-05-m0.u77.p3.sent1	Ставлю на голосування проект Закону (реєстраційний номер 0016) про ратифікацію Кредитної угоди (Проект "Завершення будівництва метрополітену в місті Дніпропетровськ") між Україною та Європейським банком реконструкції та розвитку для прийняття за основу і в цілому.
ParlaMint-UA_2013-06-05-m0.u77.p4.sent1	Прошу народних депутатів голосувати.
ParlaMint-UA_2013-06-05-m0.u77.p5.sent1	За-320
ParlaMint-UA_2013-06-05-m0.u77.p6.sent1	Проти – 0, утримались – 0, не голосувало – 75.
ParlaMint-UA_2013-06-05-m0.u77.p7.sent1	Рішення прийнято.
ParlaMint-UA_2013-06-05-m0.u77.p7.sent2	Прошу по фракціях.
ParlaMint-UA_2013-06-05-m0.u77.p7.sent3	Подивилися.
ParlaMint-UA_2013-06-05-m0.u77.p8.sent1	Далі.
ParlaMint-UA_2013-06-05-m0.u77.p8.sent2	Продиктуйте статтю Регламенту, яка?
ParlaMint-UA_2013-06-05-m0.u77.p8.sent3	Кайда, продиктуйте.
ParlaMint-UA_2013-06-05-m0.u77.p8.sent4	А?
ParlaMint-UA_2013-06-05-m0.u77.p8.sent5	Ну, так от, то ви кажете, давай Регламент, то не давай.
ParlaMint-UA_2013-06-05-m0.u77.p9.sent1	Розглядається проект Закону(номер 0018) про ратифікацію Договору між Україною та Об’єднаними Арабськими Еміратами про видачу правопорушників.
ParlaMint-UA_2013-06-05-m0.u77.p9.sent2	Розглядаємо як?
ParlaMint-UA_2013-06-05-m0.u77.p9.sent3	Прошу голосувати, скорочена процедура.
ParlaMint-UA_2013-06-05-m0.u77.p10.sent1	За-152
ParlaMint-UA_2013-06-05-m0.u77.p11.sent1	Проти – 82, утрималось – 9, не голосувало – 153.
ParlaMint-UA_2013-06-05-m0.u77.p11.sent2	Рішення прийнято.
ParlaMint-UA_2013-06-05-m0.u77.p11.sent3	По фракціях.
ParlaMint-UA_2013-06-05-m0.u77.p12.sent1	Доповідає перший заступник міністра юстиції Інна Іванівна Ємельянова.
ParlaMint-UA_2013-06-05-m0.u77.p12.sent2	Прошу.
ParlaMint-UA_2013-06-05-m0.u78.p1.sent1	Дякую.
ParlaMint-UA_2013-06-05-m0.u78.p1.sent2	Шановний Володимире Васильовичу!
ParlaMint-UA_2013-06-05-m0.u78.p1.sent3	Шановні народні депутати України!
ParlaMint-UA_2013-06-05-m0.u78.p1.sent4	На ваш розгляд представлено проект Закону про ратифікацію Договору між Україною та Об’єднаними Арабськими Еміратами про видачу правопорушників.
ParlaMint-UA_2013-06-05-m0.u78.p1.sent5	Ратифікація цього Договору надасть можливість створити правові підстави для співробітництва компетентним органам обох договірних держав щодо видачі осіб, які ухиляються від кримінальної відповідальності, переховуючись на території іншої договірної сторони.
ParlaMint-UA_2013-06-05-m0.u78.p2.sent1	Даний Договір визначає чітко обов’язкові і факультативні підстави, які дають можливість кожній з договірних сторін відмовити у видачі правопорушників.
ParlaMint-UA_2013-06-05-m0.u78.p2.sent2	Зокрема, до обов’язкових таких підстав віднесено відмову у видачі правопорушників, якщо вони є громадянами запитуваної договірної сторони.
ParlaMint-UA_2013-06-05-m0.u78.p2.sent3	Якщо особа, щодо якої здійснено запит, переслідується в зв’язку з її політичними переконаннями або в зв’язку з належністю за певною національною або расовою ознакою, або в зв’язку з релігійними переконаннями.
ParlaMint-UA_2013-06-05-m0.u78.p2.sent4	Якщо злочин у зв’язку з яким запитується видача, є злочином проти військової служби за законодавством запитуваної сторони.
ParlaMint-UA_2013-06-05-m0.u78.p3.sent1	Разом з тим, до обов’язкових підстав визначено, що згідно в запиті відмовляється, якщо згідно із законодавством будь-якої із сторін, особа видача якої запитується, звільняється від кримінального переслідування або вироку у зв’язку із закінченням строку давності або іншої законної підстави.
ParlaMint-UA_2013-06-05-m0.u78.p4.sent1	Договір чітко визначає компетентні органи, які є у кожної договірної сторони.
ParlaMint-UA_2013-06-05-m0.u78.p4.sent2	Для України – це Генеральна прокуратура щодо виконання запитів правоохоронних органів і Міністерство юстиції щодо виконання запитів судів.
ParlaMint-UA_2013-06-05-m0.u78.p5.sent1	Чітко визначено умови, за яких можливо тимчасове затримання особи, щодо якої зроблено запит.
ParlaMint-UA_2013-06-05-m0.u78.p5.sent2	В зв’язку з цим врегульовано питання щодо зарахування, в зв’язку з тимчасовим затриманням при видачі особи зарахування при винесенні вироку.
ParlaMint-UA_2013-06-05-m0.u79.p1.sent1	Завершуйте.
ParlaMint-UA_2013-06-05-m0.u80.p1.sent1	Дякую.
ParlaMint-UA_2013-06-05-m0.u80.p1.sent2	Зарахування при відбутті виконання покарань.
ParlaMint-UA_2013-06-05-m0.u80.p2.sent1	Прошу підтримати ратифікацію цього договору за основу і в цілому.
ParlaMint-UA_2013-06-05-m0.u80.p2.sent2	Він створить правові підстави для виконання договірними сторонами запитів щодо видачі правопорушників, які обвинувачуються в скоєнні злочину.
ParlaMint-UA_2013-06-05-m0.u80.p2.sent3	Дякую.
ParlaMint-UA_2013-06-05-m0.u81.p1.sent1	Сідайте.
ParlaMint-UA_2013-06-05-m0.u81.p1.sent2	Прошу співдоповідь, заступник голови комітету Юрій Романович Мірошниченко.
ParlaMint-UA_2013-06-05-m0.u81.p1.sent3	Прошу.
ParlaMint-UA_2013-06-05-m0.u82.p1.sent1	Дякую, Володимире Васильовичу.
ParlaMint-UA_2013-06-05-m0.u82.p1.sent2	Шановні виборці, шановні колеги, Комітет у закордонних справах розглянув внесений Президентом України проект Закону України про ратифікацію Договору між Україною та Арабськими, Об’єднаними Арабськими Еміратами про видачу правопорушників (реєстраційний номер 0018).
ParlaMint-UA_2013-06-05-m0.u82.p1.sent3	І ухвалив рекомендувати Верховній Раді України прийняття його в цілому як закону.
ParlaMint-UA_2013-06-05-m0.u82.p2.sent1	Метою прийняття зазначеного законопроекту є виконання внутрішньодержавних процедур, необхідних для набрання чинності вказаного договору, що був підписаний 26 листопада 2012 року в місті Абу-Дабі.
ParlaMint-UA_2013-06-05-m0.u82.p3.sent1	Головна мета договору – створення правових підстав для застосування спільних заходів з видачі осіб, які ухиляються від кримінальної відповідальності, переховуючись на території іншої сторони договору.
ParlaMint-UA_2013-06-05-m0.u82.p3.sent2	Сторони договору зобов’язуються видавати одна одній осіб, які знаходяться на їх територіях, та засуджених або обвинувачених за вчинення злочинів для притягнення їх до кримінальної відповідальності або приведення вироку у виконання.
ParlaMint-UA_2013-06-05-m0.u82.p4.sent1	Відповідно до Пояснювальної записки за підписом міністра юстиції України Лавриновича, прийняття цього законопроекту та реалізація договору не потребуватимуть додаткових витрат з Державного бюджету України.
ParlaMint-UA_2013-06-05-m0.u82.p4.sent2	Головне науково-експертне управління Апарату Верховної Ради України не має заперечень проти ратифікації вказаного документу.
ParlaMint-UA_2013-06-05-m0.u82.p5.sent1	Отже, прошу підтримати рішення Комітету у закордонних справах та ратифікувати зазначену угоду.
ParlaMint-UA_2013-06-05-m0.u82.p5.sent2	Дякую вам за увагу.
ParlaMint-UA_2013-06-05-m0.u83.p1.sent1	Прошу народних депутатів записатися від фракцій: 2 – "за", 2 – проти, прошу.
ParlaMint-UA_2013-06-05-m0.u83.p2.sent1	Партія регіонів, народний депутат Фабрикант.
ParlaMint-UA_2013-06-05-m0.u84.p1.sent1	Я прошу передать слово Михаилу Васильевичу Чечетову.
ParlaMint-UA_2013-06-05-m0.u85.p1.sent1	Прошу, Чечетов.
ParlaMint-UA_2013-06-05-m0.u86.p1.sent1	Уважаемый Владимир Васильевич, уважаемые народные депутаты!
ParlaMint-UA_2013-06-05-m0.u86.p1.sent2	26 ноября 2012 года в городе Абу-Даби был подписан Договор между Украиной и Объединенными Арабскими Эмиратами про выдачу правонарушителей.
ParlaMint-UA_2013-06-05-m0.u86.p2.sent1	В соответствии с пунктами "б" и "е" части второй статьи 9 Закона Украины "Про международные договора" договор подлежит ратификации как такой, который касается прав, свобод и обязанностей людей и граждан, поскольку его ратификация предусмотрена статьей 22 этого договора.
ParlaMint-UA_2013-06-05-m0.u86.p3.sent1	Целью договора является создание правовых условий, оснований для использования совместных действий по выдаче лиц, которые уклоняются от уголовной ответственности и находятся на территории другой страны.
ParlaMint-UA_2013-06-05-m0.u86.p4.sent1	Фракция Партии регионов предлагает поддержать ратификацию данного документа.
ParlaMint-UA_2013-06-05-m0.u86.p5.sent1	Я обращаюсь к тем, кто создает шумовую завесу, то же самое, включиться в голосование и заняться конкретным делом, а не бездельем в парламенте.
ParlaMint-UA_2013-06-05-m0.u86.p5.sent2	Ваше безделье дорого обходится народу Украины.
ParlaMint-UA_2013-06-05-m0.u86.p5.sent3	Спасибо.
ParlaMint-UA_2013-06-05-m0.u87.p1.sent1	Фракція "Батьківщина", народний депутат Томенко.
ParlaMint-UA_2013-06-05-m0.u88.p1.sent1	Шановні колеги, звичайно, наша фракція буде підтримувати ратифікацію даної угоди, оскільки мова йде і про виконання наших зобов’язань, і про ще одну особливість.
ParlaMint-UA_2013-06-05-m0.u88.p1.sent2	Ви знаєте, що правова система і, як казати, система покарань, враховуючи історію, традиції та релігію Об’єднаних Арабських Еміратів, є жорсткіша по відношенню до нашої системи.
ParlaMint-UA_2013-06-05-m0.u88.p1.sent3	І тому, коли виникають такі ситуації, звичайно, ми мусили би страхувати своїх громадян при екстремальних ситуаціях.
ParlaMint-UA_2013-06-05-m0.u88.p2.sent1	Але, виступаючи за ратифікацію даного документу, я хотів би наголосити на одній серйозній проблемі.
ParlaMint-UA_2013-06-05-m0.u88.p2.sent2	І я не знаю, чи тут Міністерство закордонних справ присутнє.
ParlaMint-UA_2013-06-05-m0.u88.p2.sent3	Мусило б, я думаю, за логікою, Володимире Васильовичу, присутнє бути, бо вони так само через них ці угоди проходили, і їм забезпечувати теж їх виконання.
ParlaMint-UA_2013-06-05-m0.u88.p3.sent1	На сьогодні склалася катастрофічна ситуація.
ParlaMint-UA_2013-06-05-m0.u88.p3.sent2	Мій аналіз, аналіз моїх колег по "Батьківщині" показує, що такого ганебного і мізерного фінансування наших посольств, консульств і представництв не було, напевно, за всі останні роки.
ParlaMint-UA_2013-06-05-m0.u88.p3.sent3	Чи криза була, чи не криза була, але такого фінансування не було.
ParlaMint-UA_2013-06-05-m0.u88.p3.sent4	Як наші працівники в посольствах чи консульствах можуть захищати права наших громадян, якщо вони отримують кошти на заробітну плату і то не завжди вчасно.
ParlaMint-UA_2013-06-05-m0.u88.p4.sent1	Тому, я думаю, що нам треба, можливо, в п’ятницю, послухати міністра закордонних справ в частині, я знаю, що він теж опікується, щоб було фінансування, це більше питання Президента і Прем’єра, щоб таке фінансування було.
ParlaMint-UA_2013-06-05-m0.u88.p4.sent2	Тому що сьогодні, особливо в пік відпочинкового сезону, де, не дай Бог, хтось з наших громадян, попадає в якісь історії, необхідна юридична допомога, консульська допомога, правова допомога.
ParlaMint-UA_2013-06-05-m0.u88.p4.sent3	Хто її буде надавати, якщо грошей немає на елементарне утримання?
ParlaMint-UA_2013-06-05-m0.u88.p4.sent4	Тому нам необхідно забезпечити повноцінне фінансування нашого представництва за кордоном, щоб наші дипломати активно захищали громадян України, які перебували за кордоном.
ParlaMint-UA_2013-06-05-m0.u89.p1.sent1	Шановні депутати, я звертаюсь до вас, виступати по темі того питання, яке розглядається.
ParlaMint-UA_2013-06-05-m0.u89.p2.sent1	Надаю слово об’єднання "Свобода", народний депутат Мирний.
ParlaMint-UA_2013-06-05-m0.u90.p1.sent1	Прошу передати слово Олександру Оксеньтійовичу Шевченко.
ParlaMint-UA_2013-06-05-m0.u91.p1.sent1	Прошу, народний депутат Шевченко.
ParlaMint-UA_2013-06-05-m0.u92.p1.sent1	Всеукраїнське об’єднання "Свобода" виступає за ратифікацію цього договору.
ParlaMint-UA_2013-06-05-m0.u92.p1.sent2	Разом з тим, я хотів би звернути увагу шановних депутатів на таке, у проекті закону про ратифікацію договору між Україною і Об’єднаними Арабськими Еміратами у статті 3, у пункті 3(А) зазначено, що політичними злочинами не вважаються посягання на главу держави, главу уряду, членів Верховної Ради або членів їх сімей.
ParlaMint-UA_2013-06-05-m0.u92.p1.sent3	Хотілося б знати, що означає "посягання на"?
ParlaMint-UA_2013-06-05-m0.u92.p1.sent4	Чи це на життя, чи це на здоров’я, чи можливо це на честь, чи можливо на гідність і так далі?
ParlaMint-UA_2013-06-05-m0.u92.p1.sent5	Тобто Міністерство юстиції нам цим договором дає знати, що воно готово дати визначення, що таке злочин кримінальний, політичний?
ParlaMint-UA_2013-06-05-m0.u92.p1.sent6	І, очевидно, розмежувати кримінальні злочини від політичних.
ParlaMint-UA_2013-06-05-m0.u92.p1.sent7	Тому я думаю, що ми повинні це лише вітати і сподіватися на те, що Міністерство юстиції в майбутньому зможе розробити ці поняття і категоріальний апарат в цілому.
ParlaMint-UA_2013-06-05-m0.u92.p1.sent8	Тому я закликаю всіх депутатів підтримати ратифікацію цього договору.
ParlaMint-UA_2013-06-05-m0.u92.p1.sent9	Дякую за увагу.
ParlaMint-UA_2013-06-05-m0.u93.p1.sent1	Фракція комуністів, народний депутат Спіріна.
ParlaMint-UA_2013-06-05-m0.u94.p1.sent1	Дякую.
ParlaMint-UA_2013-06-05-m0.u94.p1.sent2	Коммунистическая партия поддерживает данный Законопроект.
ParlaMint-UA_2013-06-05-m0.u94.p1.sent3	Но есть некоторые вставки.
ParlaMint-UA_2013-06-05-m0.u94.p1.sent4	Если человек совершает противоправное деяние, уезжает за границу и вдруг появляется справка о психическом заболевании.
ParlaMint-UA_2013-06-05-m0.u94.p1.sent5	Как в таких случаях поступает наше законодательство, возвращая человека на родину?
ParlaMint-UA_2013-06-05-m0.u94.p1.sent6	По законам любой страны человек, имеющий психическое заболевание, он должен по месту отбыть принудительное лечение, а потом только возвратиться в ту страну.
ParlaMint-UA_2013-06-05-m0.u94.p1.sent7	Как в таких случаях учитываются вот такие проблемы?
ParlaMint-UA_2013-06-05-m0.u94.p1.sent8	Это сегодня проблема довольна частая, мы с ней сталкиваемся, врачи-психиатры.
ParlaMint-UA_2013-06-05-m0.u94.p1.sent9	Поэтому я прошу в данному законопроекте эту проблему учесть.
ParlaMint-UA_2013-06-05-m0.u94.p1.sent10	Спасибо.
ParlaMint-UA_2013-06-05-m0.u95.p1.sent1	Шановні депутати, всі бажаючі в обговоренні виступили.
ParlaMint-UA_2013-06-05-m0.u95.p1.sent2	Тому.
ParlaMint-UA_2013-06-05-m0.u95.p1.sent3	А відповідей немає згідно регламенту і запитань.
ParlaMint-UA_2013-06-05-m0.u95.p2.sent1	Я ставлю на голосування.
ParlaMint-UA_2013-06-05-m0.u95.p2.sent2	Прошу народних депутатів підготуватися до голосування.
ParlaMint-UA_2013-06-05-m0.u95.p2.sent3	Ставлю на голосування проект Закону (номер 0018) про ратифікацію Договору між Україною та Об’єднаними Арабськими Еміратами про видачу правопорушників для прийняття за основу і в цілому.
ParlaMint-UA_2013-06-05-m0.u95.p2.sent4	Прошу голосувати.
ParlaMint-UA_2013-06-05-m0.u95.p3.sent1	За-323
ParlaMint-UA_2013-06-05-m0.u95.p4.sent1	Проти – 0, утрималось – 0, не голосувало – 73.
ParlaMint-UA_2013-06-05-m0.u95.p4.sent2	Рішення прийнято.
ParlaMint-UA_2013-06-05-m0.u95.p4.sent3	По фракціях.
ParlaMint-UA_2013-06-05-m0.u95.p5.sent1	Розглядається проект Закону (номер 0017) про ратифікацію Угоди між Кабінетом Міністрів України та Урядом Російської Федерації про реадмісію.
ParlaMint-UA_2013-06-05-m0.u95.p6.sent1	Як розглядаємо?
ParlaMint-UA_2013-06-05-m0.u95.p6.sent2	Прошу голосувати за скорочену процедуру.
ParlaMint-UA_2013-06-05-m0.u95.p7.sent1	За-165
ParlaMint-UA_2013-06-05-m0.u95.p8.sent1	Проти – 83, утрималось – 9, не голосувало – 137.
ParlaMint-UA_2013-06-05-m0.u95.p8.sent2	Рішення прийнято.
ParlaMint-UA_2013-06-05-m0.u95.p9.sent1	Заступник міністра внутрішніх справ Віктор Іванович Ратушняк, прошу.
ParlaMint-UA_2013-06-05-m0.u96.p1.sent1	Шановний Володимире Васильовичу!
ParlaMint-UA_2013-06-05-m0.u96.p1.sent2	Шановні народні депутати!
ParlaMint-UA_2013-06-05-m0.u96.p1.sent3	Проект Закону про ратифікацію Угоди між Кабінетом Міністрів України та Урядом Російської Федерації про реадмісію розроблено Державною міграційною службовою відповідно до вимог Закону України про міжнародні договори України.
ParlaMint-UA_2013-06-05-m0.u96.p2.sent1	Проектом пропонується ратифікувати Угоду між Кабінетом Міністрів України та Урядом Російської Федерації про реадмісію, підписану 22 жовтня 2012 року в місті Москва.
ParlaMint-UA_2013-06-05-m0.u96.p3.sent1	Угода передбачає введення в дію погоджених сторонами принципів і норм, які визначають порядок передачі, приймання і повернення осіб, що перебувають на території їхніх держав з порушенням порядку в’їзду, виїзду і перебування іноземних громадян і осіб без громадянства.
ParlaMint-UA_2013-06-05-m0.u96.p4.sent1	Зазначене сприятиме протидії нелегальній міграції.
ParlaMint-UA_2013-06-05-m0.u96.p4.sent2	Реалізація положень угоди не потребуватиме додаткових фінансових витрат з Державного бюджету України і буде здійснюватися в межах відповідних бюджетних призначень, передбачених для державної міграційної служби, а також за видатками для державної і прикордонної служби України.
ParlaMint-UA_2013-06-05-m0.u96.p4.sent3	Прошу підтримати.
ParlaMint-UA_2013-06-05-m0.u96.p4.sent4	Дякую за увагу.
ParlaMint-UA_2013-06-05-m0.u97.p1.sent1	Сідайте.
ParlaMint-UA_2013-06-05-m0.u97.p1.sent2	Дякую.
ParlaMint-UA_2013-06-05-m0.u97.p2.sent1	Співдоповідь – заступник голови комітету Юрій Романович Мірошниченко.
ParlaMint-UA_2013-06-05-m0.u97.p2.sent2	Прошу.
ParlaMint-UA_2013-06-05-m0.u98.p1.sent1	Шановні виборці!
ParlaMint-UA_2013-06-05-m0.u98.p1.sent2	Шановні колеги!
ParlaMint-UA_2013-06-05-m0.u98.p1.sent3	Комітет у закордонних справах розглянув внесений Кабінетом Міністрів України проект Закону України про ратифікацію Угоди між Кабінетом Міністрів України та Урядом Російської Федерації про реадмісію (реєстраційний номер 0017) і ухвалив рекомендувати Верховній Раді України ратифікувати зазначену угоду.
ParlaMint-UA_2013-06-05-m0.u98.p2.sent1	Прийняття акту слугуватиме практичним цілям боротьби з нелегальною міграцією, а також дозволить мінімізувати негативні наслідки, які породжуються з незаконною міграцією, закріпити гуманітарну складову національної безпеки, підвищити ефективність спільної боротьби з незаконною міграцією шляхом удосконалення правового регулювання цієї діяльності та заощадити бюджетні кошти, що виділяються на заходи, спрямовані на примусове видворення іноземців.
ParlaMint-UA_2013-06-05-m0.u98.p3.sent1	Відповідно до пояснювальної записки за підписом міністра внутрішніх справ України Захарченка реалізація положень угоди не потребуватиме додаткових матеріальних та інших витрат з Державного бюджету України.
ParlaMint-UA_2013-06-05-m0.u98.p3.sent2	З цим висновком погоджується і Комітет з питань бюджету.
ParlaMint-UA_2013-06-05-m0.u98.p4.sent1	Головне науково-експертне управління Апарату Верховної Ради України у своєму висновку відзначило, що угода може бути ратифікована.
ParlaMint-UA_2013-06-05-m0.u98.p4.sent2	Комітет з питань прав людини, національних меншин і міжнаціональних відносин підтримав необхідність ухвалення Верховною Радою цієї угоди.
ParlaMint-UA_2013-06-05-m0.u98.p5.sent1	Комітет з питань законодавчого забезпечення правоохоронної діяльності також пропонує ратифікувати цю угоду.
ParlaMint-UA_2013-06-05-m0.u98.p6.sent1	Отже, прошу підтримати рішення Комітету у закордонних справах та підтримати ратифікацію зазначеного законопроекту.
ParlaMint-UA_2013-06-05-m0.u98.p6.sent2	Дякую за увагу.
ParlaMint-UA_2013-06-05-m0.u99.p1.sent1	Є бажаючі обговорювати?
ParlaMint-UA_2013-06-05-m0.u99.p1.sent2	Немає?
ParlaMint-UA_2013-06-05-m0.u99.p1.sent3	Не бачу!
ParlaMint-UA_2013-06-05-m0.u99.p1.sent4	Прошу записатися від фракцій на виступ.
ParlaMint-UA_2013-06-05-m0.u99.p2.sent1	Прошу, об’єднання "Свобода", народний депутат Зелик.
ParlaMint-UA_2013-06-05-m0.u100.p1.sent1	Прошу передати слово Шевченку Олександру Васильовичу.
ParlaMint-UA_2013-06-05-m0.u101.p1.sent1	Прошу, Шевченко.
ParlaMint-UA_2013-06-05-m0.u102.p1.sent1	Шевченко, Всеукраїнське об’єднання "Свобода".
ParlaMint-UA_2013-06-05-m0.u102.p1.sent2	"Свобода" в цілому виступає за ратифікацію цієї угоди між Кабінетом Міністрів України та Урядом Російської Федерації.
ParlaMint-UA_2013-06-05-m0.u102.p1.sent3	Але справа у тому, що у цій угоді передбачено, зокрема, у Прикінцевих положеннях, таке: "У випадку розбіжностей при тлумаченні угоди сторони використовують текст російською мовою".
ParlaMint-UA_2013-06-05-m0.u102.p2.sent1	Я не розумію, чому записано саме таке речення, адже згідно міжнародного права, як правило, і українською, і російською мовою тексти є ідентичними.
ParlaMint-UA_2013-06-05-m0.u102.p2.sent2	Чому надано саме перевагу російською мовою, тексту російською мовою, для нас не зрозуміло.
ParlaMint-UA_2013-06-05-m0.u102.p2.sent3	Тому Всеукраїнське об’єднання "Свобода" наполягає на тому, щоб оце речення було поставлено на голосування і вилучено із угоди цієї.
ParlaMint-UA_2013-06-05-m0.u102.p3.sent1	В такому випадку Всеукраїнське об’єднання "Свобода" буде в цілому голосувати за дану угоду, за ратифікацію такої угоди.
ParlaMint-UA_2013-06-05-m0.u102.p3.sent2	А вилучити останнє речення, що розбіжності, якщо існують, то використовується текст російською мовою.
ParlaMint-UA_2013-06-05-m0.u102.p3.sent3	Чому не українською?
ParlaMint-UA_2013-06-05-m0.u102.p3.sent4	Тому ми просимо поставити на голосування саме про вилучення останнього речення із тексту угоди.
ParlaMint-UA_2013-06-05-m0.u102.p3.sent5	Дякую за увагу.
ParlaMint-UA_2013-06-05-m0.u103.p1.sent1	Фракція Компартії України, Гордієнко, прошу.
ParlaMint-UA_2013-06-05-m0.u103.p1.sent2	Кілінкаров.
ParlaMint-UA_2013-06-05-m0.u104.p1.sent1	Гордієнко, фракція Компартії України.
ParlaMint-UA_2013-06-05-m0.u104.p1.sent2	Прошу передати слово моєму колезі Кілінкарову.
ParlaMint-UA_2013-06-05-m0.u105.p1.sent1	Кілінкаров, включили.
ParlaMint-UA_2013-06-05-m0.u106.p1.sent1	Спасибо.
ParlaMint-UA_2013-06-05-m0.u106.p1.sent2	Фракция коммунистов будет поддерживать данный законопроект про реадмиссиию, исходя из того, что в свое время мы ратифицировали договоренности с Европейским Союзом, приняли Закон про реадмиссию, который, кстати сказать, вызвал живую дискуссию.
ParlaMint-UA_2013-06-05-m0.u106.p1.sent3	Даже были попытки со стороны тех, кто сегодня кричит, с той стороны денонсировать этот законопроект и этот договор с Европейским Союзом в связи с тем, что у нас не было, не был принят Закон про реадмиссию со стороны Российской Федерации.
ParlaMint-UA_2013-06-05-m0.u106.p2.sent1	Поэтому в случае, если мы не будем ратифицировать данный договор, то можем столкнуться с ситуацией, при которой нелегальные мигранты будут попадать на территорию Украины без дальнейшей депортации их в те страны, из которых они попали на нашу территорию.
ParlaMint-UA_2013-06-05-m0.u106.p2.sent2	Поэтому фракция коммунистов будет поддерживать данный проект Закона и прошу все фракции проголосовать и поддержать.
ParlaMint-UA_2013-06-05-m0.u106.p2.sent3	Спасибо.
ParlaMint-UA_2013-06-05-m0.u107.p1.sent1	"УДАР Віталія Кличка", народний депутат Продан.
ParlaMint-UA_2013-06-05-m0.u108.p1.sent1	Прошу передати слово Чумаку Віктору Васильовичу.
ParlaMint-UA_2013-06-05-m0.u109.p1.sent1	Прошу, Віктору Васильовичу Чумаку.
ParlaMint-UA_2013-06-05-m0.u110.p1.sent1	Віктор Чумак, 214-й округ, місто Київ,
ParlaMint-UA_2013-06-05-m0.u110.p2.sent1	Дніпровський район, політична партія "УДАР" Віталія Кличка".
ParlaMint-UA_2013-06-05-m0.u110.p2.sent2	Шановні колеги, шановний Володимире Васильовичу, я пропоную підтримати цю угоду, тому що, по великому рахунку, реадмісійні угоди є достатньо суттєвим механізмом протидії нелегальній еміграції в усьому світі, тим більше що такі угоди на сьогоднішній день у нас укладені більш ніж з 30 країнами, в тому числі з Європейським Союзом.
ParlaMint-UA_2013-06-05-m0.u110.p2.sent3	Після прийняття такої угоди з Європейським Союзом, я хочу сказати, що потім нелегальної еміграції через Україну скоротився майже двічі.
ParlaMint-UA_2013-06-05-m0.u110.p3.sent1	Хочу сказати, що ця угода опрацьовувалась більше ніж 10 років, до якої приклали руку дуже багато фахівців.
ParlaMint-UA_2013-06-05-m0.u110.p3.sent2	Вона на сьогоднішній день достатньо ретельно виписана.
ParlaMint-UA_2013-06-05-m0.u110.p3.sent3	І я пропоную, і фракція "УДАР" буде пропонувати підтримати цю угоду при голосуванні.
ParlaMint-UA_2013-06-05-m0.u110.p3.sent4	Дякую.
ParlaMint-UA_2013-06-05-m0.u111.p1.sent1	Партія регіонів, народний депутат Журавський.
ParlaMint-UA_2013-06-05-m0.u112.p1.sent1	Прошу передати слово шановному депутату Маркову.
ParlaMint-UA_2013-06-05-m0.u113.p1.sent1	Шановний депутат Марков, прошу.
ParlaMint-UA_2013-06-05-m0.u114.p1.sent1	Добрый день, Владимир Васильевич, добрый день, уважаемые коллеги!
ParlaMint-UA_2013-06-05-m0.u114.p1.sent2	Игорь Марков, Одесса.
ParlaMint-UA_2013-06-05-m0.u114.p2.sent1	Проектом закона предлагается ратифицировать Соглашение между Кабинетом Министров Украины и правительством Российской Федерации о реадмиссии.
ParlaMint-UA_2013-06-05-m0.u114.p2.sent2	Данное соглашение подписано 22 октября 2012 года в городе Москве, которое вступит в силу через 30 дней от даты получения по дипломатическим каналам последнего письменного уведомления об исполнении договорными сторонами внутригосударственных процедур, необходимых для вступления его в силу.
ParlaMint-UA_2013-06-05-m0.u114.p3.sent1	Практическое значение, целевая направленность проекта закона заключается в том, что в случае ратификации соглашения на законодательном уровне будет закреплена реализация данного соглашения, что позволит определить процедуры приема и передачи лиц, пребывающих на территориях договорных стран нелегально.
ParlaMint-UA_2013-06-05-m0.u114.p4.sent1	Упомянутый международный договор на основе взаимности определяет быстрые и эффективные процедуры идентификации, безопасного и организованного возврата лиц, которые не выполняют установленные законодательством правила въезда, выезда и пребывания на территории договорных стран.
ParlaMint-UA_2013-06-05-m0.u114.p5.sent1	Целью принятия акта является ратификация соглашения путем введения в действие согласованных договорными сторонами принципов и норм, которые определяют порядок передачи и приема лиц, прибывающих на территорию договорных сторон с нарушением установленных законодательных правил въезда, выезда и пребывания иностранных граждан и лиц без гражданства, будет служить практическим целям борьбы с нелегальной эмиграцией также позволить минимизировать негативные последствия проживаемой нелегальной миграции, укрепить гуманитарную составляющую национальной безопасности.
ParlaMint-UA_2013-06-05-m0.u114.p6.sent1	Уважаемые коллеги!
ParlaMint-UA_2013-06-05-m0.u114.p6.sent2	Данный закон формализует и значительно упростит действия, направленные на пресечение нелегальной миграции на территории договорных сторон.
ParlaMint-UA_2013-06-05-m0.u114.p7.sent1	Данный закон не нарушает тех принципов дружбы и сотрудничества, которые планомерно развиваются и являются основой взаимоотношений между Украиной и Российской Федерацией.
ParlaMint-UA_2013-06-05-m0.u114.p7.sent2	Спасибо.
ParlaMint-UA_2013-06-05-m0.u114.p7.sent3	Прошу поддержать.
ParlaMint-UA_2013-06-05-m0.u115.p1.sent1	Всі бажаючі, згідно Регламенту, виступили.
ParlaMint-UA_2013-06-05-m0.u115.p1.sent2	От Геннадій Геннадійович каже, голосувати.
ParlaMint-UA_2013-06-05-m0.u115.p1.sent3	Тому я буду.
ParlaMint-UA_2013-06-05-m0.u115.p1.sent4	я буду ставити на голосування.
ParlaMint-UA_2013-06-05-m0.u115.p1.sent5	А після голосування по мотивам.
ParlaMint-UA_2013-06-05-m0.u115.p1.sent6	Що?
ParlaMint-UA_2013-06-05-m0.u115.p2.sent1	Від фракції "Батьківщина" не виступав ніхто?
ParlaMint-UA_2013-06-05-m0.u115.p2.sent2	Прошу, народний депутат Шевченко.
ParlaMint-UA_2013-06-05-m0.u115.p2.sent3	Хвилина.
ParlaMint-UA_2013-06-05-m0.u116.p1.sent1	Дякую, Володимире Васильовичу.
ParlaMint-UA_2013-06-05-m0.u116.p1.sent2	Я просто хотів би зафіксувати позицію нашої фракції.
ParlaMint-UA_2013-06-05-m0.u116.p1.sent3	Ми будемо голосувати за ратифікацію цієї угоди з трьох причин.
ParlaMint-UA_2013-06-05-m0.u116.p2.sent1	По-перше, ми справді віримо, що це крок до боротьби із нелегальною міграцією.
ParlaMint-UA_2013-06-05-m0.u116.p2.sent2	У нас зараз дивна ситуація складається, коли, з одного боку, у нас російські спецслужби можуть прямо в Києві викрасти російського опозиціонера Розважаєва і перевезти його через кордон.
ParlaMint-UA_2013-06-05-m0.u116.p2.sent3	А з іншого боку, ми не можемо з України вивезти тих людей, які нелегально перетнули кордон з боку Росії.
ParlaMint-UA_2013-06-05-m0.u116.p3.sent1	Друге.
ParlaMint-UA_2013-06-05-m0.u116.p3.sent2	Ми вважаємо, що це крок до безвізового режиму з Євросоюзом, а наша фракція послідовно підтримує всі ініціативи, які наближають нас до безвізового режиму.
ParlaMint-UA_2013-06-05-m0.u116.p4.sent1	І третє.
ParlaMint-UA_2013-06-05-m0.u116.p4.sent2	Ми вважаємо, що це крок до облаштування наших стосунків із Російською Федерацією.
ParlaMint-UA_2013-06-05-m0.u116.p4.sent3	Всі знають, що добре сусідство починається із чітко проведеної межі між двома земельними ділянками.
ParlaMint-UA_2013-06-05-m0.u116.p4.sent4	Тому ми послідовно будемо підтримувати врегулювання всіх юридично складних стосунків із нашим стратегічним партнером – Російською Федерацією.
ParlaMint-UA_2013-06-05-m0.u116.p5.sent1	Ми будемо голосувати "за".
ParlaMint-UA_2013-06-05-m0.u117.p1.sent1	Шановні депутати!
ParlaMint-UA_2013-06-05-m0.u117.p1.sent2	Народний депутат Шевченко вніс поправку.
ParlaMint-UA_2013-06-05-m0.u117.p1.sent3	Включіть мікрофон народного депутата Шевченка.
ParlaMint-UA_2013-06-05-m0.u117.p2.sent1	Сформулюйте вашу пропозицію.
ParlaMint-UA_2013-06-05-m0.u118.p1.sent1	Ми пропонуємо вилучити останнє речення, а саме: "у випадку розбіжностей при тлумаченні Угоди сторони використовують текст російською мовою.
ParlaMint-UA_2013-06-05-m0.u118.p1.sent2	Ми не знаємо, що там, у тому тексті російською мовою.
ParlaMint-UA_2013-06-05-m0.u118.p1.sent3	Там може бути зовсім інший зміст.
ParlaMint-UA_2013-06-05-m0.u118.p1.sent4	Чому ми повинні користуватися саме текстом російською мовою?
ParlaMint-UA_2013-06-05-m0.u118.p1.sent5	Да, вони ідентичні повинні бути.
ParlaMint-UA_2013-06-05-m0.u118.p2.sent1	Тому зрозуміло, ми повинні користуватися текстом українською мовою, Росія – текстом російською мовою.
ParlaMint-UA_2013-06-05-m0.u118.p2.sent2	Вони повинні бути ідентичними.
ParlaMint-UA_2013-06-05-m0.u118.p2.sent3	Тому ми і пропонуємо вилучити це останнє речення.
ParlaMint-UA_2013-06-05-m0.u119.p1.sent1	Прошу, Мірошниченко від комітету.
ParlaMint-UA_2013-06-05-m0.u119.p1.sent2	Ви чули поправку?
ParlaMint-UA_2013-06-05-m0.u120.p1.sent1	Дякую, Володимире Васильовичу.
ParlaMint-UA_2013-06-05-m0.u120.p1.sent2	Але, якщо вилучити останнє речення, то виникає питання.
ParlaMint-UA_2013-06-05-m0.u120.p1.sent3	А якщо все ж таки виникне ситуація, коли є різне тлумачення?
ParlaMint-UA_2013-06-05-m0.u120.p1.sent4	В який спосіб мають керуватися тоді відповідні зовнішньополітичні відомства, які будуть відповідати за реалізацію цієї угоди?
ParlaMint-UA_2013-06-05-m0.u120.p2.sent1	Я не думаю, що нам варто підтримати цю поправку.
ParlaMint-UA_2013-06-05-m0.u120.p2.sent2	Оскільки ми створюємо ситуацію правового вакууму.
ParlaMint-UA_2013-06-05-m0.u120.p2.sent3	Дякую.
ParlaMint-UA_2013-06-05-m0.u121.p1.sent1	Шановні депутати!
ParlaMint-UA_2013-06-05-m0.u121.p1.sent2	Шановні депутати!
ParlaMint-UA_2013-06-05-m0.u121.p1.sent3	В угоду, в угоду, яка підписана, ми не маємо права вносити зміни.
ParlaMint-UA_2013-06-05-m0.u121.p1.sent4	Ми можемо в свої закони вносити.
ParlaMint-UA_2013-06-05-m0.u121.p1.sent5	Я прошу, Журавський.
ParlaMint-UA_2013-06-05-m0.u121.p1.sent6	Прошу, Журавський, хвилину.
ParlaMint-UA_2013-06-05-m0.u122.p1.sent1	Шановні колеги!
ParlaMint-UA_2013-06-05-m0.u122.p1.sent2	Ми не можемо в текст договору вносити зміни.
ParlaMint-UA_2013-06-05-m0.u122.p1.sent3	Ми можемо або ратифікувати, або не ратифікувати.
ParlaMint-UA_2013-06-05-m0.u122.p1.sent4	Ось і все.
ParlaMint-UA_2013-06-05-m0.u122.p1.sent5	Тому я закликаю колег проголосувати за цей текст угоди, ратифікувати цю угоду.
ParlaMint-UA_2013-06-05-m0.u122.p1.sent6	Дякую.
ParlaMint-UA_2013-06-05-m0.u123.p1.sent1	Шановні!
ParlaMint-UA_2013-06-05-m0.u123.p1.sent2	От, всі кажуть, ставте на голосування.
ParlaMint-UA_2013-06-05-m0.u123.p1.sent3	Тому в угоду ми не можемо вносити, то я ставлю на голосування.
ParlaMint-UA_2013-06-05-m0.u123.p2.sent1	Ставлю на голосування проект Закону (0017) про ратифікацію Угоди між Кабінетом Міністрів України та Урядом Російської Федерації про реадмісію для прийняття за основу і в цілому.
ParlaMint-UA_2013-06-05-m0.u123.p2.sent2	Прошу голосувати.
ParlaMint-UA_2013-06-05-m0.u123.p2.sent3	Визначайтеся.
ParlaMint-UA_2013-06-05-m0.u123.p3.sent1	За-284
ParlaMint-UA_2013-06-05-m0.u123.p4.sent1	Проти – 1, утрималось – 38, не голосували – 68.
ParlaMint-UA_2013-06-05-m0.u123.p4.sent2	Рішення прийнято.
ParlaMint-UA_2013-06-05-m0.u123.p4.sent3	По фракціях.
ParlaMint-UA_2013-06-05-m0.u123.p5.sent1	Розглядається проект Закону про ратифікацію Угоди між Кабінетом Міністрів України та Урядом Королівства Норвегія про співробітництво у сфері ядерної і радіаційної безпеки, зняття з експлуатації Чорнобильської атомної електростанції та перетворення об’єкта "Укриття" на екологічно безпечну систему.
ParlaMint-UA_2013-06-05-m0.u123.p6.sent1	Як розглядаємо?
ParlaMint-UA_2013-06-05-m0.u123.p6.sent2	Ставлю на голосування по скороченій процедурі розглянути ратифікацію.
ParlaMint-UA_2013-06-05-m0.u123.p7.sent1	За-150
ParlaMint-UA_2013-06-05-m0.u123.p8.sent1	Проти – 75, утрималось – 12, не голосувало – 150.
ParlaMint-UA_2013-06-05-m0.u123.p8.sent2	Рішення прийнято.
ParlaMint-UA_2013-06-05-m0.u123.p9.sent1	Доповідає.
ParlaMint-UA_2013-06-05-m0.u123.p9.sent2	По фракціях.
ParlaMint-UA_2013-06-05-m0.u123.p9.sent3	Доповідає заступник міністра екології та природних ресурсів Сушко Олександр Васильович.
ParlaMint-UA_2013-06-05-m0.u123.p9.sent4	Прошу.
ParlaMint-UA_2013-06-05-m0.u124.p1.sent1	Шановний пане Голово, шановні народні депутати!
ParlaMint-UA_2013-06-05-m0.u124.p1.sent2	Законопроект про ратифікацію Угоди між Кабінетом Міністрів України та Урядом Королівства Норвегія про співробітництво у сфері ядерної і радіаційної безпеки, зняття з експлуатації Чорнобильської атомної електростанції та перетворення об’єкта "Укриття" на екологічно безпечну систему розроблено з метою підвищення рівня ядерної, радіаційної та екологічної безпеки Чорнобильської АЕС, оптимізації процесу зняття її блоків з експлуатації, розширення джерел фінансування за рахунок залучення міжнародної технічної допомоги та обміну досвідом в галузі зняття з експлуатації енергоблоків.
ParlaMint-UA_2013-06-05-m0.u124.p2.sent1	Зазначена угода передбачає подальше співробітництво з Королівством Норвегії в реалізації завдань у сфері зняття з експлуатації Чорнобильської АЕС та перетворення об’єкту укриття на екологічно безпечну систему, розроблення і здійснення науково-дослідних проектів, обмін інформацією та технологіями відповідно до національного законодавства та міжнародних стандартів, постачання матеріалів або надання послуг, необхідних для реалізації проектів, передбачено проведення семінарів та навчання персоналу.
ParlaMint-UA_2013-06-05-m0.u124.p3.sent1	Реалізація законопроекту не потребує додаткових витрат з державного бюджету.
ParlaMint-UA_2013-06-05-m0.u124.p3.sent2	Законопроект, який сьогодні розглядається забезпечить відповідні умови прискорення процесу зняття з експлуатації блоків Чорнобильської станції та перетворення об’єкту укриття на екологічно безпечну систему.
ParlaMint-UA_2013-06-05-m0.u124.p3.sent3	Дякую за увагу.
ParlaMint-UA_2013-06-05-m0.u124.p3.sent4	Прошу підтримати.
ParlaMint-UA_2013-06-05-m0.u125.p1.sent1	Сідайте, дякую.
ParlaMint-UA_2013-06-05-m0.u125.p1.sent2	Прошу, заступник голови комітету – Юрій Романович Мірошниченко.
ParlaMint-UA_2013-06-05-m0.u126.p1.sent1	Дякую, Володимире Васильович.
ParlaMint-UA_2013-06-05-m0.u126.p1.sent2	Шановні виборці, шановні колеги!
ParlaMint-UA_2013-06-05-m0.u126.p1.sent3	Комітет у закордонних справах розглянув внесений Кабінетом Міністрів України проект Закону України про ратифікацію Угоди між Кабінетом Міністрів України та Урядом Королівства Норвегія про співробітництво у сфері ядерної і радіаційної безпеки, зняття з експлуатації Чорнобильської атомної електростанції та перетворення об’єкту укриття на екологічно безпечну систему (реєстраційний номер 0019) і ухвалив рішення рекомендувати Верховній Раді України прийняти його в цілому як закону.
ParlaMint-UA_2013-06-05-m0.u126.p2.sent1	Метою прийняття зазначеного законопроекту є виконання внутрішньодержавних процедур, необхідних для набрання чинності вказаною Угодою, що була учинена 30 листопада 2012 року в місті Осло.
ParlaMint-UA_2013-06-05-m0.u126.p2.sent2	Ратифікація угоди сприятиме оптимізації процесу зняття з експлуатації блоків Чорнобильської АЕС, розширенню джерел фінансування вказаної діяльності за рахунок залучення міжнародної технічної допомоги, надасть можливість обміну досвіду та знаннями в галузі зняття з експлуатації енергоблоків АЕС.
ParlaMint-UA_2013-06-05-m0.u126.p3.sent1	Відповідно до Пояснювальної записки за підписом міністра екології та природних ресурсів України Проскурякова реалізація законопроекту не передбачає будь яких витрат з Державного бюджету України.
ParlaMint-UA_2013-06-05-m0.u126.p4.sent1	Головне науково-експертне управління Апарату Верховної Ради України підтримує прийняття поданого проекту.
ParlaMint-UA_2013-06-05-m0.u126.p4.sent2	Комітет Верховної Ради України з питань екологічної політики, природокористування та наслідків Чорнобильської катастрофи розглянув зазначений законопроект та підтримує його прийняття в цілому як закону.
ParlaMint-UA_2013-06-05-m0.u126.p5.sent1	Отже, шановні колеги, прошу підтримати рішення Комітету в закордонних справах та ратифікувати зазначену угоду.
ParlaMint-UA_2013-06-05-m0.u126.p5.sent2	Дякую вам за увагу, прошу підтримати цей.
ParlaMint-UA_2013-06-05-m0.u127.p1.sent1	Прошу народних депутатів записатись для обговорення від фракцій.
ParlaMint-UA_2013-06-05-m0.u127.p2.sent1	Прошу, фракція "Батьківщина", народний депутат Яворівський.
ParlaMint-UA_2013-06-05-m0.u128.p1.sent1	Володимир Яворівський, Київ, Троєщина, "Батьківщина" Юлії Тимошенко.
ParlaMint-UA_2013-06-05-m0.u128.p2.sent1	Шановні колеги, шановні наші виборці і шановні чорнобильці!
ParlaMint-UA_2013-06-05-m0.u128.p2.sent2	Безперечно, я не думаю, що в цій залі знайдеться хоч одна рука, яка натисне кнопку "проти" або "утримається".
ParlaMint-UA_2013-06-05-m0.u128.p2.sent3	Йдеться про співробітництво між Україною, яка залишилася, на сьогоднішній день, сам на сам із чорнобильськими проблемами, із проблемами технологічними, із тими 800 тимчасовими так званими ядерними кладовищами, які є у 30-кілометровій зоні, із тим, що, на сьогоднішній день, Чорнобиль, фактично, є ненаситна фінансова дірка, куди вкидаються гроші, а результати, врешті-решт, мізерні, і навіть від снігу падають стіни на об’єкті "Укриття".
ParlaMint-UA_2013-06-05-m0.u128.p2.sent4	Це і ті проблеми, які є сьогодні довкола потерпілих чорнобильців, яким фактично обнулили сьогодні всі їхні пільги, які ми тут приймали у важкому 1991-1992 році.
ParlaMint-UA_2013-06-05-m0.u128.p3.sent1	Через те, Норвегія для нас важлива і тим, що вона до цього буде ставитись, ну, даруйте за таке слово, але буде ставитись щиро абсолютно.
ParlaMint-UA_2013-06-05-m0.u128.p3.sent2	Тому що Норвегію зачепив "Чорнобильський смерч".
ParlaMint-UA_2013-06-05-m0.u128.p3.sent3	У ті перші дні, коли Чорнобильська хмара пішла на скандинавські країни, в тому числі і на Норвегію.
ParlaMint-UA_2013-06-05-m0.u128.p3.sent4	Через те, хто-хто, а вони звичайно розуміють цю проблему.
ParlaMint-UA_2013-06-05-m0.u128.p3.sent5	Через те, я думаю, що ми повинні підтримати і проголосувати обов’язково.
ParlaMint-UA_2013-06-05-m0.u128.p3.sent6	Але уряду нашому потрібно думати про те, що 2013 році обов’язково повернути все-таки пільги для тих чорнобильців, які йшли туди, в це чорнобильське пекло, а сьогодні їх фактично забули і викинули із державної опіки.
ParlaMint-UA_2013-06-05-m0.u128.p3.sent7	Це треба буде зробити обов’язково.
ParlaMint-UA_2013-06-05-m0.u129.p1.sent1	Фракція Партії регіонів, народний депутат Шуфрич.
ParlaMint-UA_2013-06-05-m0.u130.p1.sent1	Уважаемый Владимир Васильевич, уважаемые коллеги, шаг за шагом наша страна приближается к тому, чтобы Чернобыль, в конце концов, стал безопасной экологической системой.
ParlaMint-UA_2013-06-05-m0.u130.p1.sent2	И мы сегодня должны быть благодарны каждой стране, которая сегодня идет навстречу нам, выделяет ресурсы, выделяет технологии, поддерживает нас в международных институтах с тем, чтобы мы приблизили дату и, действительно, обеспечили систему укрытия в установленные сроки.
ParlaMint-UA_2013-06-05-m0.u130.p2.sent1	16-й годы не далеко, но мы сегодня переживаем, чтобы эти сроки небыли сорваны и поэтому мы, конечно же, благодарны всем странам, а в данном случае правительству Королевства Норвегии, что они реагируют и идут навстречу нашей стране, и нашим гражданам.
ParlaMint-UA_2013-06-05-m0.u130.p2.sent2	Мы должны все вместе пережить эту трагедию.
ParlaMint-UA_2013-06-05-m0.u130.p2.sent3	К сожалению, прошлого не вернуть, но мы должны сделать все, чтобы территория, на которой разгорелась эта трагедия, обязательно была возвращена нашему обществу.
ParlaMint-UA_2013-06-05-m0.u130.p2.sent4	И мировое сообщество сегодня делает все, чтобы эта задача была решена.
ParlaMint-UA_2013-06-05-m0.u130.p3.sent1	Уважаемые коллеги, я призываю всех, независимо от того, что они сейчас делают, болят ли у них руки и болит ли у них голова, обязательно проголосовать в поддержку ратификации данного соглашения.
ParlaMint-UA_2013-06-05-m0.u130.p3.sent2	Спасибо.
ParlaMint-UA_2013-06-05-m0.u131.p1.sent1	Об’єднання "Свобода", народний депутат Сабій.
ParlaMint-UA_2013-06-05-m0.u132.p1.sent1	Прошу передати слово народному депутату Олександру Шевченку.
ParlaMint-UA_2013-06-05-m0.u133.p1.sent1	Прошу Олександр Шевченко.
ParlaMint-UA_2013-06-05-m0.u134.p1.sent1	Шевченко, всеукраїнське об’єднання "Свобода".
ParlaMint-UA_2013-06-05-m0.u134.p1.sent2	Всеукраїнське об’єднання "Свобода" вітає згоду Уряду Королівства Норвегії співробітничати з урядом і Кабінетом Міністрів України у забезпеченні нормальної радіаційної обстановки і взагалі-то зняття з експлуатації Чорнобильської атомної електростанції, перетворення об’єкта "Укриття" на екологічно безпечну систему.
ParlaMint-UA_2013-06-05-m0.u134.p1.sent3	І "Свобода" буде голосувати за ратифікацією цієї угоди.
ParlaMint-UA_2013-06-05-m0.u134.p2.sent1	Разом з тим, я хотів би звернути увагу шановних народних депутатів на те, що в угоді зазначено, що органом реалізації угоди є державне агентство України з управління зоною відчуження.
ParlaMint-UA_2013-06-05-m0.u134.p2.sent2	Разом з тим в угоді нічого не говориться про реципієнта, тобто отримувача тих вигід, які будуть надані з боку Уряду Королівства Норвегії.
ParlaMint-UA_2013-06-05-m0.u134.p2.sent3	У зв’язку з цим постає запитання: які юридичні особи будуть отримувати зазначену допомогу.
ParlaMint-UA_2013-06-05-m0.u134.p2.sent4	Окрім того, в статті 6 зазначено, що буде створена спільна координаційна група.
ParlaMint-UA_2013-06-05-m0.u134.p2.sent5	Хто туди буде входити, бо вже депутати ринулись в ту координаційну групу?
ParlaMint-UA_2013-06-05-m0.u134.p2.sent6	Що їм там робити, мені незрозуміло.
ParlaMint-UA_2013-06-05-m0.u134.p3.sent1	І, на кінець, я хотів би зауважити, що Верховна Рада згідно Віденської конвенції від 1969 року, яка називається "Про право міжнародних договорів" має право змінювати угоди, які ратифікуються тут.
ParlaMint-UA_2013-06-05-m0.u134.p3.sent2	Це не може означати, що уряд чи міністерство уклало, і Верховна Рада не може поправити міністерство чи уряд.
ParlaMint-UA_2013-06-05-m0.u134.p3.sent3	Ми маємо таке право.
ParlaMint-UA_2013-06-05-m0.u134.p4.sent1	Окрім того, хотів би звернути увагу.
ParlaMint-UA_2013-06-05-m0.u135.p1.sent1	Фракція "УДАР Віталія Кличка", народний депутат Розенко.
ParlaMint-UA_2013-06-05-m0.u136.p1.sent1	Прошу передати слово Сергію Аверченку.
ParlaMint-UA_2013-06-05-m0.u137.p1.sent1	Прошу, Аверченко народний депутат.
ParlaMint-UA_2013-06-05-m0.u138.p1.sent1	Сергій Аверченко, фракція "УДАР Віталія Кличка".
ParlaMint-UA_2013-06-05-m0.u138.p1.sent2	Шановні колеги, під час виїзного засідання комітету нашого екологічного Верховної Ради до Чорнобильської станції, також під час парламентських слухань ми розглядали фінансові плани і фінансові зобов’язання по ліквідації цієї страшної трагедії.
ParlaMint-UA_2013-06-05-m0.u138.p1.sent3	Так от, як не парадоксально, що самим більшим неплатником або невиконувачем своїх фінансових зобов’язань є наша українська сторона.
ParlaMint-UA_2013-06-05-m0.u138.p2.sent1	Тому ми маємо бути вдячними цим країнам-донорам, які, незважаючи на таку ситуацію, вкладають свої фінанси, вкладають свої ресурси для того, щоб зробити цю зону екологічно безпечною.
ParlaMint-UA_2013-06-05-m0.u138.p3.sent1	Тому я прошу підтримати цей законопроект, і наша фракція "УДАР" буде підтримувати цей законопроект.
ParlaMint-UA_2013-06-05-m0.u138.p3.sent2	І ми дуже вдячні Королівству Норвегія.
ParlaMint-UA_2013-06-05-m0.u138.p3.sent3	Дякую.
ParlaMint-UA_2013-06-05-m0.u139.p1.sent1	Шановні депутати, бажаючі виступили в обговоренні.
ParlaMint-UA_2013-06-05-m0.u139.p2.sent1	Тому ставлю на голосування проект Закону (реєстраційний номер 0019) про ратифікацію Угоди між Кабінетом Міністрів України та Урядом Королівства Норвегія про співробітництво у сфері ядерної, радіаційної безпеки, зняття з експлуатації Чорнобильської Атомної електростанції та перетворення об’єкта "Укриття" на екологічно безпечну систему для прийняття за основу і в цілому.
ParlaMint-UA_2013-06-05-m0.u139.p2.sent2	Прошу голосувати.
ParlaMint-UA_2013-06-05-m0.u139.p3.sent1	За-296
ParlaMint-UA_2013-06-05-m0.u139.p4.sent1	Проти – 0, утрималося – 0, не голосувало – 87.
ParlaMint-UA_2013-06-05-m0.u139.p5.sent1	Рішення прийнято.
ParlaMint-UA_2013-06-05-m0.u139.p5.sent2	По фракціях.
ParlaMint-UA_2013-06-05-m0.u139.p6.sent1	Оголошую перерву до 12-ї години 30 хвилин.
ParlaMint-UA_2013-06-05-m0.u139.p6.sent2	О 12.30 продовжимо роботу.
ParlaMint-UA_2013-06-05-m0.u140.p1.sent1	Шановні народні депутати, прошу сідати, продовжуємо роботу нашу.
ParlaMint-UA_2013-06-05-m0.u140.p2.sent1	Згідно з частиною 17 статті 85 Конституції України до повноважень Верховної Ради України належить заслуховування щорічної доповіді Уповноваженого Верховної Ради з прав людини про стан дотримання та захисту прав і свобод людини в Україні.
ParlaMint-UA_2013-06-05-m0.u140.p3.sent1	Відповідно до статті 240 Регламенту пропонується наступний порядок розгляду цього питання.
ParlaMint-UA_2013-06-05-m0.u140.p3.sent2	Для виступу з доповіддю надати Уповноваженому з прав людини до 20 хвилин, для відповідей на запитання народних депутатів відвести до 20 хвилин, представнику комітету надати до 10 хвилин.
ParlaMint-UA_2013-06-05-m0.u141.p1.sent1	Слухать надо.
ParlaMint-UA_2013-06-05-m0.u141.p2.sent1	Повторюю для тих, хто не чув.
ParlaMint-UA_2013-06-05-m0.u141.p2.sent2	Для виступу з доповіддю надати Уповноваженому до 20 хвилин, для відповідей на запитання народних депутатів відвести до 20 хвилин, представнику комітету надати до 10 хвилин.
ParlaMint-UA_2013-06-05-m0.u141.p3.sent1	Обговорення немає згідно закону.
ParlaMint-UA_2013-06-05-m0.u141.p3.sent2	Але, як депутати.
ParlaMint-UA_2013-06-05-m0.u141.p3.sent3	Регламент такий, але, як депутати хочуть обговорювати, вони повинні проголосувати 226 голосів.
ParlaMint-UA_2013-06-05-m0.u141.p3.sent4	І будемо обговорювати - це право депутатів.
ParlaMint-UA_2013-06-05-m0.u141.p4.sent1	Тому слово для доповіді надається Уповноваженому Верховної Ради України з прав людини Валерії Володимирівні Лутковській.
ParlaMint-UA_2013-06-05-m0.u141.p4.sent2	Прошу, у вас 20 хвилин.
ParlaMint-UA_2013-06-05-m0.u141.p4.sent3	Прошу.
ParlaMint-UA_2013-06-05-m0.u142.p1.sent1	Дякую дуже.
ParlaMint-UA_2013-06-05-m0.u142.p1.sent2	Шановний головуючий, шановні народні депутати, з першого дня роботи моєю метою є утвердження інституту Уповноваженого з прав людини як дієвого механізму парламентського контролю за дотриманням прав і свобод людини на національному рівні і посилення впливу на органи державної влади і місцевого самоврядування для забезпечення належного дотримання прав та свобод кожного.
ParlaMint-UA_2013-06-05-m0.u142.p2.sent1	Специфіка ролі Уповноваженого з прав людини полягає у поєднанні функцій рупора правозахисної спільноти та державного органу з особливим статусом, який полягає у виконанні функцій медіатора – посередника між людиною і державою.
ParlaMint-UA_2013-06-05-m0.u142.p3.sent1	Ефективний парламентський контроль за додержанням прав і свобод людини полягає, зокрема, у здійсненні превентивної функції у сфері захисту прав і свобод людини та реагуванні в ситуаціях відсутності належних дій державних органів.
ParlaMint-UA_2013-06-05-m0.u142.p4.sent1	Аналіз ситуації щодо дотримання прав людини в Україні свідчить про низку серйозних проблем, що існують у нашій державі.
ParlaMint-UA_2013-06-05-m0.u142.p4.sent2	Протягом минулого року до мене звернулося близько 100 тисяч осіб, аналіз та вивчення звернень яких показують на проблему особливого реагування в наступних сферах: запобігання катуванням і жорстокому поводженню, дотримання соціально-економічних та гуманітарних прав, дотримання прав дитини, недискримінація та гендерна рівність.
ParlaMint-UA_2013-06-05-m0.u142.p4.sent3	Ці питання були визначені пріоритетними в діяльності секретаріату.
ParlaMint-UA_2013-06-05-m0.u142.p4.sent4	Водночас зазначені пріоритети жодним чином не роблять для нас другорядними інші сфери правовідносин, які перебувають під постійним моніторингом.
ParlaMint-UA_2013-06-05-m0.u142.p5.sent1	Протягом останнього року інституція активно розвивається за моделлю "омбудсмен-плюс", що передбачає тісну взаємодію з неурядовими громадськими організаціями.
ParlaMint-UA_2013-06-05-m0.u142.p5.sent2	Започатковано роботу Консультативної ради, до якої входить 28 представників провідних правозахисних організацій і співголовою якої є відомий правозахисник Євген Захаров.
ParlaMint-UA_2013-06-05-m0.u142.p6.sent1	Крім того, створено кілька спеціалізованих експертних рад і груп з-поміж експертів і фахівців окремих галузей.
ParlaMint-UA_2013-06-05-m0.u142.p6.sent2	Керуючись принципами партнерства, доступності і відкритості, офіс Уповноваженого постійно проводить спільні з правозахисними організаціями заходи правозахисної спрямованості.
ParlaMint-UA_2013-06-05-m0.u142.p7.sent1	Для підвищення рівня доступності для бажаючих звернутися до Уповноваженого запроваджено безкоштовну всеукраїнську "гарячу лінію" та електронну систему прийому звернень, здійснюється спілкування через соціальні мережі та за допомогою скайпу.
ParlaMint-UA_2013-06-05-m0.u142.p8.sent1	У 2012 році Уповноваженого наділено новими функціями та зобов’язаннями.
ParlaMint-UA_2013-06-05-m0.u142.p8.sent2	На виконання вимог Факультативного протоколу до Конвенції ООН проти катувань та інших жорстоких, нелюдських або таких, що принижують гідність, видів поводження та покарання розпочалася реалізація національного превентивного механізму.
ParlaMint-UA_2013-06-05-m0.u142.p9.sent1	Маю нагадати, що ще у 2006 році Україна ратифікувала Факультативний протокол, взявши на себе зобов’язання за рік створити Національний превентивний механізм.
ParlaMint-UA_2013-06-05-m0.u142.p9.sent2	Проте це зобов’язання залишалося невиконаним упродовж 6 років і лише 2 жовтня 2012 року Верховна Рада ухвалила відповідний закон, яким функції Національного превентивного механізму офіційно покладені на Уповноваженого.
ParlaMint-UA_2013-06-05-m0.u142.p10.sent1	З метою утвердження інституту Уповноваженого на міжнародній арені впродовж року проведено близько 100 зустрічей із міжнародними партнерами, питання співробітництва закріплено відповідними угодами з омбудсменом Республіки Молдова, представництвом дитячого фонду ООН в України, Бюро демократичних інститутів і прав людини ОБСЄ, координатором проектів ОБСЄ в Україні, Міжнародною організацію з міграції та Міжнародною організацією праці.
ParlaMint-UA_2013-06-05-m0.u142.p11.sent1	Особливої уваги заслуговує перший крок у регіональному позиціюванні Офісу омбудсмена України та проведення зустрічі омбудсменів країн СНД в Києві під егідою ООН.
ParlaMint-UA_2013-06-05-m0.u142.p12.sent1	Підсумовуючи діяльність Уповноваженого в 2012 році, а також на виконання вимог статті 18 Закону "Про Уповноваженого" вашій увазі пропонується Щорічна доповідь про стан додержання та захисту прав і свобод людини і громадянина в Україні як документ, в якому означено і проаналізовано системні проблеми, що призводять до порушення прав і свобод людини в Україні.
ParlaMint-UA_2013-06-05-m0.u142.p13.sent1	При цьому ми вітаємо ті позитивні досягнення і здобутки, власне, які ми спостерігали протягом минулого року.
ParlaMint-UA_2013-06-05-m0.u142.p13.sent2	Проте відповідно до міжнародних стандартів та практики роботи національних інституцій в доповіді акцентується увага на виявлених проблемах та недоліках, а також надаються рекомендації щодо їх вирішення.
ParlaMint-UA_2013-06-05-m0.u142.p14.sent1	Метою цієї доповіді є не стільки критика існуючої ситуації з правами людини, скільки сприяння поліпшенню ситуації у сфері дотримання прав і свобод людини в нашій державі.
ParlaMint-UA_2013-06-05-m0.u142.p14.sent2	Більш детально із змістом доповіді ви можете ознайомитись як у друкованому вигляді, так і власне на нашому сайті.
ParlaMint-UA_2013-06-05-m0.u142.p15.sent1	На разі у своєму виступі я хотіла б акцентувати особливу увагу на тих системних проблемах, які, на жаль, існують в нашій державі та є предметом постійних скарг людей.
ParlaMint-UA_2013-06-05-m0.u142.p15.sent2	А також запропонувати варіанти заходів для їх вирішення.
ParlaMint-UA_2013-06-05-m0.u142.p16.sent1	Перш за все необхідно зупинитися на такому ганебному явищі, як катування та інші види неналежного поводження.
ParlaMint-UA_2013-06-05-m0.u142.p16.sent2	Як вже було зазначено, з 4 листопада 2012 року, відповідно до внесених змін до закону, ми почали реалізацію Національного превентивного механізму.
ParlaMint-UA_2013-06-05-m0.u142.p17.sent1	Ухвалення профільного закону стало надзвичайно важливим кроком на шляху до запровадження ефективного Національного превентивного механізму відповідно до Факультативного протоколу.
ParlaMint-UA_2013-06-05-m0.u142.p17.sent2	Адже функціонування НПМ саме на основі закону є однією з ключових засад існування незалежної системи моніторингових відвідувань місць несвободи.
ParlaMint-UA_2013-06-05-m0.u142.p18.sent1	На сьогоднішній день ми можемо сказати, що загальна кількість установ в Україні, які за формальними ознаками можуть бути віднесені до місць несвободи, перевищує 6 тисяч.
ParlaMint-UA_2013-06-05-m0.u142.p18.sent2	Такі місця на разі перебувають у віданні 11 міністерств та відомств.
ParlaMint-UA_2013-06-05-m0.u142.p19.sent1	Станом на 31 грудня працівниками департаменту було здійснено моніторингові візити до 169 установ.
ParlaMint-UA_2013-06-05-m0.u142.p19.sent2	Усі моніторингові візити здійснюються без попередження адміністрації відповідної установи про час, місце та дату візиту.
ParlaMint-UA_2013-06-05-m0.u142.p19.sent3	За результатами були надані такі рекомендації.
ParlaMint-UA_2013-06-05-m0.u142.p20.sent1	Зокрема на законодавчому рівні необхідно заборонити проведення допитів, інших слідчих дій і опитування громадян оперативними працівниками в приміщеннях, які не обладнані системами відеозапису з архівацією даних.
ParlaMint-UA_2013-06-05-m0.u142.p21.sent1	Необхідно узгодити положення Закону України про попереднє ув’язнення та Закону України про боротьбу із захворюванням на туберкульоз щодо забезпечення права на охорону особам, які хворі на туберкульоз і знаходяться під вартою.
ParlaMint-UA_2013-06-05-m0.u142.p22.sent1	Необхідно внести відповідні зміни до статті 9 Закону України про попереднє ув’язнення, зокрема стосовно визначення періодичності одержання передачі, посилок особами, які взяті під варту.
ParlaMint-UA_2013-06-05-m0.u142.p22.sent2	Стосовно тривалості прогулянок вагітних жінок і жінок, які мають при собі дітей, неповнолітніх, а також хворих з дозволу лікаря та за їхньою згодою, передбачивши її тривалість не менше 2 годин, (на сьогоднішній день передбачено до 2 годин), оскільки санітарними нормами тривалість щоденної прогулянки встановлюється саме на такий період часу.
ParlaMint-UA_2013-06-05-m0.u142.p23.sent1	Необхідно передбачити права осіб, взятих під варту, на побачення.
ParlaMint-UA_2013-06-05-m0.u142.p23.sent2	На сьогодні це виключна компетенція адміністрації, а не право тої особи, яка тримається під вартою, чітко передбачивши тривалість такого побачення.
ParlaMint-UA_2013-06-05-m0.u142.p23.sent3	На сьогодні при визначенні тривалості від години до чотирьох, як правило, побачення надається лише тривалістю одна година.
ParlaMint-UA_2013-06-05-m0.u142.p24.sent1	Крім того, необхідно передбачити право осіб на побачення у випадку, коли вони отримують лікування в установах охорони здоров’я.
ParlaMint-UA_2013-06-05-m0.u142.p24.sent2	Необхідно внести зміни до статті 145 Кримінально-виконавчого кодексу України щодо тривалості покарання, згідно з якої до засуджених неповнолітніх може застосовуватися дисциплінарне стягнення у вигляді поміщення в дисциплінарний ізолятор на строк до 10 діб.
ParlaMint-UA_2013-06-05-m0.u142.p24.sent3	Тоді як статтею 15 Закону про попереднє ув’язнення передбачено, що взяті під варту неповнолітні, які злісно порушують вимоги режиму, можуть бути поміщені до карцеру на строк до 5 діб.
ParlaMint-UA_2013-06-05-m0.u142.p25.sent1	З метою забезпечення права громадян на соціальний захист необхідно виключити, передбачену в статті 51 Кримінально-виконавчого кодексу України, заборону на побачення з родичами та іншими особами.
ParlaMint-UA_2013-06-05-m0.u142.p25.sent2	А також на одержання передачі посилок тих осіб, які засуджені до покарання у вигляді арешту.
ParlaMint-UA_2013-06-05-m0.u142.p25.sent3	Необхідно передбачити в Кримінально-виконавчому кодексі можливість для засудженого оформити пенсію, виплати на дитину тощо.
ParlaMint-UA_2013-06-05-m0.u142.p26.sent1	Майже третина від загальної кількості звернень, які надійшли до Уповноваженого протягом 2012 року стосувалися порушення прав людини у системі судової гілки влади.
ParlaMint-UA_2013-06-05-m0.u142.p26.sent2	При цьому я б хотіла звернути вашу увагу на те, що ні Конституція України, ні Закон про Уповноваженого, ні Закон про судоустрій і статус суддів не передбачають можливість для Уповноваженого впливати в будь-який спосіб на здійснення правосуддя.
ParlaMint-UA_2013-06-05-m0.u142.p27.sent1	Відповідно компетенція Уповноваженого обмежується лише аналізом існуючих проблем.
ParlaMint-UA_2013-06-05-m0.u142.p27.sent2	Зокрема, частими є скарги на порушення прав і свобод працівниками правоохоронних органів під час досудового розслідування.
ParlaMint-UA_2013-06-05-m0.u142.p27.sent3	В тому числі і права на досудове розслідування справи в розумні строки.
ParlaMint-UA_2013-06-05-m0.u142.p27.sent4	Свободи від незаконного арешту чи затримання.
ParlaMint-UA_2013-06-05-m0.u142.p27.sent5	Застосування незаконних методів дізнання та слідства, права на захист і правову допомогу захисника.
ParlaMint-UA_2013-06-05-m0.u142.p28.sent1	Значна кількість скарг також пов’язана із дотриманням процесуальних прав під час судового провадження, зокрема, права на розгляд справи судом у розумні строки, права на зміну запобіжного заходу, порушення презумпції невинуватості, права на отримання копій процесуальних документів тощо.
ParlaMint-UA_2013-06-05-m0.u142.p29.sent1	Найбільших таких звернень надійшло з міста Києва, Донецької, Дніпропетровської, Харківської, Одеської та Луганської областей.
ParlaMint-UA_2013-06-05-m0.u142.p30.sent1	У щорічній доповіді наведено приклади, які підтверджують неналежне дотримання кримінально-процесуального законодавства саме працівниками правоохоронних органів.
ParlaMint-UA_2013-06-05-m0.u142.p30.sent2	Однак, причини зазначених порушень у кримінальному провадженні, зокрема на стадії досудового слідства, частково були пов’язані саме з недосконалістю кримінального процесу.
ParlaMint-UA_2013-06-05-m0.u142.p30.sent3	Тому, якщо говорити про право на притягнення до кримінальної відповідальності.
ParlaMint-UA_2013-06-05-m0.u142.p30.sent4	То з набранням чинності новим Кримінально-процесуальним кодексом кількість звернень з цього приводу має зменшитись.
ParlaMint-UA_2013-06-05-m0.u142.p31.sent1	Набрання чинності новим Кримінально-процесуальним кодексом України та завершення реформування в цілому системи кримінальної юстиції відповідно до цього кодексу, зокрема і внесення змін до Закону України "Про прокуратуру", дають надію, що захист прав і свобод особи, їх ствердження і забезпечення у сфері кримінального судочинства буде оптимізовано.
ParlaMint-UA_2013-06-05-m0.u142.p31.sent2	Взяти до уваги хоча б ту обставину, що статтями 8, 9, 445 цього кодексу нормативно закріплена можливість використання практики Європейського суду з прав людини не лише судовими установами, а й всіма суб’єктами кримінального судочинства.
ParlaMint-UA_2013-06-05-m0.u142.p31.sent3	У зв’язку із цим, одним із головних завдань сучасної української державності та політичної вади є запровадження та імплементація в кримінальне судочинство принципів і традицій європейської спільноти, забезпечення високого ступеня захисту прав і свобод особи, створення надійних механізмів стримувань і противаг, додаткової системи гарантій за обґрунтованістю і доцільністю обмеження конституційних прав та свобод особи.
ParlaMint-UA_2013-06-05-m0.u142.p32.sent1	Стосовно судового захисту у цивільному та адміністративному провадженні до Уповноваженого за захистом своїх прав переважно звертаються громадяни, які належать до найбільш вразливих верств населення, зокрема пенсіонери,ветерани, діти війни, інваліди, особи, що постраждали внаслідок аварії на Чорнобильській АЕС.
ParlaMint-UA_2013-06-05-m0.u142.p33.sent1	Порушення розумних строків розгляду справ у судах продовжує мати системний характер і причиною того є неналежна організація матеріального та кадрового забезпечення судів, надмірне навантаження на суддів, значна тривалість експертиз, неявка у судове засідання учасників процесу тощо.
ParlaMint-UA_2013-06-05-m0.u142.p33.sent2	Проте, порушення процесуальних строків і невиправдана тяганина при розгляді судових справ зумовлені не лише зазначеними недоліками,а й не належним ставленням деяких суддів до виконання своїх службових обов’язків, що призводить до порушення розумних строків розгляду справ.
ParlaMint-UA_2013-06-05-m0.u142.p34.sent1	Окремою надзвичайно гострою проблемо, яка нещодавно обговорювалась, в тому числі і в цьому залі під час парламентських слухань, є невиконання судових рішень.
ParlaMint-UA_2013-06-05-m0.u142.p34.sent2	За даними Мін’юсту на разі виконується лише близько 30 відсотків рішень національних судів.
ParlaMint-UA_2013-06-05-m0.u142.p34.sent3	Це означає, що решта 70 відсотків – це порушення прав громадян на судовий захист.
ParlaMint-UA_2013-06-05-m0.u142.p34.sent4	Як наслідок маємо критично низький рівень довіри громадян України до судової системи, яка мала б бути найбільш впливовою основою для існування правової держави.
ParlaMint-UA_2013-06-05-m0.u142.p35.sent1	Загалом, невиконання судових рішень в Україні є наслідком багатьох чинників, які лежать як в економічній площині, так і базуються на недосконалості низки законодавчих актів.
ParlaMint-UA_2013-06-05-m0.u142.p35.sent2	Адже Україна – чи не єдина в світі держава, яка має законодавчі акти щодо заборони виконання судових рішень, при тому, що існують конституційні гарантії виконання остаточного рішення.
ParlaMint-UA_2013-06-05-m0.u142.p36.sent1	У 2012 році парламентський контроль засвідчив системні проблеми і порушення конституційних, соціально-економічних та гуманітарних прав людини і громадянина.
ParlaMint-UA_2013-06-05-m0.u142.p36.sent2	Незабезпечення права на працю, належний рівень заробітної плати, своєчасну виплату заробітної плати, соціальних захист, зокрема, пенсійне забезпечення, недоступність якісних медичних та освітніх послуг, порушення житлових та екологічних прав спричиняють велику кількість звернень.
ParlaMint-UA_2013-06-05-m0.u142.p37.sent1	Основними причинами порушення соціально-економічних прав людини, на моє переконання, є недосконалі законодавчі та нормативно-правові акти, реалізація яких, не забезпечує верховенство права; обмежені фінансові ресурси держави та неефективне виконання повноважень органами виконавчої влади та місцевого самоврядування; відсутність конструктивного суспільного діалогу при розв’язанні гострих проблем у сфері соціально-економічних та гуманітарних прав людини; недовіра та недоступність до правосуддя тощо.
ParlaMint-UA_2013-06-05-m0.u142.p38.sent1	Моніторинг, зокрема, за зверненнями громадян і громадський контроль за дотриманням норм трудового законодавства свідчить про порушення права людини на працю, інших трудових прав, що гарантовані статтями 43, 44, 45 Конституції України, законами України, міжнародними актами, у тому числі і конвенціями Міжнародної організації праці, що ратифіковані Україною.
ParlaMint-UA_2013-06-05-m0.u142.p39.sent1	Одним із поширених порушень прав людини є порушення права працівників на своєчасне та в повному обсязі одержання винагороди за працю.
ParlaMint-UA_2013-06-05-m0.u142.p39.sent2	Також впровадження за зверненнями громадян засвідчили чимало системних проблем у сфері забезпечення конституційних прав на соціальний захист.
ParlaMint-UA_2013-06-05-m0.u142.p39.sent3	Зокрема, у сфері пенсійного забезпечення 2012 рік став першим повним роком реалізації заходів з пенсійного реформування, масового перерахунку раніше призначених пенсій, зокрема, у зв’язку з підвищенням розміру прожиткового мінімуму тощо.
ParlaMint-UA_2013-06-05-m0.u142.p40.sent1	Середній розмір пенсії в Україні станом на 1 січня 2013 року становить 1470 гривень 73 копійки, що на 17,4 відсотка більше, ніж на початок 2012 року.
ParlaMint-UA_2013-06-05-m0.u142.p40.sent2	У майже 17,8 пенсіонерів розмір пенсії не перевищує 1 тисячу гривень.
ParlaMint-UA_2013-06-05-m0.u142.p40.sent3	Частка пенсіонерів із розміром пенсії понад 1 тисяча 500 гривень у 2012 році склала 26,1 відсотка проти 16 відсотків у 2011 році.
ParlaMint-UA_2013-06-05-m0.u142.p40.sent4	На 24,7 тисяч зменшилась кількість пенсіонерів з розмірами пенсій нижче прожиткового мінімуму.
ParlaMint-UA_2013-06-05-m0.u142.p40.sent5	Проте, на жаль, очікуваного людьми суттєвого зростання пенсійних виплат не відбулося.
ParlaMint-UA_2013-06-05-m0.u142.p40.sent6	Десятки тисяч пенсіонерів реально втратили раніше призначені пенсії, в тому числі і через невиконання судових рішень.
ParlaMint-UA_2013-06-05-m0.u142.p41.sent1	Практично не виконуються, прийняті судами, рішення з пенсійних виплат.
ParlaMint-UA_2013-06-05-m0.u142.p41.sent2	Заборгованість держави перед людьми продовжує накопичуватися.
ParlaMint-UA_2013-06-05-m0.u142.p41.sent3	Зважаючи на те, що нараховані кошти, згідно з рішенням судів, можуть бути виплачені лише за умови відповідного фінансування з державного бюджету, мною було внесено пропозицію до Верховної Ради України щодо передбачення у державному бюджеті коштів для виплати заборгованості з рішенням судів, яку має Пенсійний фонд України перед громадянами.
ParlaMint-UA_2013-06-05-m0.u142.p41.sent4	На жаль, при прийнятті Закону України про Державний бюджет зазначені пропозиції не були враховані.
ParlaMint-UA_2013-06-05-m0.u142.p42.sent1	Зрозуміло, що зважаючи на значні обсяги потрібних фінансових ресурсів, обмеженість можливостей державного бюджету, необхідність усунення дискримінації в питаннях соціального захисту та пенсійного забезпечення тих, хто домігся прийняття судового рішення і тих, хто не мав ні сил, ні коштів, щоб судитися з державою, знайти оптимальне рішення є надзвичайно складним завданням.
ParlaMint-UA_2013-06-05-m0.u142.p42.sent2	Тому вважаю, що необхідне проведення зваженого, суспільно-політичного діалогу за участі представників влади та громадянського суспільства, який би дав змогу визначити реальні механізми забезпечення конституційних прав громадян на соціальний захист.
ParlaMint-UA_2013-06-05-m0.u142.p43.sent1	Крім того, моніторинг засвідчив наявність порушень права громадян на утримання належної пенсії у зв’язку з втратою годувальника, який помер внаслідок нещасного випадку на виробництві або професійного захворювання.
ParlaMint-UA_2013-06-05-m0.u142.p43.sent2	У зв’язку з прогалинами у законодавстві органами Пенсійного фонду основний розмір пенсії у зв’язку з втратою годувальника, який помер внаслідок нещасного випадку на виробництві, призначається у розмірах визначених статтею 19 Закону України про пенсійне забезпечення на рівні, що склався з 1 липня 2003 року, а саме 150 гривень.
ParlaMint-UA_2013-06-05-m0.u142.p44.sent1	Незабезпеченість необхідними ліками, недоступність медичною допомогою через скорочення мережі медичних закладів, поширеність неформальних платежів, висока вартість ліків та лікування, в тому числі хірургічних операцій, неналежне виконання окремими медичними працівниками професійних обов’язків, тощо також є предметом чисельних скарг громадян.
ParlaMint-UA_2013-06-05-m0.u142.p44.sent2	Як абсолютно правильно зазначив Президент України, систему медичної допомоги не потрібно ламати, її треба змінювати і удосконалювати.
ParlaMint-UA_2013-06-05-m0.u142.p44.sent3	На жаль, моніторинг свідчить якраз про зворотні процеси.
ParlaMint-UA_2013-06-05-m0.u142.p45.sent1	Здатність громадян за допомогою держави або самостійно вирішувати житлові питання є надзвичайно складною проблемою.
ParlaMint-UA_2013-06-05-m0.u142.p45.sent2	Рівень доступності людей до житла, особливо з середніми та малими доходами, є надзвичайно низьким.
ParlaMint-UA_2013-06-05-m0.u142.p45.sent3	На жаль, реалізація державної гарантії щодо забезпечення пільгових категорій населення житлом в першочерговому або позачерговому порядку розтягується на десятиліття.
ParlaMint-UA_2013-06-05-m0.u142.p45.sent4	Люди очікують реалізації своїх прав протягом всього свого життя.
ParlaMint-UA_2013-06-05-m0.u142.p46.sent1	Приблизно чверть звернень у 2012 році стосовно порушення соціальних прав стосувались саме житлових прав.
ParlaMint-UA_2013-06-05-m0.u142.p46.sent2	Відповідно потребує законодавчого врегулювання створення сприятливих умов для розвитку будівництва, вдосконалення механізмів придбання житла, а також забезпечення виконання зобов’язань держави щодо доступності житла для всіх категорій громадян України.
ParlaMint-UA_2013-06-05-m0.u142.p47.sent1	Як і в попередні роки залишається нерозв’язаною проблема забезпечення права громадян на належне утримання житлово-комунальних послуг, встановлення справедливих тарифів за ці послуги, отримання житлових субсидій, ремонт житла, встановлення індивідуального опалення, а також захисту від неправомірного відключення помешкань від газу, електро та водопостачання.
ParlaMint-UA_2013-06-05-m0.u142.p47.sent2	Потребує врегулювання і питання гарантування повернення коштів, які вкладені людьми у кредитні спілки.
ParlaMint-UA_2013-06-05-m0.u142.p47.sent3	Багато заявників порушують питання встановлення державних гарантій стосовно повернення коштів вкладених в такі спілки, посилаючись на те, що держава дозволила існування кредитних спілок, але не подбала про гарантії їх діяльності та гарантії повернення вкладених в них коштів.
ParlaMint-UA_2013-06-05-m0.u142.p48.sent1	Чи не найуразливішою категорією, яка потребує захисту, є діти.
ParlaMint-UA_2013-06-05-m0.u142.p48.sent2	Моніторинг свідчить, що найгострішими залишаються проблеми із забезпечення права дитини на життя та охорону здоров’я, подолання дитячої бідності, безпритульності, бездоглядності, соціального сиріцтва, насильства стосовно дітей, порушення прав дитини на отримання державних соціальних допомог, аліментів, житла, на виховання в сім’ї.
ParlaMint-UA_2013-06-05-m0.u142.p49.sent1	Крім того, нагальною проблемою залишається дитячого сиріцтва.
ParlaMint-UA_2013-06-05-m0.u142.p49.sent2	На початок 2013 року в Україні налічувалось 93 тисячі дітей-сиріт та дітей, позбавлених батьківського піклування.
ParlaMint-UA_2013-06-05-m0.u142.p49.sent3	Незважаючи на позитивну тенденцію щодо зменшення загальної кількості таких дітей, їх частка у складі дитячого населення залишається високою.
ParlaMint-UA_2013-06-05-m0.u142.p50.sent1	Останнім часом активно запроваджується сімейні форми піклування.
ParlaMint-UA_2013-06-05-m0.u142.p50.sent2	Значно зросла кількість дітей-сиріт, дітей, позбавлених батьківського піклування, які влаштовані до прийомних сімей та дитячих будинків сімейного типу.
ParlaMint-UA_2013-06-05-m0.u142.p50.sent3	Розвиваючи цю систему, окрему увагу потрібно приділити якості створення таких сімей та ефективності їх соціального супроводу.
ParlaMint-UA_2013-06-05-m0.u142.p50.sent4	При цьому держава не повинна обмежувати свою увагу лише такою формою облаштування дітей, але й підтримувати розвиток усіх форм сімейного виховання дітей, в тому числі усиновлення та опіку.
ParlaMint-UA_2013-06-05-m0.u142.p51.sent1	Шановні народні депутати, законодавство про запобігання та протидію дискримінації в Україні є порівняно новим, а проблема з дотриманням права на свободу від дискримінації – нагальною.
ParlaMint-UA_2013-06-05-m0.u142.p51.sent2	Забезпечення свободи від дискримінації на практиці залишається чи не найпроблемнішим питанням в Україні.
ParlaMint-UA_2013-06-05-m0.u142.p52.sent1	В зв’язку із цим хочу відзначити, що кроком на шляху до розв’язання зазначених проблем є поданий урядом та зареєстрований у Верховній Раді України проект Закону про внесення змін до деяких законодавчих актів України щодо запобігання та протидії дискримінації.
ParlaMint-UA_2013-06-05-m0.u142.p53.sent1	Крім того, хотіла б звернути вашу увагу.
ParlaMint-UA_2013-06-05-m0.u143.p1.sent1	Завершуйте.
ParlaMint-UA_2013-06-05-m0.u144.p1.sent1	Хотіла б звернути вашу увагу, що статтею 39 Конституції України гарантоване право громадян збиратися мирно без зброї і проводити збори, мітинги, походи і демонстрації.
ParlaMint-UA_2013-06-05-m0.u144.p1.sent2	Зазначене право є невід’ємною складовою суспільного інструментарію розвитку демократії і закріплено рядом міжнародних конвенцій та угод.
ParlaMint-UA_2013-06-05-m0.u144.p1.sent3	Проте з часів незалежності наша держава не має спеціального закону щодо врегулювання цього права.
ParlaMint-UA_2013-06-05-m0.u144.p2.sent1	Варто згадати, що Верховна Рада з травня 2008 року.
ParlaMint-UA_2013-06-05-m0.u145.p1.sent1	Дякуємо.
ParlaMint-UA_2013-06-05-m0.u145.p1.sent2	Дякуємо.
ParlaMint-UA_2013-06-05-m0.u145.p2.sent1	Прошу народних депутатів записатися на запитання до Уповноваженого Верховної Ради України з права людини.
ParlaMint-UA_2013-06-05-m0.u145.p2.sent2	Іде запис.
ParlaMint-UA_2013-06-05-m0.u145.p2.sent3	20 хвилин у нас є, відповіді на питання.
ParlaMint-UA_2013-06-05-m0.u145.p3.sent1	Прошу фракція "УДАР Віталія Кличка", Аверченко.
ParlaMint-UA_2013-06-05-m0.u146.p1.sent1	Сергій Аверченко, фракція "УДАР Віталія Кличка", прошу передати слово Віталію Володимировичу Кличку.
ParlaMint-UA_2013-06-05-m0.u147.p1.sent1	Прошу передати.
ParlaMint-UA_2013-06-05-m0.u147.p2.sent1	Прошу, Віталію Володимировичу, прошу.
ParlaMint-UA_2013-06-05-m0.u148.p1.sent1	Питання: як ви як Уповноважена Верховної Ради з прав людини конкретно зробили і повинні робити для того, щоб політичних в’язків в Україні не було?
ParlaMint-UA_2013-06-05-m0.u148.p1.sent2	На прикладі Юлії Тимошенко поясніть, будь ласка.
ParlaMint-UA_2013-06-05-m0.u149.p1.sent1	Дякую за запитання, Віталію Володимировичу.
ParlaMint-UA_2013-06-05-m0.u149.p1.sent2	Я хотіла б ще раз наголосити на тому, що ані Конституція України, ані Закон "Про судоустрій та статус суддів", ані Закон про Уповноваженого не передбачають будь-якої участі Уповноваженого у правосудді, крім деяких, дуже обмежених можливостей представлення інтересів особи, яка не може захистити себе самостійно в рамках цивільного процесу та в рамках Кодексу адміністративного судочинства.
ParlaMint-UA_2013-06-05-m0.u149.p1.sent3	В усіх решті випадках Уповноважений не має жодного права втручатися у здійснення правосуддя.
ParlaMint-UA_2013-06-05-m0.u150.p1.sent1	Об’єднання "Свобода", народний депутат Шевченко.
ParlaMint-UA_2013-06-05-m0.u151.p1.sent1	Прошу передати слово Андрію Іллєнку.
ParlaMint-UA_2013-06-05-m0.u152.p1.sent1	Прошу, Андрій Іллєнко.
ParlaMint-UA_2013-06-05-m0.u153.p1.sent1	Андрій Іллєнко, фракція "Всеукраїнське об’єднання "Свобода", місто Київ.
ParlaMint-UA_2013-06-05-m0.u153.p1.sent2	Пані Лутковська, я хотів вас запитати по двом дуже резонансним кримінальним справам.
ParlaMint-UA_2013-06-05-m0.u153.p1.sent3	Перша справа – так званих "васильківських терористів", коли трьох людей – Сергія Бевза, Володимира Шпару та Ігоря Масійчука вже майже два роки назад було кинуто до слідчого ізолятору за абсолютно абсурдними і надуманими звинуваченнями.
ParlaMint-UA_2013-06-05-m0.u153.p1.sent4	І, власне, сьогодні відбувається суд у Києво-Святошинському районному суді, де суддя Бурбела порушує всі можливі процесуальні норми, зробив цей судовий процес закритим, не допускає туди ні журналістів, ні навіть народних депутатів, порушує право цих людей на адвокатів і на судовий захист, фактично, затягує цю справу, тому що люди досі знаходяться під вартою, а ця справа не рухається.
ParlaMint-UA_2013-06-05-m0.u153.p2.sent1	Ще хотів би запитати вас, вашу думку, про так само абсурдну і надуману справу по батьку і сину Павліченкам, яких звинувачують у вбивстві, яке вони не робили.
ParlaMint-UA_2013-06-05-m0.u153.p2.sent2	Дякую.
ParlaMint-UA_2013-06-05-m0.u154.p1.sent1	Дякую дуже за запитання.
ParlaMint-UA_2013-06-05-m0.u154.p2.sent1	Ну, ще раз наголошую, що у нас немає права втручатися у кримінальне провадження, але і по одній, і по другій справі представники Уповноваженого присутні в судових засіданнях.
ParlaMint-UA_2013-06-05-m0.u154.p3.sent1	По справі "васильківських терористів", враховуючи особливий резонанс цієї справи, а також дії судді, мною було використано, власне, право, яке надано законодавством – я звернулась до Вищої кваліфікаційної комісії судів зі скаргою на дії судді.
ParlaMint-UA_2013-06-05-m0.u154.p3.sent2	На сьогоднішній день Вища кваліфікаційна комісія прийняла цю скаргу до розгляду, але призупинила розгляд до тих пір, поки не буде винесено вирок у справі.
ParlaMint-UA_2013-06-05-m0.u154.p4.sent1	Крім того, обох.
ParlaMint-UA_2013-06-05-m0.u154.p4.sent2	по обох справах наші представники департаменту з питань реалізації національного превентивного механізму навідували відповідних людей в слідчих ізоляторах, там, де вони знаходились, з’ясовували умови, в яких вони утримуються, намагалися забезпечити їх ефективною медичною допомогою.
ParlaMint-UA_2013-06-05-m0.u154.p4.sent3	Але ще раз наголошую на тому, що вплив Уповноваженого на здійснення правосуддя, як і вплив будь-якої іншої особи, крім судді, є заборонений Конституцією України.
ParlaMint-UA_2013-06-05-m0.u155.p1.sent1	Наливайченко, фракція "УДАР Віталія Кличка".
ParlaMint-UA_2013-06-05-m0.u156.p1.sent1	Наливайченко, фракція "УДАР Віталія Кличка".
ParlaMint-UA_2013-06-05-m0.u156.p1.sent2	Просимо передати слово нашим колегам Олександрі Кужель з фракції "Батьківщина".
ParlaMint-UA_2013-06-05-m0.u157.p1.sent1	Прошу, Олександра Кужель.
ParlaMint-UA_2013-06-05-m0.u158.p1.sent1	Дякую.
ParlaMint-UA_2013-06-05-m0.u158.p1.sent2	На жаль, ми не почули доповідь про дотримання прав людини в Україні.
ParlaMint-UA_2013-06-05-m0.u158.p1.sent3	Ми почули доповідь заступника міністра із юстиції.
ParlaMint-UA_2013-06-05-m0.u158.p1.sent4	В перший раз депутати Верховної Ради тримають доповідь, в якій відсутній спеціальний розділ щодо аналізу звернень громадян по дотриманню прав людини.
ParlaMint-UA_2013-06-05-m0.u158.p1.sent5	Це передбачено 16 статтею Закону про Уповноваженого з прав людини.
ParlaMint-UA_2013-06-05-m0.u158.p1.sent6	Скажіть, чому чи, і на наш погляд, це є, нам дає право відхили вашу доповідь і за порушення вами Закону про Уповноваженого з прав людини, розпочати вашу справу про невідповідність.
ParlaMint-UA_2013-06-05-m0.u158.p1.sent7	Але поки ви відповідаєте, згідно дорученню Президента, від фракцій трьох – "УДАР", "Свобода" і "Батьківщина" приміть депутатське звернення на обов’язковість вашого втручання на порушення прав Юлії Тимошенко і звернення на її звільнення.
ParlaMint-UA_2013-06-05-m0.u159.p1.sent1	Ну, по-перше, хотіла б зазначити, що вся доповідь, власне, ґрунтується на аналізі звернень громадян і це, власне, зрозуміло з тексту цієї доповіді.
ParlaMint-UA_2013-06-05-m0.u159.p1.sent2	Дякую.
ParlaMint-UA_2013-06-05-m0.u159.p2.sent1	Що стосується, власне, цієї презентації, яка була сьогодні, то це лише презентація доповіді.
ParlaMint-UA_2013-06-05-m0.u159.p2.sent2	Саму доповідь ви має можливість прочитати.
ParlaMint-UA_2013-06-05-m0.u159.p2.sent3	Вона, дійсно, вся ґрунтується на моніторингу, який проводиться нами самостійно або на аналізі звернень громадян.
ParlaMint-UA_2013-06-05-m0.u159.p3.sent1	Що стосується, власне, пані Тимошенко, то провадження по ній відкрито досить давно, і воно продовжується, воно не припинялося на жодну годину.
ParlaMint-UA_2013-06-05-m0.u160.p1.sent1	Об’єднання "Свобода", народний депутат Бенюк.
ParlaMint-UA_2013-06-05-m0.u161.p1.sent1	Об’єднання "Свобода", Богдан Бенюк.
ParlaMint-UA_2013-06-05-m0.u161.p1.sent2	Пані Лутковська, у мене до вас таке запитання.
ParlaMint-UA_2013-06-05-m0.u161.p1.sent3	Я маю величезну кількість листів з Одеси, з нашої південної Пальміри, з приводу того, що місцеві можновладці, які керують освітою і областю, забороняють відкривати українські класи в російських школах.
ParlaMint-UA_2013-06-05-m0.u161.p1.sent4	Української школи в Одесі фактично не існує.
ParlaMint-UA_2013-06-05-m0.u161.p1.sent5	Українські класи, мотивують, що не можна відкривати, бо мало заяв, а це відверта брехня.
ParlaMint-UA_2013-06-05-m0.u161.p1.sent6	Чи можна до вас звернутися з таким пакетом листів, власне, жителів мешканців Одеси, які набирають перший клас, щоб ви звернули увагу на цю проблему в Одесі?
ParlaMint-UA_2013-06-05-m0.u161.p2.sent1	І ще, користуючись можливістю, хочу вашу звернути увагу на Івано-Франківську область, Наддвірнянський район.
ParlaMint-UA_2013-06-05-m0.u161.p2.sent2	Там, власне, великий нафтозавод, який зараз.
ParlaMint-UA_2013-06-05-m0.u161.p2.sent3	вже скорочуються абсолютно робочі місця, людей виганяють з роботи – і вони всі опиняються з часом за кордоном і стають потім емігрантами нашими, українськими емігрантами, які безправні.
ParlaMint-UA_2013-06-05-m0.u161.p3.sent1	Хочемо вас звернути і запросити третього липня до нас на.
ParlaMint-UA_2013-06-05-m0.u162.p1.sent1	Прошу.
ParlaMint-UA_2013-06-05-m0.u163.p1.sent1	Запитання зрозуміле.
ParlaMint-UA_2013-06-05-m0.u163.p1.sent2	За запрошення дякую, спробую обов’язково бути, тому що питання, дійсно, вкрай важливе, але не питання, власне, того, що завершує свою діяльність те чи інше підприємство, а питання стосовно того, що, дійсно, ми є поставниками трудових мігрантів на територію Європи, і це, дійсно, питання захисту наших громадян.
ParlaMint-UA_2013-06-05-m0.u163.p2.sent1	А що стосується, власне, звернень стосовно Одеси, то, звичайно, я чекаю ці звернення.
ParlaMint-UA_2013-06-05-m0.u163.p2.sent2	Розглянемо – і в межах можливості максимально спробуємо допомогти.
ParlaMint-UA_2013-06-05-m0.u164.p1.sent1	Об’єднання "Свобода", депутат Швайка.
ParlaMint-UA_2013-06-05-m0.u165.p1.sent1	По черзі Черняков.
ParlaMint-UA_2013-06-05-m0.u165.p1.sent2	По черзі був записаний Черняков.
ParlaMint-UA_2013-06-05-m0.u165.p1.sent3	Чернякову слово.
ParlaMint-UA_2013-06-05-m0.u165.p1.sent4	Прошу передати.
ParlaMint-UA_2013-06-05-m0.u165.p1.sent5	Прошу передати слово Чернякову.
ParlaMint-UA_2013-06-05-m0.u166.p1.sent1	Валерій Черняков, Всеукраїнське об’єднання "Свобода", Закарпаття.
ParlaMint-UA_2013-06-05-m0.u166.p2.sent1	Я хотів би повідомити про злочин.
ParlaMint-UA_2013-06-05-m0.u166.p2.sent2	До мене, як до депутата, звернулися батьки неповнолітніх дітей, яких 17 квітня 2013 року депутат Виноградівської районної ради від Комуністичної партії України жорстоко побив, що зафіксовано медичними.
ParlaMint-UA_2013-06-05-m0.u166.p2.sent3	лікарями.
ParlaMint-UA_2013-06-05-m0.u166.p2.sent4	Він їх запакував в машину, вивіз на річку і обіцяв потопити.
ParlaMint-UA_2013-06-05-m0.u166.p2.sent5	Після цього вимагав у батьків по 4 тисячі гривень.
ParlaMint-UA_2013-06-05-m0.u166.p3.sent1	Справу міліція відкрила, але вона хоче закривати тихенько.
ParlaMint-UA_2013-06-05-m0.u166.p3.sent2	Депутат залякує, казав, що в нього є зв’язки у Верховній Раді.
ParlaMint-UA_2013-06-05-m0.u166.p4.sent1	Ми просили би, щоб ви цю справу взяли під контроль, тому що так появляється у нас новий лозинський.
ParlaMint-UA_2013-06-05-m0.u166.p4.sent2	Тому просимо взяти під контроль цю справу і довести її до кінця, щоб понесли покарання.
ParlaMint-UA_2013-06-05-m0.u167.p1.sent1	Дякую за запитання.
ParlaMint-UA_2013-06-05-m0.u167.p1.sent2	Але я просила би в письмовому вигляді для того, щоб мати можливість адекватно відреагувати.
ParlaMint-UA_2013-06-05-m0.u168.p1.sent1	Я прошу, фракція "Батьківщина", народний депутат Купрейчик.
ParlaMint-UA_2013-06-05-m0.u169.p1.sent1	Депутат Купрейчик, фракція "Батьківщина".
ParlaMint-UA_2013-06-05-m0.u169.p1.sent2	Прошу передати слово Андрію Шевченко.
ParlaMint-UA_2013-06-05-m0.u170.p1.sent1	Прошу, Андрій Шевченко.
ParlaMint-UA_2013-06-05-m0.u171.p1.sent1	Шановний Валерія Володимирівна!
ParlaMint-UA_2013-06-05-m0.u171.p1.sent2	Питання.
ParlaMint-UA_2013-06-05-m0.u171.p1.sent3	Перше.
ParlaMint-UA_2013-06-05-m0.u171.p1.sent4	Як сталося, що у Доповіді Уповноваженого з прав людини жодним словом не згадані Юлія Тимошенко і Юрій Луценко?
ParlaMint-UA_2013-06-05-m0.u171.p2.sent1	Є рішення Європейського Суду з прав людини, який сьогодні ігнорується українською владою.
ParlaMint-UA_2013-06-05-m0.u171.p2.sent2	Криком кричать про це міжнародні організації, але у вашому звіті – 267 сторінок – жодного разу це не згадується.
ParlaMint-UA_2013-06-05-m0.u171.p2.sent3	Як ми це повинні розуміти?
ParlaMint-UA_2013-06-05-m0.u171.p2.sent4	Чи це частина ваших зобов’язань, які ви брали при призначенні ваш на цю посаду?
ParlaMint-UA_2013-06-05-m0.u171.p3.sent1	Друге.
ParlaMint-UA_2013-06-05-m0.u171.p3.sent2	Як сталося, що тут абсолютно проігноровані вимоги Європарламенту, Європейського Союзу, ОБСЄ?
ParlaMint-UA_2013-06-05-m0.u171.p4.sent1	Нагадаю.
ParlaMint-UA_2013-06-05-m0.u171.p4.sent2	Політичні в’язні в Україні, вибіркове правосуддя, порушення права на вибір.
ParlaMint-UA_2013-06-05-m0.u171.p4.sent3	Чому жодним словом про це не згадано.
ParlaMint-UA_2013-06-05-m0.u171.p5.sent1	Третє.
ParlaMint-UA_2013-06-05-m0.u171.p5.sent2	Як сталося, що у Звіті Уповноваженого з прав людини немає нічого про свободу слова, про доступ до інформації, про права національних меншин?
ParlaMint-UA_2013-06-05-m0.u171.p5.sent3	Висновок дуже простий.
ParlaMint-UA_2013-06-05-m0.u171.p5.sent4	Від вас чекали простих слів, що головний порушник прав людини в цій країні – це влада.
ParlaMint-UA_2013-06-05-m0.u171.p5.sent5	На жаль.
ParlaMint-UA_2013-06-05-m0.u171.p5.sent6	У протистоянні між владою і між громадян.
ParlaMint-UA_2013-06-05-m0.u172.p1.sent1	Відповідайте.
ParlaMint-UA_2013-06-05-m0.u173.p1.sent1	Дякую за запитання.
ParlaMint-UA_2013-06-05-m0.u173.p1.sent2	Ну по-перше, що стосується рішення Європейського Суду з прав людини, то я звертаю вашу увагу, що Доповідь стосується 2012 року.
ParlaMint-UA_2013-06-05-m0.u173.p2.sent1	По-друге.
ParlaMint-UA_2013-06-05-m0.u173.p2.sent2	Якщо мова йде про ці справи конкретно, то я ще раз звертаю вашу увагу на те, що доповідь стосувалась системних проблем, які існують в Україні.
ParlaMint-UA_2013-06-05-m0.u173.p3.sent1	По-третє, якщо мова йде про деякі питання, які дійсно не охоплені цією доповіддю, то це лише означає, що по цих питаннях готуються спеціальні доповіді.
ParlaMint-UA_2013-06-05-m0.u173.p3.sent2	Одна вже готова.
ParlaMint-UA_2013-06-05-m0.u173.p3.sent3	І в буду просити парламент вислухати спеціальну доповідь стосовно діяльності Національного превентивного механізму більш докладно і розширено.
ParlaMint-UA_2013-06-05-m0.u173.p4.sent1	Крім того, я буду просили парламент послухати спеціальну доповідь стосовно стану національних меншин в Україні, а також стосовно доступу до публічної інформації.
ParlaMint-UA_2013-06-05-m0.u174.p1.sent1	Фракція "УДАР Віталія Кличка", депутат Чернега.
ParlaMint-UA_2013-06-05-m0.u175.p1.sent1	Роман Чернега, фракція "УДАР Віталія Кличка".
ParlaMint-UA_2013-06-05-m0.u175.p1.sent2	Шановна пані доповідач!
ParlaMint-UA_2013-06-05-m0.u175.p1.sent3	Знаєте, у вашій доповіді дійсно не сказано дуже багато моментів, ті, про які сказали мої колеги.
ParlaMint-UA_2013-06-05-m0.u175.p1.sent4	Але я хотів би задати інші питання.
ParlaMint-UA_2013-06-05-m0.u175.p2.sent1	Дуже багато в програмах діяльності і уряду, і Президента говориться про належний соціальний захист, медицину.
ParlaMint-UA_2013-06-05-m0.u175.p2.sent2	Зокрема про те, що "Швидка" доїжджає до хворого за 20 хвилин в Україні.
ParlaMint-UA_2013-06-05-m0.u175.p2.sent3	Чи не вважаєте ви, що крім тих багато речей, про які ви не сказали в доповіді, проблеми простих громадян повинні бути під більш детальним вашим поглядом?
ParlaMint-UA_2013-06-05-m0.u175.p3.sent1	Тому до дуже багато скарг, звернень надходить до нас як до народних депутатів, які ми направляємо до вас як до основного захисника прав людини в Україні.
ParlaMint-UA_2013-06-05-m0.u175.p3.sent2	Прошу, дайте відповідь на питання.
ParlaMint-UA_2013-06-05-m0.u176.p1.sent1	Я хотіла б звернути вашу увагу, що в розділі "Соціально-економічні і гуманітарні права" є розділ, який стосується власне критики медичної реформи, яка відбувається на сьогоднішній день.
ParlaMint-UA_2013-06-05-m0.u176.p1.sent2	І все, що можна буде зробити в цьому напрямку, будемо робити і далі.
ParlaMint-UA_2013-06-05-m0.u177.p1.sent1	Фракція Компартії України, народний депутат Бідьовка.
ParlaMint-UA_2013-06-05-m0.u178.p1.sent1	Прошу передать слово Петру Степановичу Цибенко.
ParlaMint-UA_2013-06-05-m0.u179.p1.sent1	Передаємо, Цибенко.
ParlaMint-UA_2013-06-05-m0.u180.p1.sent1	Дякую.
ParlaMint-UA_2013-06-05-m0.u180.p1.sent2	Фракція комуністів, голова Ради організації ветеранів України Петро Цибенко.
ParlaMint-UA_2013-06-05-m0.u180.p1.sent3	Шановна уповноважена!
ParlaMint-UA_2013-06-05-m0.u180.p1.sent4	Ви обіймаєте надзвичайно відповідальну посаду в Україні в частині прав людини.
ParlaMint-UA_2013-06-05-m0.u180.p1.sent5	Загальновідомо, що в Україні створена одна з найкращих законодавчих баз в частині соціального захисту населення.
ParlaMint-UA_2013-06-05-m0.u180.p2.sent1	Але так, як сьогодні виживають діти війни, чорнобильці, ветерани війни, інші незахищені категорії, мабуть, знають одні вони та ще Господь Бог.
ParlaMint-UA_2013-06-05-m0.u180.p2.sent2	І це при найкращій законодавчій базі в частині соціального захисту.
ParlaMint-UA_2013-06-05-m0.u180.p2.sent3	Люди як манної небесної ждали запровадження Закону України "Про державні гарантії виконання рішень суду".
ParlaMint-UA_2013-06-05-m0.u180.p2.sent4	Вступив в дію з січня місяця цього року, але ніяких подвижок нема.
ParlaMint-UA_2013-06-05-m0.u180.p3.sent1	Скажіть, будь ласка, що робите ви конкретно, будь ласка, як Уповноважений з прав людини задля того, щоб законодавство чинне в Україні виконувалося, щоб це був священний обов’язок чиновника.
ParlaMint-UA_2013-06-05-m0.u181.p1.sent1	Дякую дуже за запитання.
ParlaMint-UA_2013-06-05-m0.u181.p1.sent2	І, власне, це є проблема, яку ми так само висвітлювали в доповіді.
ParlaMint-UA_2013-06-05-m0.u181.p1.sent3	Це дійсно величезна проблема, яка є на сьогоднішній день і, власне, вона накопичується і не вирішується.
ParlaMint-UA_2013-06-05-m0.u181.p2.sent1	Я, на жаль, не маю права законодавчої ініціативи, це правда, за Конституцією України.
ParlaMint-UA_2013-06-05-m0.u181.p2.sent2	Але я зверталася з проханням і до Голови Верховної Ради, і до голови відповідного бюджетного комітету для того, щоб передбачити відповідні виплати в Законі про Державний бюджет на 2013 рік.
ParlaMint-UA_2013-06-05-m0.u181.p2.sent3	На жаль, ці пропозиції враховані не були.
ParlaMint-UA_2013-06-05-m0.u181.p3.sent1	Єдине, що я можу запропонувати в цьому випадку і що я, власне, і роблю на сьогоднішній день – це запропонувати площадку для суспільного діалогу, тому що вирішувати ті проблеми, які накопичуються з роками все одно потрібно.
ParlaMint-UA_2013-06-05-m0.u181.p3.sent2	І це дійсно потрібен суспільний діалог між органами виконавчої, законодавчої влади, між представниками громадянського суспільства для того, щоб для себе з’ясувати механізм погашення тої заборгованості, яка є і зменшення темпів нарощування цієї заборгованості, яка існує.
ParlaMint-UA_2013-06-05-m0.u181.p3.sent3	Це буде не легке питання, це буде складне політичне питання.
ParlaMint-UA_2013-06-05-m0.u181.p3.sent4	Але все одно так чи інакше парламенту треба вирішити цю проблему.
ParlaMint-UA_2013-06-05-m0.u182.p1.sent1	Фракція "Батьківщина", депутат Шульга.
ParlaMint-UA_2013-06-05-m0.u183.p1.sent1	Володимир Шульга, фракція "Батьківщина".
ParlaMint-UA_2013-06-05-m0.u183.p1.sent2	Прошу передати слово Княжицькому.
ParlaMint-UA_2013-06-05-m0.u184.p1.sent1	Прошу Княжицькому.
ParlaMint-UA_2013-06-05-m0.u185.p1.sent1	Шановна пані Лутковська, два питання, одне з них колеги зі "Свободи" піднімали.
ParlaMint-UA_2013-06-05-m0.u185.p1.sent2	Справи з терористами так званими в Україні майже всі є сфабрикованими.
ParlaMint-UA_2013-06-05-m0.u185.p1.sent3	Окрім справи Васильківських терористів, ми знаємо справу Макіївських терористів.
ParlaMint-UA_2013-06-05-m0.u185.p1.sent4	Ми знаємо справу Дніпропетровських терористів, де двоє з чотирьох до цього людей до цього абсолютно непричетні.
ParlaMint-UA_2013-06-05-m0.u185.p1.sent5	Ми знаємо багато інших справ.
ParlaMint-UA_2013-06-05-m0.u185.p1.sent6	Справу Паламарів.
ParlaMint-UA_2013-06-05-m0.u185.p1.sent7	Чи піднімаєте ви ці питання?
ParlaMint-UA_2013-06-05-m0.u185.p2.sent1	І ще одне дуже важливе питання.
ParlaMint-UA_2013-06-05-m0.u185.p2.sent2	Декларація Генасамблеї ООН прямо говорить про неможливість переслідування правозахисників.
ParlaMint-UA_2013-06-05-m0.u185.p2.sent3	Ми маємо цілу низку сфабрикованих справ проти вінницького правозахисника Дмитра Гройсмана.
ParlaMint-UA_2013-06-05-m0.u185.p2.sent4	Чи втручаєтесь ви в ці питання?
ParlaMint-UA_2013-06-05-m0.u185.p2.sent5	І чи ви слідкуєте за вирішенням цих питань?
ParlaMint-UA_2013-06-05-m0.u185.p2.sent6	Дякую.
ParlaMint-UA_2013-06-05-m0.u186.p1.sent1	Дякую за запитання.
ParlaMint-UA_2013-06-05-m0.u186.p1.sent2	Ще раз хотіла би наголосити на тому, що я не маю жодного права втручатись в процес здійснення правосуддя, це заборонено Конституцією України.
ParlaMint-UA_2013-06-05-m0.u186.p1.sent3	Але, в частині, яка належить до моєї компетенції, як я вже сказала, частково ми присутні в судових засіданнях для того, щоб проаналізувати хід судових засідань і, відповідно, використати можливість звернення до Вищої кваліфікаційної комісії суддів у випадку, якщо для цього будуть підстави.
ParlaMint-UA_2013-06-05-m0.u186.p1.sent4	В деяких випадках ми просто слідкуємо за розвитком цих подій, які стають підставою для того чи іншого аналізу.
ParlaMint-UA_2013-06-05-m0.u186.p1.sent5	Але втручатись в здійснення правосуддя ми не маємо жодного права.
ParlaMint-UA_2013-06-05-m0.u187.p1.sent1	Фракція об’єднання "Свобода", народний депутат Бублик.
ParlaMint-UA_2013-06-05-m0.u188.p1.sent1	Прошу передати слово депутату Ар’єву із фракції "Батьківщина".
ParlaMint-UA_2013-06-05-m0.u189.p1.sent1	Прошу, Ар’єв.
ParlaMint-UA_2013-06-05-m0.u190.p1.sent1	Шановна пані омбутсмен, ну, по-перше, я абсолютно згоден із своєю колегою про те, що ця доповідь – це, швидше, звіт Міністерства внутрішніх справ, але ніяк не доповідь Уповноваженого з прав людини.
ParlaMint-UA_2013-06-05-m0.u190.p1.sent2	Перепрошую, це моя думка.
ParlaMint-UA_2013-06-05-m0.u190.p1.sent3	І, як виявилося, не тільки моя.
ParlaMint-UA_2013-06-05-m0.u190.p2.sent1	Але, що ми бачимо останнім часом?
ParlaMint-UA_2013-06-05-m0.u190.p2.sent2	Абсолютно нахабно порушуються права українських громадян на проведення акцій протесту.
ParlaMint-UA_2013-06-05-m0.u190.p2.sent3	Зокрема, попри Резолюцію (2015) прийняту Парламентською асамблеєю Ради Європи, молодих людей, які протестують під Межигір’ям або по маршруту слідування Президента, які проводять мирні акції протесту відповідно до закону, закидають в автозаки, ведуть в суд, там брешуть.
ParlaMint-UA_2013-06-05-m0.u190.p2.sent4	Крім того, ми бачимо побиття активістів від "Свободи", "Батьківщини", "УДАРу", "ДемАльянсу", де їх орли, Захарченка.
ParlaMint-UA_2013-06-05-m0.u191.p1.sent1	Відповідайте.
ParlaMint-UA_2013-06-05-m0.u192.p1.sent1	Дякую за запитання.
ParlaMint-UA_2013-06-05-m0.u192.p1.sent2	Я хотіла б звернути вашу увагу на те, що я якраз під кінець своєї доповіді ще встигла сказати про те, що ми дійсно маємо системну проблему, яка полягає в тому, що ми маємо конституційну норму про право на мирні заходи, але ми не маємо законодавчо встановленого механізму реалізації цієї норми.
ParlaMint-UA_2013-06-05-m0.u192.p1.sent3	І нам необхідний такий законодавчий механізм.
ParlaMint-UA_2013-06-05-m0.u192.p1.sent4	І я дуже вдячна Комітету з прав людини, який взяв на себе таку функцію модератора між громадянським суспільством, органами влади і відповідно зараз намагається випрацювати текст законопроекту, який має бути зареєстрований і внесений в парламент.
ParlaMint-UA_2013-06-05-m0.u192.p1.sent5	І відповідно тоді, принаймні, ми будемо чітко знати, яким чином реалізовувати ті права, які зазначені в статті відповідній Конституції України.
ParlaMint-UA_2013-06-05-m0.u193.p1.sent1	Народний депутат Кожем’якін, фракція "Батьківщина".
ParlaMint-UA_2013-06-05-m0.u193.p2.sent1	Я прошу Кожем’якіна включити, слухаємо вас.
ParlaMint-UA_2013-06-05-m0.u194.p1.sent1	Соболєв, народний депутат, фракція "Батьківщина".
ParlaMint-UA_2013-06-05-m0.u195.p1.sent1	А де Кожем’якін?
ParlaMint-UA_2013-06-05-m0.u195.p1.sent2	Де Кожем’якін?
ParlaMint-UA_2013-06-05-m0.u195.p1.sent3	Покажіть, де Кожем’якін?
ParlaMint-UA_2013-06-05-m0.u195.p2.sent1	Фракція "Батьківщина", Ярема.
ParlaMint-UA_2013-06-05-m0.u196.p1.sent1	Прошу передати слово депутату Соболєву.
ParlaMint-UA_2013-06-05-m0.u197.p1.sent1	Прошу передати депутату Соболєву.
ParlaMint-UA_2013-06-05-m0.u198.p1.sent1	Соболєв, "Батьківщина".
ParlaMint-UA_2013-06-05-m0.u198.p1.sent2	Скажіть, будь ласка, на сьогоднішній день є цілий ряд рішень Європейського Суду з прав людини, і перш за все рішення, які стосуються незаконно ув’язненої Тимошенко, незаконного ув’язнення Луценка.
ParlaMint-UA_2013-06-05-m0.u198.p1.sent3	До цього часу судді, які ухвалювали ці рішення, прокурори, які давали такі команди, особисто Янукович, сидять на своїх місцях.
ParlaMint-UA_2013-06-05-m0.u198.p2.sent1	Ви як уповноважена особа чи не вважаєте, що такі горе-судді і горе-прокурори повинні бути зняти зі своїх посад і притягнуті до відповідальності.
ParlaMint-UA_2013-06-05-m0.u198.p2.sent2	Чи вас влаштовує така ситуація з так званим правосуддям і з так званим прокурорським наглядом?
ParlaMint-UA_2013-06-05-m0.u198.p2.sent3	Я хотів би почути вашу відповідь і чітко на це запитання.
ParlaMint-UA_2013-06-05-m0.u198.p2.sent4	Я питаю про Тимошенко і Луценко, а не взагалі про будь-які справи інші, і про тисячі наших громадян, які мають справи з Європейським Судом.
ParlaMint-UA_2013-06-05-m0.u199.p1.sent1	Дякую дуже за запитання.
ParlaMint-UA_2013-06-05-m0.u199.p1.sent2	Хотіла б звернути вашу увагу на те, що рішення Європейського Суду у справі Тимошенко ще не набуло статусу остаточного.
ParlaMint-UA_2013-06-05-m0.u199.p1.sent3	Що стосується рішення у інших справах, які виносяться Європейським Судом з прав людини, то, по-перше, у нас немає компетенції Уповноваженого в частині притягнення будь-кого до відповідальності, це раз.
ParlaMint-UA_2013-06-05-m0.u199.p1.sent4	По-друге, у нас законодавством не передбачено притягнення до відповідальності тої особи, яка, власне, завдяки діяльності якій стало можливим звернення до Європейського Суду з прав людини.
ParlaMint-UA_2013-06-05-m0.u199.p1.sent5	Але, власне, це питання до парламенту.
ParlaMint-UA_2013-06-05-m0.u200.p1.sent1	Дякую.
ParlaMint-UA_2013-06-05-m0.u200.p2.sent1	Не спрацювала система по Сабію і по Шевченку Андрію.
ParlaMint-UA_2013-06-05-m0.u200.p2.sent2	Тому два питання і закінчуємо відповіді.
ParlaMint-UA_2013-06-05-m0.u200.p3.sent1	Прошу, народний депутат Сабій.
ParlaMint-UA_2013-06-05-m0.u201.p1.sent1	Шановна пані Лутковська!
ParlaMint-UA_2013-06-05-m0.u201.p1.sent2	У вашій доповіді ви жодних прикладів не надали кому конкретно допомогли ви і ваш офіс після створення так званого національного превентивного механізму, до складу якого входить понад 40 працівників за бюджетні гроші.
ParlaMint-UA_2013-06-05-m0.u201.p1.sent3	Ви не дали оцінку порушенням виборчих прав.
ParlaMint-UA_2013-06-05-m0.u201.p1.sent4	Ви жодним словом не обмовилися про порушення прав журналістів, про побиття учасників протестних акцій за допомогою "Беркуту".
ParlaMint-UA_2013-06-05-m0.u201.p1.sent5	Ні слова про затримання безпідставні і арешти.
ParlaMint-UA_2013-06-05-m0.u201.p1.sent6	Ви промовчали про 22 смерті з моменту призначення вас на посаду від рук міліції.
ParlaMint-UA_2013-06-05-m0.u201.p2.sent1	Будь ласка, скажіть, хто буде відповідати за ці безневинні смерті внаслідок дії бездіяльності міліції?
ParlaMint-UA_2013-06-05-m0.u201.p2.sent2	І чому ви особисто відмовчуєтесь?
ParlaMint-UA_2013-06-05-m0.u201.p3.sent1	Крім того, під час проведення мирних протестних акцій постійно виникають судові рішення про їх заборону, що порушує основне право людини на народовладдя і що вже є оскаржено навіть в Європейському Суді з прав людини.
ParlaMint-UA_2013-06-05-m0.u201.p3.sent2	Дайте, будь ласка, відповідь.
ParlaMint-UA_2013-06-05-m0.u202.p1.sent1	Дякую дуже за запитання.
ParlaMint-UA_2013-06-05-m0.u202.p2.sent1	По-перше, національний превентивний механізм, який створений відповідно до міжнародного договору, не може допомагати конкретній особі, хоча ми і допомагаємо.
ParlaMint-UA_2013-06-05-m0.u202.p2.sent2	Його основна мета це превенція катувань і недозволеного поводження.
ParlaMint-UA_2013-06-05-m0.u202.p2.sent3	Превенція по відношенню до всіх, а не по відношенню до конкретної особи.
ParlaMint-UA_2013-06-05-m0.u202.p2.sent4	Хоча, в принципі, в межах діяльності цього департаменту, який займається реалізацією національного превентивного механізму є конкретні люди, яким надавалася конкретна допомога і в отриманні ефективної медичної допомоги, і в отриманні побачень, і в отриманні можливості ознайомитися із своїми кримінальними справами і так далі.
ParlaMint-UA_2013-06-05-m0.u202.p3.sent1	Що стосується мирних акцій, то я ще раз повторюю, на сьогоднішній день Комітет з питань прав людини і національних відносин Верховної Ради України займається напрацюванням тексту законопроекту, який має стати другою цивільною Конституцією для громадян України.
ParlaMint-UA_2013-06-05-m0.u202.p3.sent2	Тому що це має бути механізм реалізації конституційного права збиратися мирно.
ParlaMint-UA_2013-06-05-m0.u202.p3.sent3	І я дуже сподіваюсь на те, що ця робота буде вдалою, і Україна нарешті отримає відповідний законодавчий акт.
ParlaMint-UA_2013-06-05-m0.u203.p1.sent1	Прошу, Андрій Шевченко, фракція "Батьківщина".
ParlaMint-UA_2013-06-05-m0.u204.p1.sent1	Дякую, Володимире Васильовичу.
ParlaMint-UA_2013-06-05-m0.u204.p1.sent2	Ми таки не почули жодної конкретики у відповідях на запитання про двох політв’язнів: про Юлію Тимошенко і про Юрія Луценко.
ParlaMint-UA_2013-06-05-m0.u204.p1.sent3	Не приймається аргумент про те, що там у нас щось не завершено.
ParlaMint-UA_2013-06-05-m0.u204.p1.sent4	Висновок Європейського Суду з прав людини по Юрію Луценко був в 2012 році.
ParlaMint-UA_2013-06-05-m0.u204.p1.sent5	Для всього світу ситуація очевидна, для України очевидна, тільки для українського Уповноваженого з прав людини ця ситуація незрозуміла.
ParlaMint-UA_2013-06-05-m0.u204.p1.sent6	І наі 267 сторінках ви не потрудилися навіть згадати про ці два випадки, про які криком кричить увесь світ.
ParlaMint-UA_2013-06-05-m0.u204.p2.sent1	І, знаєте, справа ж не тільки в Тимошенко і в Луценку, справа в простих громадянах, яких, на жаль, Уповноважений теж не помічає.
ParlaMint-UA_2013-06-05-m0.u204.p2.sent2	Тому що в цьому звіті немає нічого про право на роботу, про право на медицину, про інші соціально-економічні права людини, про право на гідне життя і про право на власну гідність, яке щоденно ігнорується в цій країні.
ParlaMint-UA_2013-06-05-m0.u204.p3.sent1	Чому ви не назвете речі своїми іменами, що головний порушник прав людини в цій країні – це влада?
ParlaMint-UA_2013-06-05-m0.u204.p3.sent2	Не ставайте, будь ласка, в цьому протистоянні на бік влади і на бік Януковича, який її уособлює.
ParlaMint-UA_2013-06-05-m0.u204.p3.sent3	Дякую.
ParlaMint-UA_2013-06-05-m0.u205.p1.sent1	Дякую дуже за запитання.
ParlaMint-UA_2013-06-05-m0.u205.p1.sent2	Але хотіла б звернути вашу увагу на те, що питання стосовно медичної реформи, стосовно соціального забезпечення висвітлені у відповідному розділі, який називається "Соціально-економічні та гуманітарні права", і там це все досить детально розписано.
ParlaMint-UA_2013-06-05-m0.u205.p2.sent1	Крім того, що стосується конкретних справ Тимошенко і Луценка, то я ще раз повторюю, провадження по цих справах було відкрито свого часу.
ParlaMint-UA_2013-06-05-m0.u205.p2.sent2	Воно не закривалось, воно продовжувалось.
ParlaMint-UA_2013-06-05-m0.u205.p2.sent3	Але при тому, що уповноважений не має жодної компетенції в тому, щоб втручатись в діяльність судової гілки влади, і це є порушенням Конституції України, відповідно провадження стосувалось виключно умов перебування в місцях позбавлення волі, так само, як і стосовно багатьох інших громадян України, які звертались з цього приводу.
ParlaMint-UA_2013-06-05-m0.u205.p2.sent4	З цих питань ми і, власне, розглядали ці справи, в межах компетенції.
ParlaMint-UA_2013-06-05-m0.u206.p1.sent1	Дякую.
ParlaMint-UA_2013-06-05-m0.u206.p1.sent2	Сідайте.
ParlaMint-UA_2013-06-05-m0.u207.p1.sent1	Слово для виступу надається голові Комітету Верховної Ради України з питань прав людини Валерію Васильовичу Пацкану.
ParlaMint-UA_2013-06-05-m0.u207.p1.sent2	Прошу.
ParlaMint-UA_2013-06-05-m0.u207.p2.sent1	Починайте виступати.
ParlaMint-UA_2013-06-05-m0.u207.p2.sent2	Заспокоїлись, працюємо далі.
ParlaMint-UA_2013-06-05-m0.u208.p1.sent1	Доброго дня, шановний Голово, шановні народні депутати, шановні виборці!
ParlaMint-UA_2013-06-05-m0.u208.p1.sent2	Валерій Пацкан, голова Комітету з питань прав людини, національних відносин, фракція політичної партії "УДАР".
ParlaMint-UA_2013-06-05-m0.u208.p2.sent1	Всі зараз послухали доповідь Уповноваженої з питань прав людини.
ParlaMint-UA_2013-06-05-m0.u208.p2.sent2	Комітет хоче звернути вашу увагу на три аспекти, які акцентовані в цій доповіді.
ParlaMint-UA_2013-06-05-m0.u208.p2.sent3	Заслуховування щорічної доповіді Уповноваженого з питань прав людини про стан дотримання та захисту прав і свобод людини в Україні є одним із наших з вами повноважень парламенту, що передбачено статтею 85 Конституції України.
ParlaMint-UA_2013-06-05-m0.u208.p3.sent1	До Комітету з питань прав людини, національних менших і міжнаціональних відносин, як і до кожного з вас, надходять численні звернення громадян щодо порушення їх прав та прохання про допомогу.
ParlaMint-UA_2013-06-05-m0.u208.p3.sent2	Тільки за цей рік до комітету звернулося більше 2 тисяч громадян України.
ParlaMint-UA_2013-06-05-m0.u208.p3.sent3	Практично всі ці звернення на меті про порушення їхніх прав заявників забезпечення дотримання законності та фактичної реалізації проголошеної Конституцією прав та свобод людини.
ParlaMint-UA_2013-06-05-m0.u208.p4.sent1	Згідно з проведеним аналізом звернення громадян, що надходять в комітет, можна виокремити кілька аспектів.
ParlaMint-UA_2013-06-05-m0.u208.p4.sent2	У цивілізованій державі центральне місце займає суд.
ParlaMint-UA_2013-06-05-m0.u208.p4.sent3	Саме суд є ключовою ланкою механізму захисту прав людини.
ParlaMint-UA_2013-06-05-m0.u208.p4.sent4	На жаль, ефективність судової системи в Україні є низькою.
ParlaMint-UA_2013-06-05-m0.u208.p5.sent1	На сьогодні чи не найголовнішим є питання судово-правової реформи, про яку вже ми майже з вами говоримо 20 років.
ParlaMint-UA_2013-06-05-m0.u208.p5.sent2	Зрозуміло, що якщо ми хочемо справді жити в цивілізованій країні, ми маємо вирішувати проблему незалежного безстороннього та справедливого суду.
ParlaMint-UA_2013-06-05-m0.u208.p5.sent3	Але без такого суду не може бути правової держави і демократичного суспільства.
ParlaMint-UA_2013-06-05-m0.u208.p6.sent1	За висновками правозахисних організацій України, які здійснюють щорічні дослідження дотримання прав людини в Україні, в 2012 році правосуддя не стало більш доступним та прозорим, але значно посилилася вертикаль прямого впливу Президента та Адміністрації Президента на судову владу і на судову гілку влади.
ParlaMint-UA_2013-06-05-m0.u208.p7.sent1	Така довіра до суду не може бути, коли роками розглядаються справи у судах.
ParlaMint-UA_2013-06-05-m0.u208.p7.sent2	Найбільша чисельність скарг пов’язана з дотриманням процесуальних прав під час судового провадження, зокрема, права на розгляд справи судом у розумні строки, права на зміну запобіжного заходу, порушення презумпції невинуватості, права на отримання персональних документів.
ParlaMint-UA_2013-06-05-m0.u208.p8.sent1	Також правозахисники відмічають посилення тенденцій використання судів владою.
ParlaMint-UA_2013-06-05-m0.u208.p8.sent2	Свідчать ці всі кримінальні справи щодо політичних опонентів партії влади, тобто до представників опозиції, саме у ключі Юлія Тимошенко і Юрій Луценко, які закінчуються повною підтримкою судами позиції обвинувачення.
ParlaMint-UA_2013-06-05-m0.u208.p9.sent1	Знайти чесну правду у суді майже неможливо.
ParlaMint-UA_2013-06-05-m0.u208.p9.sent2	Хочу закцентувати тільки, що сьогоднішній варіант, випадок, що сьогодні міліція затримала голову Броварського місцевого осередку партії "УДАР" Романа Семитуліна, який виступав як захисник по справі мирного суботника у парту "Перемога".
ParlaMint-UA_2013-06-05-m0.u208.p9.sent3	Свавілля міліціянтів переходить всі межі.
ParlaMint-UA_2013-06-05-m0.u208.p10.sent1	Другий аспект – це соціальний.
ParlaMint-UA_2013-06-05-m0.u208.p10.sent2	Як можна пояснити, що уряд не виконує діючих соціальним законів, а керується власними нормативно-правовими актами при прийнятті рішень у соціальній сфері?
ParlaMint-UA_2013-06-05-m0.u208.p11.sent1	Важлива проблема, на якій я хотів закцентували вашу увагу, це захист наших громадян від катувань та інших видів жорстокого поводження з людьми.
ParlaMint-UA_2013-06-05-m0.u208.p11.sent2	Хочу наголосити, що Україна є стороною міжнародних Конвенцій про.
ParlaMint-UA_2013-06-05-m0.u208.p11.sent3	щодо недопущення катувань.
ParlaMint-UA_2013-06-05-m0.u208.p11.sent4	Слід зазначити, що Уповноваженим здійснена значна робота зі створення та діяльності національно-превентивного механізму проти катувань в Україні за короткий проміжок строку, але не менш важливим є, що органи влади виконували внесені Уповноваженим рекомендації та пропозиції щодо недопущення неналежного нелюдського поводження з людьми.
ParlaMint-UA_2013-06-05-m0.u208.p12.sent1	Знову наведу висновок правозахисників щодо недотримання прав людини у цій сфері.
ParlaMint-UA_2013-06-05-m0.u208.p12.sent2	Сьогодні потенційний ризик існує для кожного.
ParlaMint-UA_2013-06-05-m0.u208.p12.sent3	Звичайний перехожий, свідок подій, а навіть інколи і сам працівник міліції може стати об’єктом незаконного насильства з боку правоохоронців.
ParlaMint-UA_2013-06-05-m0.u208.p12.sent4	Навіть український уряд визнав, що проблема катувань і жорсткого поводження з людьми у правоохоронних органах лишається однією з найгостріших.
ParlaMint-UA_2013-06-05-m0.u208.p12.sent5	І тут створений превентивний механізм, який повинен зараз працювати, і цей превентивний механізм повинна підтримувати влада.
ParlaMint-UA_2013-06-05-m0.u208.p13.sent1	Не можу не зупинитися на дотриманні прав в’язнів.
ParlaMint-UA_2013-06-05-m0.u208.p13.sent2	Наш комітет недавно з Уповноваженим прав людини на виконання контрольної функції відвідав слідчий ізолятор номер 13.
ParlaMint-UA_2013-06-05-m0.u208.p13.sent3	Хочу звернути вашу увагу, що умови утримання в’язнів такі, які переходять за всі межі.
ParlaMint-UA_2013-06-05-m0.u208.p13.sent4	Я розумію, ми розуміємо, що складність проблем зараз і з фінансування, що є проблематика з виділення коштів.
ParlaMint-UA_2013-06-05-m0.u208.p13.sent5	Але до цього уряду звертались енна кількість раз різних механізмів.
ParlaMint-UA_2013-06-05-m0.u208.p13.sent6	пропонувалась енна кількість механізмів щодо проблематики, які***потрібно вирішувати.
ParlaMint-UA_2013-06-05-m0.u208.p13.sent7	І цю проблематику потрібно вирішувати саме владі.
ParlaMint-UA_2013-06-05-m0.u208.p14.sent1	Ще одна проблема, на якій я би хотів зупинитися – дотримання права громадян на свободу мирних зібрань, яка тільки що тут піднімалася, в цій залі.
ParlaMint-UA_2013-06-05-m0.u208.p14.sent2	На сьогоднішній день існують проблеми з дотриманням прав громадян на мирні зібрання, які гарантовані громадянам у Конституції України, а саме статтею 39 та міжнародними документами, учасником яких є Україна.
ParlaMint-UA_2013-06-05-m0.u208.p14.sent3	Як свідчать моніторинги правозахисних організацій, 90 відсотків позовів органів влади про заборону мирних зібрань задовольняється, аналіз зазначеного питання показує, що визначені причини проблем, які виникають у сфері дотримання прав громадян на мирні зібрання, пов’язані з недостатнім правовим регулюванням.
ParlaMint-UA_2013-06-05-m0.u208.p14.sent4	Одна статистика на сьогодні, в Україні заборонено 378 мирних зібрань.
ParlaMint-UA_2013-06-05-m0.u208.p14.sent5	Тобто ми виходимо на те, що влада, дійсно, робить те, що хоче до наших мирних громадян.
ParlaMint-UA_2013-06-05-m0.u208.p15.sent1	Позиція комітету в цих питаннях повністю збігається з пропозицією більшості представників громадськості, в тому числі і Уповноваженої з питань прав людини.
ParlaMint-UA_2013-06-05-m0.u208.p15.sent2	Нам потрібен закон, який би регулював ці, цей механізм, тобто Закон про свободу мирних зібрань.
ParlaMint-UA_2013-06-05-m0.u208.p15.sent3	Сьогодні є розширене засідання комітету, на якому буде прийнято вже напрацьовану.
ParlaMint-UA_2013-06-05-m0.u208.p15.sent4	напрацьований текст цього закону разом з громадськістю, разом з Міністерством юстиції і Адміністрацією Президента.
ParlaMint-UA_2013-06-05-m0.u208.p16.sent1	І на кінець, щодо висновків комітету стосовно самої щорічної доповіді Уповноваженого.
ParlaMint-UA_2013-06-05-m0.u208.p16.sent2	Під час обговорення доповіді члени комітету відзначили важливість отримання доповіді завчасно, що б сприяло більш глибокому її попередньому звіту, аналізу комітету.
ParlaMint-UA_2013-06-05-m0.u208.p17.sent1	На жаль, у представленій доповіді поза увагою Уповноваженого залишилися проблеми захисту прав трудових мігрантів та закордонних українців, а також вкрай чутлива проблематика відновлення прав, проблеми кримських татар, права яких були порушені внаслідок депортації за національною ознакою.
ParlaMint-UA_2013-06-05-m0.u208.p18.sent1	Таким чином, нинішня доповідь Уповноваженого, як і попередні, містить висновки та рекомендації шляхів поліпшення стану забезпечення прав і свобод громадян, але без конкретних прикладів, які б наводилися в цій доповіді.
ParlaMint-UA_2013-06-05-m0.u208.p19.sent1	Ця доповідь не може бути барометром щодо ситуації з питань прав людини.
ParlaMint-UA_2013-06-05-m0.u208.p19.sent2	Ми не можемо бути і залишатися з вами статистами і обмежуватись заслуховуванням фактів порушення прав людини.
ParlaMint-UA_2013-06-05-m0.u208.p19.sent3	Ми повинні реагувати на них як суб’єкти законотворення.
ParlaMint-UA_2013-06-05-m0.u208.p19.sent4	Ця доповідь повинна використовуватися як ґрунт для подальшої законотворчої діяльності.
ParlaMint-UA_2013-06-05-m0.u208.p19.sent5	Дякую за увагу.
ParlaMint-UA_2013-06-05-m0.u209.p1.sent1	Дякую.
ParlaMint-UA_2013-06-05-m0.u209.p1.sent2	Сідайте.
ParlaMint-UA_2013-06-05-m0.u209.p2.sent1	Переходимо до прийняття рішення.
ParlaMint-UA_2013-06-05-m0.u209.p2.sent2	Прошу уваги!
ParlaMint-UA_2013-06-05-m0.u209.p3.sent1	Відповідно до частини шостої статті 240 Закону України "Про Регламент Верховної Ради України" та частини четвертої статті 18 Закону України "Про Уповноваженого Верховної Ради України з прав людини" Комітетом Верховної Ради України з питань прав людини, національних меншин і міжнаціональних відносин внесено проект Постанови (реєстраційний номер 2927) про щорічну доповідь Уповноваженого Верховної Ради України з прав людини про стан дотримання та захисту прав і свобод людини в Україні.
ParlaMint-UA_2013-06-05-m0.u209.p4.sent1	Ставлю на голосування проект Постанови (реєстраційний номер 2927) про щорічну доповідь Уповноваженого Верховної Ради України з прав людини про стан дотримання та захисту прав і свобод людини в Україні для прийняття за основу.
ParlaMint-UA_2013-06-05-m0.u209.p4.sent2	Я прочитав перший пункт повністю, прошу, голосуйте.
ParlaMint-UA_2013-06-05-m0.u209.p5.sent1	За-130
ParlaMint-UA_2013-06-05-m0.u210.p1.sent1	Рішення не прийнято.
ParlaMint-UA_2013-06-05-m0.u210.p1.sent2	Йдемо далі.
ParlaMint-UA_2013-06-05-m0.u210.p2.sent1	Розглядається проект Закону про денонсацію Угоди між Урядом Союзу Радянських Соціалістичних Республік і Урядом Республіки Кіпр про уникнення подвійного оподаткування доходів та майна від 29 жовтня 1982 року.
ParlaMint-UA_2013-06-05-m0.u210.p3.sent1	Як розглядаємо?
ParlaMint-UA_2013-06-05-m0.u210.p3.sent2	Прошу, хто за скорочену процедуру, голосуйте.
ParlaMint-UA_2013-06-05-m0.u210.p4.sent1	За-138
ParlaMint-UA_2013-06-05-m0.u210.p5.sent1	Проти – 67, утрималось – 3, не голосувало – 156.
ParlaMint-UA_2013-06-05-m0.u210.p5.sent2	Рішення не прийнято.
ParlaMint-UA_2013-06-05-m0.u210.p6.sent1	Ставлю питання переголосувати.
ParlaMint-UA_2013-06-05-m0.u210.p6.sent2	Не треба?
ParlaMint-UA_2013-06-05-m0.u210.p6.sent3	Розберіться в опозиції, що робити.
ParlaMint-UA_2013-06-05-m0.u210.p6.sent4	Ставлю на голосування пропозицію – за скорочену процедуру розгляд цього питання.
ParlaMint-UA_2013-06-05-m0.u210.p6.sent5	Прошу голосувати.
ParlaMint-UA_2013-06-05-m0.u210.p6.sent6	Прошу голосувати.
ParlaMint-UA_2013-06-05-m0.u210.p7.sent1	За-145
ParlaMint-UA_2013-06-05-m0.u210.p8.sent1	Кричіть не на мене, кричіть на один одного.
ParlaMint-UA_2013-06-05-m0.u210.p9.sent1	Прошу, народний депутат Яворівський Володимир Олександрович.
ParlaMint-UA_2013-06-05-m0.u210.p9.sent2	Може ми сьогодні і розглянемо це питання ще, не знаю.
ParlaMint-UA_2013-06-05-m0.u211.p1.sent1	Шановні наші виборці, шановні колеги!
ParlaMint-UA_2013-06-05-m0.u211.p2.sent1	В 1982 році помер Брежнєв.
ParlaMint-UA_2013-06-05-m0.u211.p2.sent2	До влади почали приходити старці на дуже коротку дистанцію.
ParlaMint-UA_2013-06-05-m0.u211.p2.sent3	І пишні похорони, і таке інше.
ParlaMint-UA_2013-06-05-m0.u211.p2.sent4	Велика штучно створена країна, її економіка, її мораль, її міжнародна політика почали загнивати.
ParlaMint-UA_2013-06-05-m0.u211.p2.sent5	Ми знаємо, чим це потім закінчилось.
ParlaMint-UA_2013-06-05-m0.u211.p3.sent1	І саме в цей час, в 1982 році, тодішнє радянське керівництво підписує із малесенькою країною, розміщеною на половині острова, (бо одна половина, це така прогрецька, а друга фактично турецька), підписують угоду для того, щоб власне там ховати уже і партійну касу, і партійні гроші, та й свої власні гроші.
ParlaMint-UA_2013-06-05-m0.u211.p4.sent1	Пройшло стільки часу.
ParlaMint-UA_2013-06-05-m0.u211.p4.sent2	Розвалився давно Радянський Союз, опочив в бозі.
ParlaMint-UA_2013-06-05-m0.u211.p4.sent3	Уже 20 з гаком років існує незалежна українська держава.
ParlaMint-UA_2013-06-05-m0.u211.p4.sent4	А підписана тоді угода працює на всю потужність.
ParlaMint-UA_2013-06-05-m0.u211.p4.sent5	Я можу сьогодні сказати і думаю, що це підтвердить буквально кожна чесна і нормальна людина.
ParlaMint-UA_2013-06-05-m0.u211.p4.sent6	Про те, що через банки Кіпру пройшло, просочилося майже все українське багатство, нажите багатьма поколіннями українців, наших батьків, дідів та і нас, власне кажучи, з вами самих.
ParlaMint-UA_2013-06-05-m0.u211.p5.sent1	На Кіпрі утворилася величезна фінансова дірка, куди стікалися кошти з пострадянського простору.
ParlaMint-UA_2013-06-05-m0.u211.p5.sent2	І з Росії, і може менше трішки з Білорусії.
ParlaMint-UA_2013-06-05-m0.u211.p5.sent3	Але, звичайно, велика частка там була і українська.
ParlaMint-UA_2013-06-05-m0.u211.p5.sent4	Якось посол Кіпру в Україні назвав цифру.
ParlaMint-UA_2013-06-05-m0.u211.p5.sent5	Він сказав, я цитую його.
ParlaMint-UA_2013-06-05-m0.u211.p5.sent6	Він сказав так, що зафіксовано на Кіпрі коштів, які надійшли з України в у кіпрські банки, 14,7 мільярдів.
ParlaMint-UA_2013-06-05-m0.u211.p5.sent7	Тобто майже 15 мільярдів!
ParlaMint-UA_2013-06-05-m0.u211.p5.sent8	Але дуже цікаво, що було після цього в його фразі.
ParlaMint-UA_2013-06-05-m0.u211.p6.sent1	Він сказав: "Але це тільки ті кошти, які не прикриті банковою таємницею".
ParlaMint-UA_2013-06-05-m0.u211.p6.sent2	То можна собі уявити, що за тією таємницею.
ParlaMint-UA_2013-06-05-m0.u211.p7.sent1	Це питання про те, щоби денонсувати цю застарілу абсолютно рахітичну угоду, яка висмоктала з України всі соки: економічні, моральні навіть і тому подібне.
ParlaMint-UA_2013-06-05-m0.u211.p7.sent2	Країна, яка стала лазівкою для тіньового бізнесу, для корупції, відмивання грошей.
ParlaMint-UA_2013-06-05-m0.u211.p7.sent3	Існує до сьогоднішнього дня.
ParlaMint-UA_2013-06-05-m0.u211.p8.sent1	Це питання ставилося і до мене, я тут не є першим.
ParlaMint-UA_2013-06-05-m0.u211.p8.sent2	І мене підтримає і Пинзеник колега, який вніс і свою, свій законопроект з цього приводу.
ParlaMint-UA_2013-06-05-m0.u211.p9.sent1	Мушу сказати про те, що, але вона тоді не пройшла постанова.
ParlaMint-UA_2013-06-05-m0.u211.p9.sent2	Чому не пройшла?
ParlaMint-UA_2013-06-05-m0.u211.p9.sent3	Цілком зрозуміло.
ParlaMint-UA_2013-06-05-m0.u211.p9.sent4	І хай на мене ніхто не ображається, але в цій залі, я переконаний, що є люди, які так само причетні, які тримають свої кошти, приховані кошти тримають так само на Кіпрі.
ParlaMint-UA_2013-06-05-m0.u211.p9.sent5	Одначе, ніхто, мабуть, не сподівався, всі думали, що Кіпр малесенька країна, тут шматок моря, там, значить, десь у горах виноградники і тому подібне.
ParlaMint-UA_2013-06-05-m0.u211.p9.sent6	Країна, бюджет якої і яка розвивається, і яка стоїть тільки на банківському капіталі фактично, майже, ну, ще туристичний бізнес там і тому подібне.
ParlaMint-UA_2013-06-05-m0.u211.p9.sent7	Ніхто ж не думав, що станеться такий обвал Кіпрський великий, і що дуже багато грошей запханих, загнаних туди буквально легалізуються.
ParlaMint-UA_2013-06-05-m0.u211.p9.sent8	Сьогодні така ситуація стала.
ParlaMint-UA_2013-06-05-m0.u211.p9.sent9	І ми знаємо багато імен, дуже багато імен, не тільки українських, а й поза українських, людей, які тримали там свої кошти.
ParlaMint-UA_2013-06-05-m0.u211.p10.sent1	Ну, вже здається після цього, коли Кіпр потрапив у цю яму, я думаю, що він з неї виповзе, і потрапив ще й тому, що це грецька частина Кіпру, це грецька, так би мовити, територія.
ParlaMint-UA_2013-06-05-m0.u211.p10.sent2	І проблеми Греції фінансові, звичайно, що вони вдарили і по цій маленькій частині Кіпру.
ParlaMint-UA_2013-06-05-m0.u211.p11.sent1	Через це, здається, ну, саме наступає час для того, щоби денонсувати цей застарілий абсолютно, застарілий документ.
ParlaMint-UA_2013-06-05-m0.u211.p12.sent1	Я хочу відразу сказати, що на завтра, наскільки відомо, на завтра буде поставлено ратифікація нового документу уже підписаного Україною і Кіпром.
ParlaMint-UA_2013-06-05-m0.u211.p12.sent2	Але я відразу хочу сказати про те, що в даному випадку йдеться про угоду.
ParlaMint-UA_2013-06-05-m0.u211.p12.sent3	І через те, той, хто називає завтрашній документ угодою, лукавить або і бреше, через те, що там підписано конвенцію.
ParlaMint-UA_2013-06-05-m0.u211.p12.sent4	Конвенція не потребує ратифікації, до неї можна, це рамкова, так би мовити, угода, до якої можна або приєднатися, або не приєднатися.
ParlaMint-UA_2013-06-05-m0.u211.p12.sent5	Через те, фактично, навіть якщо завтра ви проголосуєте за оцю конвенцію.
ParlaMint-UA_2013-06-05-m0.u211.p12.sent6	По-перше, я ще раз кажу, що це не грамотно, безграмотно, це не конвенція, це має бути угода.
ParlaMint-UA_2013-06-05-m0.u211.p12.sent7	То фактично нічого не зміниться, Кіпр все одно залишиться чорною діркою.
ParlaMint-UA_2013-06-05-m0.u211.p12.sent8	Може обережніше наші будуть ставитися тепер уже після цієї фінансової катастрофи, яка упала на Кіпр.
ParlaMint-UA_2013-06-05-m0.u211.p13.sent1	Через те, я переконаний що сьогодні саме настав час для того, щоби денонсувати абсолютно цю угоду, ще раз кажу, застарілу, угоду злочинну сьогодні для України.
ParlaMint-UA_2013-06-05-m0.u211.p13.sent2	І незалежна країна терпіти це, закривати очі на це просто не має права.
ParlaMint-UA_2013-06-05-m0.u211.p13.sent3	Через те, я закликаю народних депутатів до того, щоби денонсувати, це розумно, денонсувати.
ParlaMint-UA_2013-06-05-m0.u211.p13.sent4	Я не буду торкатися того питання треба чи не потрібно підписувати нам, скажімо, угоду про відміну подвійного оподаткування, це інше питання.
ParlaMint-UA_2013-06-05-m0.u211.p13.sent5	Але те, що денонсувати цю угоду потрібно, це абсолютно ясно кожному.
ParlaMint-UA_2013-06-05-m0.u211.p13.sent6	А далі життя вже покаже, як нам жити і як нам бути.
ParlaMint-UA_2013-06-05-m0.u211.p13.sent7	Але я переконаний, що Кіпр став країною, ізгоєм, власне кажучи, який розбагатів на чужих, дуже часто кривавих, грошах, і втому числі і наших, от, і змушений був за це поплатитися.
ParlaMint-UA_2013-06-05-m0.u211.p14.sent1	Я закликаю вас і хочу вірити, що багато хто і з Партії регіонів, бо опозицію опозиції я знаю, даруйте за тавтологію, вона буде голосувати за денонсацію, але я прошу і чесних порядних людей із Партії регіонів, а вони там є, також проголосувати за те, щоб денонсувати цей документ.
ParlaMint-UA_2013-06-05-m0.u212.p1.sent1	А запитання?
ParlaMint-UA_2013-06-05-m0.u212.p1.sent2	Прошу, на запитання.
ParlaMint-UA_2013-06-05-m0.u212.p1.sent3	Народних депутатів прошу записатися.
ParlaMint-UA_2013-06-05-m0.u213.p1.sent1	Давайте, доступ до тіла відкритий.
ParlaMint-UA_2013-06-05-m0.u214.p1.sent1	Лук’янов, Партія регіонів, прошу.
ParlaMint-UA_2013-06-05-m0.u215.p1.sent1	Уважаемый коллега Яворивский.
ParlaMint-UA_2013-06-05-m0.u215.p1.sent2	Что-то, ребята, вы слабенько!
ParlaMint-UA_2013-06-05-m0.u215.p2.sent1	Уважаемый коллега Яворивский, вы сейчас говорили о разрыве соглашения с Республикой Кипр.
ParlaMint-UA_2013-06-05-m0.u215.p2.sent2	Но вы должны знать, что большинство.
ParlaMint-UA_2013-06-05-m0.u215.p3.sent1	Уважаемый коллега Яворивский, вы должны знать, что ряд компаний со всего мира использовали кипрскую юрисдикцию для проведения торговых операций.
ParlaMint-UA_2013-06-05-m0.u215.p3.sent2	Сегодня, когда Кипр перестал выполнять эту функцию, причем он престал эту функцию выполнять в международном распределении, в международном управлении торговлей.
ParlaMint-UA_2013-06-05-m0.u215.p3.sent3	Как вы считаете.
ParlaMint-UA_2013-06-05-m0.u216.p1.sent1	Ви не дали послухати депутату Яворівському питання.
ParlaMint-UA_2013-06-05-m0.u217.p1.sent1	Ні, я чув.
ParlaMint-UA_2013-06-05-m0.u218.p1.sent1	Чули?
ParlaMint-UA_2013-06-05-m0.u218.p1.sent2	Відповідайте.
ParlaMint-UA_2013-06-05-m0.u219.p1.sent1	Ні, так він жене завершив, суті питання я не зрозумів.
ParlaMint-UA_2013-06-05-m0.u220.p1.sent1	Дайте завершити.
ParlaMint-UA_2013-06-05-m0.u221.p1.sent1	Не считаете ли вы, что нужно создать необходимые механизмы в Украине для того, чтобы не было необходимости использовать зарубежную юрисдикцию для проведения торговых операций, финансовых операций, операций на других рынках.
ParlaMint-UA_2013-06-05-m0.u221.p1.sent2	Как вы считаете?
ParlaMint-UA_2013-06-05-m0.u222.p1.sent1	Значить, суть запитання депутата Лук’янова полягає в тому, що чи не створити б на Україні такі умови для того, щоб не користуватися юрисдикцією того ж самого Кіпру.
ParlaMint-UA_2013-06-05-m0.u222.p2.sent1	Звичайно, що я за це.
ParlaMint-UA_2013-06-05-m0.u222.p2.sent2	Але ви знаєте, що в нас.
ParlaMint-UA_2013-06-05-m0.u222.p2.sent3	В нас вже були і вільні економічні зони, ми намагалися зробити, і вони в Україні дуже швидко перетворювалися на чорні дірки.
ParlaMint-UA_2013-06-05-m0.u222.p2.sent4	Я був депутатом від округу, де була (Яворівський на Львівщині) мажоритарником, де була вільна нібито економічна зона.
ParlaMint-UA_2013-06-05-m0.u222.p2.sent5	Що там робилося, в цій вільній економічні зоні, хай Бог милує!
ParlaMint-UA_2013-06-05-m0.u222.p2.sent6	Вона була в Донецьку і таке інше.
ParlaMint-UA_2013-06-05-m0.u222.p2.sent7	Були такі спроби нам лібералізувати, так би мовити.
ParlaMint-UA_2013-06-05-m0.u222.p3.sent1	Через те, шановний колего, звичайно, я за це.
ParlaMint-UA_2013-06-05-m0.u222.p3.sent2	Давайте разом працювати, давайте будемо думати, давайте перетворювати Україну, державу, із прозорою нормальною економікою, із принадами певними, щоб не на Кіпр текли гроші, а щоб вони текли сюди.
ParlaMint-UA_2013-06-05-m0.u222.p3.sent3	Бо вони з Кіпру, через кіпрські банки, вони повертаються до нас нібито як інвестиції, але вони висмоктують соки із України.
ParlaMint-UA_2013-06-05-m0.u222.p3.sent4	Через те, ви маєте рацію, але давайте робити.
ParlaMint-UA_2013-06-05-m0.u223.p1.sent1	Я прошу, час вичерпано.
ParlaMint-UA_2013-06-05-m0.u223.p1.sent2	Сідайте.
ParlaMint-UA_2013-06-05-m0.u223.p2.sent1	Шановні депутати, я хочу у вас запитати, є два варіанти.
ParlaMint-UA_2013-06-05-m0.u223.p2.sent2	Почати сьогодні розгляд цього питання, а завтра продовжити?
ParlaMint-UA_2013-06-05-m0.u223.p2.sent3	Чи ми давайте розглянемо сьогодні, а тоді ви повинні проголосувати за процедуру голосування.
ParlaMint-UA_2013-06-05-m0.u223.p2.sent4	Які думки будуть?
ParlaMint-UA_2013-06-05-m0.u223.p2.sent5	"За".
ParlaMint-UA_2013-06-05-m0.u223.p3.sent1	Я надаю слово для доповіді.
ParlaMint-UA_2013-06-05-m0.u223.p3.sent2	Прошу, Віктор Михайлович Пинзеник.
ParlaMint-UA_2013-06-05-m0.u224.p1.sent1	Шановний Володимире Васильовичу, шановні народні депутати, вносячи проект Закону про денонсацію Угоди між Радянським Союзом з Республікою Кіпр, я дуже добре знав, що урядом підписана Конвенція про уникнення подвійного оподаткування, яка завтра підлягатиме, буде розглядатися для ратифікації.
ParlaMint-UA_2013-06-05-m0.u224.p1.sent2	Який мотив того, що я вніс цей проект закону?
ParlaMint-UA_2013-06-05-m0.u224.p1.sent3	Справа в тому, що підписана урядом угода не є доброю для України.
ParlaMint-UA_2013-06-05-m0.u224.p1.sent4	Я вживу всього-на-всього один аргумент, один принципово важливий момент.
ParlaMint-UA_2013-06-05-m0.u224.p2.sent1	Час від часу ми в пресі бачимо повідомлення про те, що якесь українське підприємство чи якісь інші активи продаються за досить не маленькі суми.
ParlaMint-UA_2013-06-05-m0.u224.p2.sent2	Звичайно, продаються через Кіпр.
ParlaMint-UA_2013-06-05-m0.u224.p2.sent3	Звичайно, ніяких податків в український бюджет при цьому не сплачується.
ParlaMint-UA_2013-06-05-m0.u224.p2.sent4	Україна має десятки угод про уникнення подвійного оподаткування з іншими країнами і це нормальні стандартні угоди, де такі доходи підлягають оподаткуванню.
ParlaMint-UA_2013-06-05-m0.u224.p2.sent5	Єдина угода, де такого оподаткування не передбачено, є угода, яку нам пропонують ратифікувати.
ParlaMint-UA_2013-06-05-m0.u224.p3.sent1	Це не єдине відхилення.
ParlaMint-UA_2013-06-05-m0.u224.p3.sent2	Я назвав одне із найбільш принциповіших відхилень.
ParlaMint-UA_2013-06-05-m0.u224.p3.sent3	В даному разі я жодним чином не хотів би звинуватити уряд в тому, що така угода підписана.
ParlaMint-UA_2013-06-05-m0.u224.p3.sent4	На жаль, будь- який уряд опинився в подібній ситуації.
ParlaMint-UA_2013-06-05-m0.u224.p3.sent5	Поясню чому.
ParlaMint-UA_2013-06-05-m0.u224.p3.sent6	Давши право на життя в свій час угоді між Радянським Союзом і Республікою Кіпр, Україна поставила себе вкрай не вигідну переговорну позицію.
ParlaMint-UA_2013-06-05-m0.u224.p3.sent7	Новий варіант угоди потрібний Україні.
ParlaMint-UA_2013-06-05-m0.u224.p3.sent8	Але наші партнери, їх влаштовує існуючий стан речей.
ParlaMint-UA_2013-06-05-m0.u224.p3.sent9	Як розрулити цей серйозний клубок, як вирулити Україні?
ParlaMint-UA_2013-06-05-m0.u224.p4.sent1	В 2008 році мені особисто доводилось займатися Угодою з Кіпром про уникнення подвійного оподаткування.
ParlaMint-UA_2013-06-05-m0.u224.p4.sent2	На той момент попередній уряд підготував цілком нормальну, стандарту угоду.
ParlaMint-UA_2013-06-05-m0.u224.p4.sent3	Це була нормальна угода для підписання.
ParlaMint-UA_2013-06-05-m0.u224.p4.sent4	Чотири рази підписання цієї угоди відкладалось не з української сторони.
ParlaMint-UA_2013-06-05-m0.u224.p4.sent5	Два рази це було в 2007 році і два рази в 2008 році.
ParlaMint-UA_2013-06-05-m0.u224.p4.sent6	В кінцевому рахунку наші партнери відмовились підписувати стандартний, нормальний проект угоди.
ParlaMint-UA_2013-06-05-m0.u224.p4.sent7	Наш уряд запропонував і вніс до парламенту в цей час проект Закону про денонсацію Угоди між Радянським Союзом і Кіпром.
ParlaMint-UA_2013-06-05-m0.u224.p4.sent8	Сам факт денонсації був добрим поштовхом, буквально в швидкому темпі міністр фінансів Кіпру прилетів до України для пошуку прийнятного компромісу.
ParlaMint-UA_2013-06-05-m0.u224.p4.sent9	На жаль, з певних причин закон, який подавався урядом про денонсацію Угоди з Республікою Кіпр, не був ратифікований.
ParlaMint-UA_2013-06-05-m0.u224.p5.sent1	Що ми пропонуємо зв’язку з нинішньою ситуацію зараз.
ParlaMint-UA_2013-06-05-m0.u224.p5.sent2	Якщо уряд справді хочу врегулювати проблему оподаткування з Кіпром, якщо це відповідає бажанням присутніх в залі народних депутатів, ми повинні були б зробити два правильні кроки.
ParlaMint-UA_2013-06-05-m0.u224.p6.sent1	Крок перший.
ParlaMint-UA_2013-06-05-m0.u224.p6.sent2	Завтра буде голосуватись конвенція.
ParlaMint-UA_2013-06-05-m0.u224.p6.sent3	Не ратифікувати цю конвенцію.
ParlaMint-UA_2013-06-05-m0.u224.p7.sent1	Друге.
ParlaMint-UA_2013-06-05-m0.u224.p7.sent2	Проголосувати сьогодні Закон, або попередній, або цей закон, про денонсацію Угоди між Радянським Союзом і Республікою Кіпр.
ParlaMint-UA_2013-06-05-m0.u224.p7.sent3	Такі два кроки через місяць дозволять дуже швидко підготувати стандартну угоду про уникнення подвійного оподаткування.
ParlaMint-UA_2013-06-05-m0.u224.p7.sent4	Це буде вже не наш інтерес, це буде інтерес, в першу чергу, нашого кіпрського партнера.
ParlaMint-UA_2013-06-05-m0.u224.p8.sent1	Якщо ми хочемо, щоб десятки мільярдів гривень працювали в Україні для громадян України, для економіки України, для бюджету України, а не обслуговували економіку іншої країни і інтереси купки олігархів, ми повинні проголосувати за ці два рішення.
ParlaMint-UA_2013-06-05-m0.u225.p1.sent1	Дякую.
ParlaMint-UA_2013-06-05-m0.u225.p1.sent2	Я прошу записатися на запитання до Віктора Михайловича.
ParlaMint-UA_2013-06-05-m0.u225.p1.sent3	Прошу, об’єднання "Свобода", депутат Марцінків.
ParlaMint-UA_2013-06-05-m0.u225.p2.sent1	Прошу, Ігор Мірошниченко
ParlaMint-UA_2013-06-05-m0.u226.p1.sent1	Ігор Мірошниченко, Всеукраїнське об’єднання "Свобода".
ParlaMint-UA_2013-06-05-m0.u226.p1.sent2	Шановний пане доповідачу, хотів запитати у вас, як ви вважаєте, у цій сесійні залі, де дуже багато депутатів мають подібні офшорні рахунки на Кіпрі, чи проголосують вони за ратифікацію цієї угоди, за денонсацію цієї угоди?
ParlaMint-UA_2013-06-05-m0.u226.p1.sent3	Це перше.
ParlaMint-UA_2013-06-05-m0.u226.p2.sent1	Друге питання.
ParlaMint-UA_2013-06-05-m0.u226.p2.sent2	Тут у нас є один "червоний" депутат, який має телеканал "Гама".
ParlaMint-UA_2013-06-05-m0.u226.p2.sent3	Так двоє його синів володіють частиною цієї телекомпанії, а решта зареєстрована на Кіпрі.
ParlaMint-UA_2013-06-05-m0.u226.p2.sent4	Оцей борець за права трудящихся, так само його тут називаються у цій сесійні залі "офшорний вексель", буде голосувати за денонсацію цих угод, чи йому так само вигідні ці угоди, і він й надалі буде ховати кошти від української економіки і українського бюджету на Кіпрі?
ParlaMint-UA_2013-06-05-m0.u226.p2.sent5	Дуже дякую.
ParlaMint-UA_2013-06-05-m0.u227.p1.sent1	Шановні народні депутати, ми матимемо змогу дуже швидко сьогодні побачити позицію кожного народного депутата, і це виявиться в результаті голосування.
ParlaMint-UA_2013-06-05-m0.u227.p2.sent1	Я думаю, з економічної точки зору те, що я говорив, є абсолютно зрозумілим.
ParlaMint-UA_2013-06-05-m0.u227.p2.sent2	Мова йде абсолютно прагматичні речі, які йдуть на користь країни, на користь людей, на користь бюджету.
ParlaMint-UA_2013-06-05-m0.u227.p3.sent1	Я скажу, що це питання голосування вже швидше є питання моралі, а не економіки.
ParlaMint-UA_2013-06-05-m0.u228.p1.sent1	Прошу, фракція "Батьківщина", Одарченко.
ParlaMint-UA_2013-06-05-m0.u229.p1.sent1	Прошу передати слово Миколі Томенку.
ParlaMint-UA_2013-06-05-m0.u230.p1.sent1	Миколі Томенку передали.
ParlaMint-UA_2013-06-05-m0.u231.p1.sent1	Вікторе Михайловичу, ви знаєте позицію нашої фракції, ми будемо голосувати за законопроект нашого колеги Володимира Яворівського і будемо ваш законопроект підтримувати, тому що нам принципово важливо, щоб ця афера нарешті була зупинена.
ParlaMint-UA_2013-06-05-m0.u231.p2.sent1	Але я думаю, що крім, власне, проблеми угоди, є проблема, чи залишаємо ми в стороні те, що відбувалося у попередній період.
ParlaMint-UA_2013-06-05-m0.u231.p2.sent2	От я вам скажу як автор Постанови про необхідність заслухати звіт про використання бюджетних коштів на підготовку до Євро, яку Партія регіонів боїться ставити на голосування, що в нас там кілька вчительок, одна вчителька йоги і ще одна там інструкторка, профінансувала все Євро з Кіпру.
ParlaMint-UA_2013-06-05-m0.u231.p2.sent3	У нас більшість медіа – кіпрських.
ParlaMint-UA_2013-06-05-m0.u231.p3.sent1	Тому не здається вам, що ми мусили б провести серйозне дослідження стану економіки і стратегічних об’єктів, які сьогодні де-факто кіпрські?
ParlaMint-UA_2013-06-05-m0.u232.p1.sent1	Це питання не має відношення до предмету, але я підтримую розгляд будь-яких питань, де є підстави для парламентського реагування.
ParlaMint-UA_2013-06-05-m0.u233.p1.sent1	Прошу, Партія регіонів, народний депутат Лук’янов.
ParlaMint-UA_2013-06-05-m0.u234.p1.sent1	Уважаемый Виктор Михайлович, хочу задать вам вопрос.
ParlaMint-UA_2013-06-05-m0.u234.p2.sent1	Хочу задати запитання стосовно зміни наших відносин із Кіпром.
ParlaMint-UA_2013-06-05-m0.u234.p2.sent2	І ми зараз намагаємося розірвати угоду, яка дає можливість виводити капітали з України.
ParlaMint-UA_2013-06-05-m0.u234.p2.sent3	Чи не вважаєте ви за доцільне попрацювати над можливістю прийняття угод і створення в Україні спеціального юридичного спеціальної юрисдикції, яка б дозволяла залучати додатково кошти в Україну?
ParlaMint-UA_2013-06-05-m0.u234.p2.sent4	Як ви вважаєте, є така можливість чи ні?
ParlaMint-UA_2013-06-05-m0.u234.p3.sent1	І друге питання.
ParlaMint-UA_2013-06-05-m0.u234.p3.sent2	Було б це доцільним чи ні?
ParlaMint-UA_2013-06-05-m0.u235.p1.sent1	Ви знаєте мій особливий статус "могильщика" так званих "пільгових режимів".
ParlaMint-UA_2013-06-05-m0.u235.p1.sent2	Вони ніколи нічого доброго не дають, бо вони дискримінують інвесторів, ставлять в різні умови.
ParlaMint-UA_2013-06-05-m0.u235.p2.sent1	В свій час у нас була така спроба в одному законі ввести статтю, яка називалася "офшорна.
ParlaMint-UA_2013-06-05-m0.u235.p2.sent2	" оговорка, чи як вона називалася, офшорне вилучення певне.
ParlaMint-UA_2013-06-05-m0.u235.p2.sent3	Воно не спрацювало.
ParlaMint-UA_2013-06-05-m0.u235.p2.sent4	Бо є інші причини, чому сюди не приходять гроші.
ParlaMint-UA_2013-06-05-m0.u235.p2.sent5	І якщо ми не будемо усувати цих причин, то очевидно сподіватися на те, що у нас буде рай інвестицій, нема.
ParlaMint-UA_2013-06-05-m0.u235.p2.sent6	Але коли ми говоримо про Республіку Кіпр, я думаю, що той урок, який отримали недавно власники рахунків, був добрим уроком і сьогодні ця країна не є настільки привабливою, бо ризик повторення подібних ситуацій – раз зробили один раз, буде спроба, можливо, зробити ще раз.
ParlaMint-UA_2013-06-05-m0.u235.p3.sent1	Тому, я думаю, можливо, в цьому залі залишиться менше прихильників зберегти цей ненормальний для України, для економіки, для банківського сектору статус.
ParlaMint-UA_2013-06-05-m0.u236.p1.sent1	Дякую, сідайте.
ParlaMint-UA_2013-06-05-m0.u236.p2.sent1	Співдоповідь заступника голови Комітету в закордонних справах Юрія Романовича Мірошниченка, прошу.
ParlaMint-UA_2013-06-05-m0.u237.p1.sent1	Дякую, Володимире Васильовичу.
ParlaMint-UA_2013-06-05-m0.u237.p1.sent2	Шановні колеги, шановні виборці, я коротко доповім вам позицію профільного Комітету в закордонних справах, вона полягає в тому, що при підготовці цих законопроектів про денонсацію було порушену, визначену законом, процедуру.
ParlaMint-UA_2013-06-05-m0.u237.p2.sent1	Тому комітет не підтримав денонсацію цих угод і, власне, не рекомендував голосувати за ці законопроекти, їх тут два і потужні висновки по обох є.
ParlaMint-UA_2013-06-05-m0.u237.p2.sent2	Дякую вам за увагу.
ParlaMint-UA_2013-06-05-m0.u237.p2.sent3	Прошу визначатися.
ParlaMint-UA_2013-06-05-m0.u238.p1.sent1	Я прошу, питання є?
ParlaMint-UA_2013-06-05-m0.u238.p1.sent2	Да, запишіться на питання.
ParlaMint-UA_2013-06-05-m0.u238.p1.sent3	Я прошу фракція "Батьківщина", Соболєв.
ParlaMint-UA_2013-06-05-m0.u239.p1.sent1	Шановний доповідач, ну, я розумію, що в комітеті є різні розклади політичні.
ParlaMint-UA_2013-06-05-m0.u239.p1.sent2	Але от скажіть ви як людина, яка знайома з схемами, які відмивають через Кіпр.
ParlaMint-UA_2013-06-05-m0.u240.p1.sent1	Не знайомий.
ParlaMint-UA_2013-06-05-m0.u241.p1.sent1	Ну, як це не знайомі?
ParlaMint-UA_2013-06-05-m0.u241.p1.sent2	З цим знайомі всі.
ParlaMint-UA_2013-06-05-m0.u241.p2.sent1	От скажіть, будь ласка, от поклавши руку на серце, ви вважаєте, що те, що сьогодні компанія "СКМ" Ахметова заявила про купівлю кіпрської компанії, яка володіє 92 відсотками "Укртелекома", от у мене питання: а скільки ж Ахметов сплатить в бюджет держави після цього?
ParlaMint-UA_2013-06-05-m0.u241.p2.sent2	І що це за Фонд державного майна України, який в 2011 році при Президенті Януковиче кіпрській компанії продав "Укртелеком", державну компанію, яка володіє державними секретами, спецзв’язком і всім іншим.
ParlaMint-UA_2013-06-05-m0.u241.p2.sent3	От, ви вважаєте, цьому повинен бути покладений край чи далі ми будемо робити вигляд, що нічого не відбувається?
ParlaMint-UA_2013-06-05-m0.u241.p2.sent4	Дякую.
ParlaMint-UA_2013-06-05-m0.u242.p1.sent1	Дякую, пане Сергію.
ParlaMint-UA_2013-06-05-m0.u242.p2.sent1	Я абсолютно переконаний, що ця проблема має бути вирішена.
ParlaMint-UA_2013-06-05-m0.u242.p2.sent2	Це не рішення комітету, це моя точка зору.
ParlaMint-UA_2013-06-05-m0.u242.p2.sent3	І, власне, сьогодні згадувалося уже у виступах авторів законопроектів, що уряд України вже подав до Верховної Ради проект угоди, нової угоди, з Кіпром, і якраз в рамках цієї угоди ця проблема може бути вирішена.
ParlaMint-UA_2013-06-05-m0.u242.p3.sent1	Але що стосується саме цих законопроектів, то я ще раз наголошую, що вирішення проблеми має відбуватися в визначений законами спосіб і визначеній процедурі.
ParlaMint-UA_2013-06-05-m0.u242.p3.sent2	Мало бути додано і переклади цих угод, і цілий ряд формальностей мало бути дотримано, і позиції профільних міністерств мали бути і так далі.
ParlaMint-UA_2013-06-05-m0.u242.p4.sent1	Якщо говорити про сам підхід, коли народні депутати пропонують денонсувати міжнародні угоди, то він є дуже дискусійний.
ParlaMint-UA_2013-06-05-m0.u242.p4.sent2	І в переважній більшості країн суб’єктом законодавчої ініціативи такого характеру є або глава держави, або уряд.
ParlaMint-UA_2013-06-05-m0.u242.p4.sent3	От саме тому, власне, я думаю, що ми повинні все ж таки діяти більш виважено.
ParlaMint-UA_2013-06-05-m0.u242.p4.sent4	Дякую.
ParlaMint-UA_2013-06-05-m0.u243.p1.sent1	Прошу, об’єднання "Свобода", Черняков.
ParlaMint-UA_2013-06-05-m0.u244.p1.sent1	Прошу передати слово Ігорю Мірошниченку.
ParlaMint-UA_2013-06-05-m0.u245.p1.sent1	Передали Ігорю Мірошниченку.
ParlaMint-UA_2013-06-05-m0.u246.p1.sent1	Ігор Мірошниченко, Всеукраїнське об’єднання "Свобода".
ParlaMint-UA_2013-06-05-m0.u246.p1.sent2	Ну, справді, Микола Томенко підтримав мене.
ParlaMint-UA_2013-06-05-m0.u246.p1.sent3	Медіа українські практично всі сьогодні перебувають в офшорах на Кіпрі.
ParlaMint-UA_2013-06-05-m0.u246.p1.sent4	І я, шановний доповідачу, хочу поставити вам ще одне запитання, пов’язане з найбільшою телекомпанією – телехолдингом в Україні – це група компаній "Інтер".
ParlaMint-UA_2013-06-05-m0.u246.p2.sent1	Вся Україна знає, що пан Хорошковський за 2 з половиною мільярди доларів, як він анонсував, продав цю групу компаній, ну, подейкують, главі Адміністрації Президента.
ParlaMint-UA_2013-06-05-m0.u246.p2.sent2	І Українська держава не отримала жодної копійки.
ParlaMint-UA_2013-06-05-m0.u246.p2.sent3	І, до речі, депутатські запити з цього приводу надсилав.
ParlaMint-UA_2013-06-05-m0.u246.p2.sent4	Так і не отримав від Міністерства доходів і зборів.
ParlaMint-UA_2013-06-05-m0.u246.p3.sent1	То, як ви вважаєте, чи зазнала Українська держава збитків у конкретно цьому випадку, коли найбільша телекомпанія України була продана на Кіпр і відповідно українці не отримали ні копійки податків з цієї оборудки.
ParlaMint-UA_2013-06-05-m0.u246.p3.sent2	Дякую.
ParlaMint-UA_2013-06-05-m0.u247.p1.sent1	Дякую вам, пане Ігорю, за запитання.
ParlaMint-UA_2013-06-05-m0.u247.p2.sent1	Я ще раз наголошую.
ParlaMint-UA_2013-06-05-m0.u247.p2.sent2	Якщо ми з вами, як народні депутати, не вважаємо для себе за обов’язок дотримуватися закону, коли вносимо ті чи інші законодавчі ініціативи, то я думаю, що ми не можемо вимагати цього і від громадян України.
ParlaMint-UA_2013-06-05-m0.u247.p2.sent3	Адже ви говорите про проблему, проблему існування кіпрського офшору, який сьогодні не підпадає під оподаткування в Україні завдяки існуванню цієї угоди.
ParlaMint-UA_2013-06-05-m0.u247.p2.sent4	Але скасування цієї угоди або підписання іншої угоди має відбуватися у визначений законом спосіб.
ParlaMint-UA_2013-06-05-m0.u247.p3.sent1	У нас була дискусія на засіданні комітету, більшість голосів ухвалила таке рішення.
ParlaMint-UA_2013-06-05-m0.u247.p3.sent2	Але це рішення випливає з тієї нормативної бази, яка є у нас сьогодні в державі.
ParlaMint-UA_2013-06-05-m0.u247.p4.sent1	Що стосується переходу права власності на медіа-холдинги, то я абсолютно переконаний в тому, що глава Адміністрації, як фізична особа, сплачує податки і діє виключно в законний спосіб.
ParlaMint-UA_2013-06-05-m0.u247.p4.sent2	Ніколи і ніде я не можу сказати, щоби він хоч.
ParlaMint-UA_2013-06-05-m0.u248.p1.sent1	Дякую.
ParlaMint-UA_2013-06-05-m0.u248.p1.sent2	Сідайте.
ParlaMint-UA_2013-06-05-m0.u248.p1.sent3	Продовжую роботу на 15 хвилин.
ParlaMint-UA_2013-06-05-m0.u248.p1.sent4	Я вже продовжив.
ParlaMint-UA_2013-06-05-m0.u248.p2.sent1	Сьогодні виступимо від фракцій, бо завтра багато питань треба розглядати, і завтра приймемо рішення.
ParlaMint-UA_2013-06-05-m0.u248.p2.sent2	Прошу від фракцій записатися.
ParlaMint-UA_2013-06-05-m0.u248.p2.sent3	А завтра від депутатів надамо, виступите всі, аякже.
ParlaMint-UA_2013-06-05-m0.u248.p2.sent4	От я прошу, Чечетов перший, від Партії регіонів виступає.
ParlaMint-UA_2013-06-05-m0.u249.p1.sent1	Я прошу "Свободу" голос подать.
ParlaMint-UA_2013-06-05-m0.u249.p1.sent2	Голос, "Свобода"!
ParlaMint-UA_2013-06-05-m0.u249.p1.sent3	Подавайте голос!
ParlaMint-UA_2013-06-05-m0.u249.p2.sent1	Уважаемый Владимир Васильевич!
ParlaMint-UA_2013-06-05-m0.u249.p2.sent2	Уважаемые коллеги!
ParlaMint-UA_2013-06-05-m0.u249.p2.sent3	Мы рассмотрели вопрос.
ParlaMint-UA_2013-06-05-m0.u249.p2.sent4	Сейчас начинаются комитеты, заседания комитетов.
ParlaMint-UA_2013-06-05-m0.u249.p2.sent5	Большая просьба.
ParlaMint-UA_2013-06-05-m0.u249.p3.sent1	Хорошо, хорошо.
ParlaMint-UA_2013-06-05-m0.u249.p3.sent2	Еще голос!
ParlaMint-UA_2013-06-05-m0.u249.p4.sent1	Просьба поставить на голосование и подвести черту, отпустить людей на комитеты.
ParlaMint-UA_2013-06-05-m0.u249.p4.sent2	Потому что начинаются заседания комитетов.
ParlaMint-UA_2013-06-05-m0.u249.p4.sent3	И так понятно, кто как будет голосовать.
ParlaMint-UA_2013-06-05-m0.u249.p4.sent4	Спасибо
ParlaMint-UA_2013-06-05-m0.u250.p1.sent1	Об’єднання "Свобода", Ігор Мірошниченко, прошу.
ParlaMint-UA_2013-06-05-m0.u251.p1.sent1	Прошу передати слово Головку, будь ласка.
ParlaMint-UA_2013-06-05-m0.u252.p1.sent1	Передаємо слово народному депутату Головку.
ParlaMint-UA_2013-06-05-m0.u252.p1.sent2	Прошу.
ParlaMint-UA_2013-06-05-m0.u253.p1.sent1	Шановні депутати!
ParlaMint-UA_2013-06-05-m0.u253.p1.sent2	Михайло Головко, Всеукраїнське об’єднання "Свобода".
ParlaMint-UA_2013-06-05-m0.u253.p1.sent3	Підтримуючи, наша фракція, дану денонсацію угоди між УРСР і Кіпром, це є правильне рішення.
ParlaMint-UA_2013-06-05-m0.u253.p1.sent4	Адже повірте, та збитки, які ми сьогодні отримуємо як українська держава не сплачуючи податків до бюджету, уникаючи оподаткування, подвійного оподаткування, це є колосальні.
ParlaMint-UA_2013-06-05-m0.u253.p2.sent1	Експертами підраховано, що тільки за 2 останніх роки з України вивезено понад 72 мільярди доларів!
ParlaMint-UA_2013-06-05-m0.u253.p2.sent2	Це є більше, ніж в декілька разів від бюджету України.
ParlaMint-UA_2013-06-05-m0.u253.p2.sent3	Це колосальна сума, яка мала піти на соціальні потреби українського населення.
ParlaMint-UA_2013-06-05-m0.u253.p2.sent4	На ремонтування доріг, на будівництво шкіл, лікарень, садочків, інші соціальні, на виплату заробітної плати, пенсій, стипендій!
ParlaMint-UA_2013-06-05-m0.u253.p3.sent1	Але, на жаль, ми цього всього не отримали через те, що сьогодні олігархи, які складають більшу частину Партії регіонів, не хочуть платити податки до українського бюджету.
ParlaMint-UA_2013-06-05-m0.u253.p3.sent2	Вони не хочуть сплачувати, щоб кормити свій народ.
ParlaMint-UA_2013-06-05-m0.u253.p3.sent3	Вони розграбовують українську державу, виводять мільярди, капітали з України.
ParlaMint-UA_2013-06-05-m0.u253.p3.sent4	І в той же час збагачуються на кістках українського народу.
ParlaMint-UA_2013-06-05-m0.u253.p4.sent1	Тому ми, фракція Всеукраїнського об’єднання "Свобода", підтримуємо це, цю постанову.
ParlaMint-UA_2013-06-05-m0.u253.p4.sent2	А саме основне, ми зареєстрували Законопроект номер 1248, який ставить за мету про примусове сплачування з всіх вивезених в офшори коштів в Україну і не менше протягом 3 місяців.
ParlaMint-UA_2013-06-05-m0.u253.p5.sent1	Цей законопроект вже декілька місяців лежить в комітеті, який свідомо затягується і не розглядається.
ParlaMint-UA_2013-06-05-m0.u253.p5.sent2	Тому що не хоче, щоб його розглядали в парламенті.
ParlaMint-UA_2013-06-05-m0.u253.p5.sent3	Але в даному нашому законопроекті ми змушуємо примусово сплачувати, стягувати податки в український бюджет.
ParlaMint-UA_2013-06-05-m0.u253.p5.sent4	А ті компанії, які відмовляються це робити, - то повертати їхнє майно в користь держави!
ParlaMint-UA_2013-06-05-m0.u253.p6.sent1	Тому ми вимагаємо, щоб наш законопроект розглядався, щоби ми дали можливість ухвалити цей закон, щоб податки платилися в Україні і щоб ті мільярди працювали на український народ.
ParlaMint-UA_2013-06-05-m0.u253.p6.sent2	Досить, депутати від регіонів, розграбовувати українську державу.
ParlaMint-UA_2013-06-05-m0.u253.p6.sent3	Прийшов час платити податки.
ParlaMint-UA_2013-06-05-m0.u253.p6.sent4	А якщо ви від цього відмовляєтесь, за це будете нести відповідальність.
ParlaMint-UA_2013-06-05-m0.u253.p6.sent5	Відповідно, який закон ми маємо ухвалити.
ParlaMint-UA_2013-06-05-m0.u253.p7.sent1	Тому ми закликаємо вас всіх підтримати і проявити справжню позицію.
ParlaMint-UA_2013-06-05-m0.u253.p7.sent2	Хто стоїть на інтересах української держави, на інтересах українського суспільства, українського народу, а хто лобіює і відстоює олігархів.
ParlaMint-UA_2013-06-05-m0.u253.p8.sent1	І тому ви сьогодні повинні продемонструвати свої обличчя.
ParlaMint-UA_2013-06-05-m0.u253.p8.sent2	Звертаючись до буржуазної комуністичної фракції, хочу сказати.
ParlaMint-UA_2013-06-05-m0.u253.p8.sent3	що прикриваючись красивими лозунгами, ви проголосуйте за цю постанову і будьте чесними, а не грайте подвійну гру, голосуючи за векселя, голосуючи закони про олігархів, працюючи і відробляючи їхні кошти.
ParlaMint-UA_2013-06-05-m0.u253.p9.sent1	Тому голосуйте і будьте чесними перед своїми виборцями, а не лицемірами.
ParlaMint-UA_2013-06-05-m0.u253.p9.sent2	Слава Україні!
ParlaMint-UA_2013-06-05-m0.u254.p1.sent1	Фракція Компартії України, народний депутат Мартинюк.
ParlaMint-UA_2013-06-05-m0.u255.p1.sent1	Передусім декілька юридичних регламентних зауваг.
ParlaMint-UA_2013-06-05-m0.u255.p1.sent2	Перше.
ParlaMint-UA_2013-06-05-m0.u255.p1.sent3	Подивіться, будь ласка, обидва законопроекти: 0002, 0002-1 – вони абсолютні близнюки.
ParlaMint-UA_2013-06-05-m0.u255.p1.sent4	Не тільки у назві, не тільки в самому тексті законопроекту, але навіть в пояснювальних записках.
ParlaMint-UA_2013-06-05-m0.u255.p2.sent1	Добре знаючи авторів першого і другого законопроекту, виникає запитання: а хто в кого займався плагіатом?
ParlaMint-UA_2013-06-05-m0.u255.p2.sent2	Вони абсолютно не альтернативні.
ParlaMint-UA_2013-06-05-m0.u255.p2.sent3	Вони переписані один до одного.
ParlaMint-UA_2013-06-05-m0.u255.p2.sent4	це перше питання.
ParlaMint-UA_2013-06-05-m0.u255.p3.sent1	Друге питання.
ParlaMint-UA_2013-06-05-m0.u255.p3.sent2	Ви, мабуть, бачили висновки нашого профільного Комітету з питань Регламенту, де чітко вказується на порушення норм Регламенту щодо підготовки цих законопроектів до їх розгляду у сесійній залі.
ParlaMint-UA_2013-06-05-m0.u255.p3.sent3	Чому ні одні ні другі автори не підготували їх так, як передбачає Регламент?
ParlaMint-UA_2013-06-05-m0.u255.p3.sent4	А просто кинули, вибачте, писульку для того, щоб здійснити тут політичні ігрища.
ParlaMint-UA_2013-06-05-m0.u255.p3.sent5	Тим більше ті, хто представляв законопроекти, не перший день в парламенті, вони дуже добре знають парламентську роботу.
ParlaMint-UA_2013-06-05-m0.u255.p3.sent6	Чому ж вони її повністю не виконали?
ParlaMint-UA_2013-06-05-m0.u255.p3.sent7	І тут у мене зауваження взагалі до профільних комітетів.
ParlaMint-UA_2013-06-05-m0.u255.p3.sent8	Чому вони не сказали.
ParlaMint-UA_2013-06-05-m0.u255.p3.sent9	Що у зв’язку з тим, що неправильно оформлені, що їх не можна розглядати в сесійній залі?
ParlaMint-UA_2013-06-05-m0.u255.p4.sent1	І ще одне питання до всіх юристів, які знаходяться в сесійній залі, які знаходяться поза сесійною залою.
ParlaMint-UA_2013-06-05-m0.u255.p4.sent2	Дайте мені, будь ласка.
ParlaMint-UA_2013-06-05-m0.u255.p4.sent3	відповідь на питання.
ParlaMint-UA_2013-06-05-m0.u255.p4.sent4	Чи є нинішня Україна правонаступником Союзу Радянських Соціалістичних Республік?
ParlaMint-UA_2013-06-05-m0.u255.p4.sent5	Мабуть відповідь абсолютно зрозуміла – правонаступництво при розводі, при розлученні, за підписом і тодішнього керівництва України взяла на себе єдина з 15 колишніх республік – таким правонаступником є Російська Федерація.
ParlaMint-UA_2013-06-05-m0.u255.p4.sent6	Тобто ми абсолютно з юридичної точку зору не маємо ніякого права денонсувати ті угоди, до яких не маємо відношення.
ParlaMint-UA_2013-06-05-m0.u255.p5.sent1	І ще одне.
ParlaMint-UA_2013-06-05-m0.u255.p5.sent2	Особливо, Терьохін, який кричить, і йому допомагають інші представники, які були, протягом останніх 20 років, в урядах, дайте мені, будь ласка, відповідь на запитання: "А чому ви за 20 років не створили таких умов оподаткування, щоб не на Кіпр їхали, а тут було оподаткування?" Тому що ви користувалися цими умовами.
ParlaMint-UA_2013-06-05-m0.u255.p6.sent1	І останнє.
ParlaMint-UA_2013-06-05-m0.u255.p6.sent2	Потрібно розглядати питання в законному порядку, те, що вніс Кабінет Міністрів, ратифіковувати конвенцію про Угоду між Кіпром і Україною щодо подвійного оподаткування.
ParlaMint-UA_2013-06-05-m0.u255.p6.sent3	А до Радянського Союзу не тягніть.
ParlaMint-UA_2013-06-05-m0.u256.p1.sent1	Народний депутат Мочков, фракція "УДАР".
ParlaMint-UA_2013-06-05-m0.u257.p1.sent1	Прошу передати слово Валентину Наливайченку.
ParlaMint-UA_2013-06-05-m0.u258.p1.sent1	Прошу.
ParlaMint-UA_2013-06-05-m0.u259.p1.sent1	Шановний пане Голово, шановні народні депутати, шановні громадяни України!
ParlaMint-UA_2013-06-05-m0.u259.p1.sent2	Насправді сьогодні в цій залі обговорюється, чи буде припинено викрадення з українського бюджету мільярдів гривень.
ParlaMint-UA_2013-06-05-m0.u259.p1.sent3	Ті, хто не знає цих цифр, їх озвучив керівник свого часу податкової адміністрації, а зараз один із членів уряду Партії регіонів.
ParlaMint-UA_2013-06-05-m0.u259.p1.sent4	Ціна питання – 50 мільярдів гривень щорічно.
ParlaMint-UA_2013-06-05-m0.u259.p2.sent1	Шановні громадяни, якщо хтось говорить вам і брешуть, що неможливо підвищити пенсії, то це саме ті люди, які кришують корупцію в цій країні.
ParlaMint-UA_2013-06-05-m0.u259.p2.sent2	Так, у них дуже дорогі адвокати.
ParlaMint-UA_2013-06-05-m0.u259.p2.sent3	Ви сьогодні їх чуєте, вони розповідають про якісь юридичні штучки або неможливості.
ParlaMint-UA_2013-06-05-m0.u259.p2.sent4	Фракція "УДАР" Віталія Кличка" відверто вам каже, що чесна відповідь – це розірвати цю угоду.
ParlaMint-UA_2013-06-05-m0.u259.p2.sent5	Раз.
ParlaMint-UA_2013-06-05-m0.u259.p3.sent1	Друге.
ParlaMint-UA_2013-06-05-m0.u259.p3.sent2	Організувати розслідування відмивання грошей, тобто викрадення ваших грошей з бюджет у і повернення їх в Україну.
ParlaMint-UA_2013-06-05-m0.u259.p3.sent3	Міжнародні механізми є: ФАТФ, Федеральне бюро розслідувань, Російська Федерація і всі наші сусіди, які нам допоможуть в цьому.
ParlaMint-UA_2013-06-05-m0.u259.p4.sent1	І третій момент.
ParlaMint-UA_2013-06-05-m0.u259.p4.sent2	Розірвання цієї угоди означає обов’язкове опублікування всіх тих надзвичайно багатих і не дуже власників, які заховали народні гроші саме в цих офшорах.
ParlaMint-UA_2013-06-05-m0.u259.p4.sent3	Саме тому ви чуєте такий опір, саме тому так багато брехні навколо цього питання.
ParlaMint-UA_2013-06-05-m0.u259.p5.sent1	Наша принципова позиція команди Віталія Кличка.
ParlaMint-UA_2013-06-05-m0.u259.p5.sent2	Кожен народний депутат, який є чесним, має проголосувати.
ParlaMint-UA_2013-06-05-m0.u259.p5.sent3	Кожен громадянин України, якому депутати мають прозвітувати, має почути і перевірити, щоб депутат його з округу або з тієї політичної сили, за яку він голосував, показав, що він не крав гроші з бюджету і готовий ці гроші повернути в бюджет України.
ParlaMint-UA_2013-06-05-m0.u259.p6.sent1	Тому ми закликаємо і висловлюємо принципову позицію всієї фракції "УДАР" Віталія Кличка".
ParlaMint-UA_2013-06-05-m0.u259.p6.sent2	Проголосувати, перестати красти гроші з бюджету, а вкрадене повернути в економіку України.
ParlaMint-UA_2013-06-05-m0.u259.p6.sent3	Дякую за увагу.
ParlaMint-UA_2013-06-05-m0.u260.p1.sent1	Дякую.
ParlaMint-UA_2013-06-05-m0.u260.p2.sent1	Фракція "Батьківщина", народний депутат Федорук.
ParlaMint-UA_2013-06-05-m0.u261.p1.sent1	Прошу передати слово народному депутату Олександру Турчинову.
ParlaMint-UA_2013-06-05-m0.u262.p1.sent1	Прошу.
ParlaMint-UA_2013-06-05-m0.u263.p1.sent1	Турчинов, "Батьківщина".
ParlaMint-UA_2013-06-05-m0.u263.p1.sent2	Шановні народні депутати, кожна країна, яка поважає свою економіку, має перелік країн, так званих офшорних країн, угоди з якими підлягають додатковій перевірці і додатковому оподаткуванню.
ParlaMint-UA_2013-06-05-m0.u263.p2.sent1	Країна Кіпр є типовою офшорною державою.
ParlaMint-UA_2013-06-05-m0.u263.p2.sent2	Навіть після вступу до Європейського Союзу вони повністю залишили схему ухиляння від оподаткування, шляхом, фактично, нульової ставки оподаткування прибутку та приросту капіталу.
ParlaMint-UA_2013-06-05-m0.u263.p2.sent3	Вони роблять це шляхом бази старих компаній, пояснюючи, що закон не має зворотної сили, і старі компанії мають всі ці офшорні привілеї.
ParlaMint-UA_2013-06-05-m0.u263.p2.sent4	І саме та криза банківська, яка вибухнула на Кіпрі, має причиною саме те, що ця держава відмовилася, незважаючи на вимогу Європейського Союзу, піти за схемою нормального цивілізованого оподаткування.
ParlaMint-UA_2013-06-05-m0.u263.p3.sent1	Незважаючи, що це все відомо всім економістам, ті, хто займається питаннями оподаткування, фінансами, в Україні наполегливо продовжують приховувати офшорну схему з Кіпром.
ParlaMint-UA_2013-06-05-m0.u263.p3.sent2	Всі олігархи українські або починали, або і зараз мають компанії на Кіпрі.
ParlaMint-UA_2013-06-05-m0.u263.p3.sent3	Всі оборудки, величезні мільярдні, використовують ці структури.
ParlaMint-UA_2013-06-05-m0.u263.p3.sent4	І чинна влада дивним чином продовжує закривати на це очі.
ParlaMint-UA_2013-06-05-m0.u263.p3.sent5	Тому що саме їхні рахунки знаходяться на Кіпрі, і їхні компанії знаходяться на Кіпрі.
ParlaMint-UA_2013-06-05-m0.u263.p3.sent6	І сьогодні вони нам розповідають, що нема коштів у держави на елементарне – на лікування, нема коштів у держави на ліки для дітей, які вмирають.
ParlaMint-UA_2013-06-05-m0.u263.p3.sent7	Нема!
ParlaMint-UA_2013-06-05-m0.u263.p3.sent8	Нема коштів на пенсії, і пенсійний вік вони підвищують.
ParlaMint-UA_2013-06-05-m0.u263.p3.sent9	В той же час виведено за два роки біля 70 мільярдів доларів через офшорні схеми.
ParlaMint-UA_2013-06-05-m0.u263.p3.sent10	Ця сума еквівалентна сумі зовнішнього боргу України.
ParlaMint-UA_2013-06-05-m0.u263.p3.sent11	І це блюзнірство говорити, що нема коштів, коли кошти, зрозуміло, де є.
ParlaMint-UA_2013-06-05-m0.u263.p3.sent12	Чітко, конкретно зафіксовано, це є факт, і проти цього факту вони нічого не можуть сказати.
ParlaMint-UA_2013-06-05-m0.u263.p4.sent1	Наступне, шановні друзі.
ParlaMint-UA_2013-06-05-m0.u263.p4.sent2	Коли тут, з цієї трибуни, мій колега Терьохін двічі доповідав пропозицію щодо голосування, наш уряд Юлії Тимошенко вносив пропозицію щодо денонсацію цієї угоди.
ParlaMint-UA_2013-06-05-m0.u263.p4.sent3	Партія регіонів і комуністи не голосували, тому що їхні рахунки знаходяться там.
ParlaMint-UA_2013-06-05-m0.u263.p4.sent4	І сьогодні, коли ви говорите, що у вас немає бюджетних коштів, є механізм їх отримати.
ParlaMint-UA_2013-06-05-m0.u263.p4.sent5	І голосуванням за денонсацію цієї угоди буде чітко зафіксовано, хто хоче фінансувати бюджет, хто хоче фінансувати соціальну сферу, хто хоче виривати економіку України з кризи, а хто хоче ховати свої гроші в офшорних зонах.
ParlaMint-UA_2013-06-05-m0.u263.p5.sent1	Ми вимагаємо, фракція "Батьківщина", негайно проголосувати за закони, які внесені, і поставити крапку на цих офшорних брудних схемах.
ParlaMint-UA_2013-06-05-m0.u263.p5.sent2	Дякую за увагу.
ParlaMint-UA_2013-06-05-m0.u263.p5.sent3	Слава Україні!
ParlaMint-UA_2013-06-05-m0.u264.p1.sent1	Шановні депутати, є три хвилини, і внесена пропозиція проголосувати.
ParlaMint-UA_2013-06-05-m0.u264.p1.sent2	А потім.
ParlaMint-UA_2013-06-05-m0.u264.p1.sent3	Зараз Турчинов вніс пропозицію негайно поставити на голосування.
ParlaMint-UA_2013-06-05-m0.u264.p2.sent1	Я ставлю на голосування.
ParlaMint-UA_2013-06-05-m0.u264.p2.sent2	Пропозиція Турчинова – негайно ставити на голосування.
ParlaMint-UA_2013-06-05-m0.u264.p3.sent1	Ставлю на голосування проект Закону про денонсацію Угоди між Урядом Союзу Радянських Соціалістичних Республік і Урядом Республіки Кіпр про уникнення подвійного оподаткування доходів та майна від 29 жовтня 1982 року за основу.
ParlaMint-UA_2013-06-05-m0.u264.p3.sent2	Прошу голосувати.
ParlaMint-UA_2013-06-05-m0.u264.p3.sent3	Депутати виступили всі.
ParlaMint-UA_2013-06-05-m0.u264.p3.sent4	Обговорення після 15 хвилин вже не потрібно.
ParlaMint-UA_2013-06-05-m0.u264.p4.sent1	За-113
ParlaMint-UA_2013-06-05-m0.u264.p5.sent1	По фракціях.
ParlaMint-UA_2013-06-05-m0.u264.p6.sent1	Ставлю на голосування другий проект.
ParlaMint-UA_2013-06-05-m0.u264.p6.sent2	Проект Закону (0021) про денонсацію Угоди між Урядом Союзу Радянських Соціалістичних Республік і Урядом Республіки Кіпр про уникнення подвійного оподаткування доходів та майна від 29 жовтня прийняти за основу.
ParlaMint-UA_2013-06-05-m0.u264.p6.sent3	Прошу голосувати.
ParlaMint-UA_2013-06-05-m0.u264.p7.sent1	За-123
ParlaMint-UA_2013-06-05-m0.u264.p8.sent1	Проти – 0, утрималось – 3, не голосувало – 107.
ParlaMint-UA_2013-06-05-m0.u264.p9.sent1	Закони відхилені.
ParlaMint-UA_2013-06-05-m0.u264.p9.sent2	По фракціях, я прошу.
ParlaMint-UA_2013-06-05-m0.u264.p10.sent1	Шановні депутати, о 15-й годині у Верховній Раді України відбудуться парламентські слухання, нам треба підготувати залу для цього.
ParlaMint-UA_2013-06-05-m0.u264.p10.sent2	Тому ранкове засідання Верховної Ради України оголошую закритим.
ParlaMint-UA_2013-06-05-m0.u264.p11.sent1	Завтра о 10-й годині продовжимо нашу роботу.
