id	text	language
ParlaMint-UA_2007-03-22-m1.u1.p1.sent1	Шановні колеги, прошу підготуватися до реєстрації.	UKRAINIAN
ParlaMint-UA_2007-03-22-m1.u1.p2.sent1	Будь ласка, ввімкніть систему „Рада”, реєструємося.	UKRAINIAN
ParlaMint-UA_2007-03-22-m1.u1.p3.sent1	В сесійній залі зареєстровано 256 народних депутатів.	UKRAINIAN
ParlaMint-UA_2007-03-22-m1.u1.p3.sent2	Вечірнє засідання Верховної Ради оголошую відкритим.	UKRAINIAN
ParlaMint-UA_2007-03-22-m1.u1.p4.sent1	Шановні колеги, надійшло прохання фракції "Наша Україна", підписав голова фракції Кириленко, з приводу того, щоб зробити оголошення.	UKRAINIAN
ParlaMint-UA_2007-03-22-m1.u2.p1.sent1	щоб зробити оголошення.	UKRAINIAN
ParlaMint-UA_2007-03-22-m1.u2.p1.sent2	Вони просять о тут протокол, що слухали, у зв’язку з невиконанням рішення депутатської фракції "Наша Україна" та грубим порушенням фракційної дисципліни виключити народного депутата України - Кінаха Анатолія Петровича зі складу депутатської фракції "Наша Україна" у Верховній Раді.	UKRAINIAN
ParlaMint-UA_2007-03-22-m1.u2.p2.sent1	Оскільки такого народного депутата як Кінах Анатолій Петрович в складі Верховної Ради немає, то я відповідно і оголошення зробити не можу.	UKRAINIAN
ParlaMint-UA_2007-03-22-m1.u2.p3.sent1	Закон України "Про внесення змін до статті 1 Закону України "Про тимчасову заборону приватизації пам’яток культурної спадщини" з пропозиціями Президента України від 26 лютого 2007 року.	UKRAINIAN
ParlaMint-UA_2007-03-22-m1.u2.p3.sent2	Реєстраційний номер 0817.	UKRAINIAN
ParlaMint-UA_2007-03-22-m1.u2.p4.sent1	Роман Михайлович Зварич, будь ласка, представник Президента.	UKRAINIAN
ParlaMint-UA_2007-03-22-m1.u2.p4.sent2	Підготуватися голові Комітету з питань культури і духовності Яворівському.	UKRAINIAN
ParlaMint-UA_2007-03-22-m1.u3.p1.sent1	Шановний Адаме Івановичу, шановні народні депутати України.	UKRAINIAN
ParlaMint-UA_2007-03-22-m1.u3.p2.sent1	Я хотів би нагадати, що цей закон уже раз надходив Президенту на підпис.	UKRAINIAN
ParlaMint-UA_2007-03-22-m1.u3.p2.sent2	Були ним скеровані до Верховної Ради України свої пропозиції у порядку вето.	UKRAINIAN
ParlaMint-UA_2007-03-22-m1.u3.p2.sent3	Не всі пропозиції Президента враховані.	UKRAINIAN
ParlaMint-UA_2007-03-22-m1.u3.p2.sent4	Закон був прийнятий практично в новій редакції.	UKRAINIAN
ParlaMint-UA_2007-03-22-m1.u3.p2.sent5	У черговий раз скерований Президентом України, це було зроблено 8 лютого цього року, на підпис.	UKRAINIAN
ParlaMint-UA_2007-03-22-m1.u3.p2.sent6	І Президент України в черговий раз скористався свого конституційного права і повертає цей закон на повторний розгляд Верховної Ради України у порядку вето.	UKRAINIAN
ParlaMint-UA_2007-03-22-m1.u3.p3.sent1	Я навіть не буду читати того, що є, сказано тут у самих пропозиціях Президента України, оскільки, звичайно, я хотів би скористатися цієї нагоди, щоб черговий раз засвідчити свою переконаність у тому, що народні депутати України всі документи і так дуже уважно і детально читають і вивчають.	UKRAINIAN
ParlaMint-UA_2007-03-22-m1.u3.p4.sent1	Я зупинюся на основному зауваженні Президента України.	UKRAINIAN
ParlaMint-UA_2007-03-22-m1.u3.p4.sent2	Воно фактично зводиться до наступного, що цей закон нічого не вирішує.	UKRAINIAN
ParlaMint-UA_2007-03-22-m1.u3.p4.sent3	Оскільки перелік тих об’єктів культурної спадщини, який мав би підлягати дії, нормативній дії цього закону не визначений досі.	UKRAINIAN
ParlaMint-UA_2007-03-22-m1.u3.p5.sent1	Відповідно до указу Президента України, який був виданий ще 2005 році, такий перелік мав би бути визначений Кабінетом Міністрів України для того, щоб можна було до конкретних об’єктів застосовувати дію, зокрема, цього закону, але і інших законів теж.	UKRAINIAN
ParlaMint-UA_2007-03-22-m1.u3.p6.sent1	Тому що визначення якраз цього переліку Президент України не буде підписувати подібних законів, а отже, і враховуючи вище викладене, пропоную відхилити цей законопроект.	UKRAINIAN
ParlaMint-UA_2007-03-22-m1.u3.p6.sent2	вірніше, цей закон.	UKRAINIAN
ParlaMint-UA_2007-03-22-m1.u3.p7.sent1	Дякую за увагу.	UKRAINIAN
ParlaMint-UA_2007-03-22-m1.u4.p1.sent1	Дякую, Роман Михайлович, сідайте, будь ласка.	UKRAINIAN
ParlaMint-UA_2007-03-22-m1.u4.p2.sent1	Я не бачу Володимира Олександровича.	UKRAINIAN
ParlaMint-UA_2007-03-22-m1.u4.p2.sent2	Він, правда, тут мене інформував, що серйозні в них є там справи з приводу колекції „Градобанку”, про яку ми не один раз вже приймали рішення.	UKRAINIAN
ParlaMint-UA_2007-03-22-m1.u4.p3.sent1	Але рішення комітету говорить про те, що у зв’язку з тим, що 15 лютого 2007 року Кабінет Міністрів України вже вніс до Верховної Ради проект Закону про перелік пам’яток культурної спадщини, які не підлягають приватизації, то комітет вважає за доцільне підтримати пропозицію Президента про відхилення закону України про внесення змін до статті першої Закону України „Про тимчасову заборону приватизації пам’яток культурної спадщини”.	UKRAINIAN
ParlaMint-UA_2007-03-22-m1.u4.p4.sent1	Таким чином, я ставлю на голосування пропозицію Президента, підтриману Комітетом про відхилення Закону України про внесення змін до стаття змін до статті першої Закону України „Про тимчасову заборону приватизації пам’яток культурної спадщини, реєстраційний номер 0817.	UKRAINIAN
ParlaMint-UA_2007-03-22-m1.u4.p4.sent2	Прошу голосувати.	UKRAINIAN
ParlaMint-UA_2007-03-22-m1.u4.p4.sent3	Підтримаємо Президента і комітет.	UKRAINIAN
ParlaMint-UA_2007-03-22-m1.u4.p5.sent1	За-214	UKRAINIAN
ParlaMint-UA_2007-03-22-m1.u4.p6.sent1	Шановні колеги.	UKRAINIAN
ParlaMint-UA_2007-03-22-m1.u4.p6.sent2	Зараз, зараз, зараз.	UKRAINIAN
ParlaMint-UA_2007-03-22-m1.u4.p7.sent1	Я бачу, що є 273 картки народних депутатів, я просив би „Нашу Україну” підтримати, бо це президент просить його відхилити.	UKRAINIAN
ParlaMint-UA_2007-03-22-m1.u4.p7.sent2	Як хочете, але це – прохання Президента.	UKRAINIAN
ParlaMint-UA_2007-03-22-m1.u4.p7.sent3	Я наголошую, ми голосуємо за пропозицію Президента.	UKRAINIAN
ParlaMint-UA_2007-03-22-m1.u4.p7.sent4	Хто за те, щоб повернутися до переголосування?	UKRAINIAN
ParlaMint-UA_2007-03-22-m1.u4.p8.sent1	За-262	UKRAINIAN
ParlaMint-UA_2007-03-22-m1.u4.p9.sent1	262 - це інша зовсім справа.	UKRAINIAN
ParlaMint-UA_2007-03-22-m1.u4.p9.sent2	Хто за те, щоб підтримати пропозицію комітету, вірніше, підтримати пропозицію Президента, з якою погоджується профільний комітет і відхилити Закон України про внесення змін до статті 1 Закону України „Про тимчасову заборону приватизації пам’яток культурної спадщини”, реєстраційний номер 0817.	UKRAINIAN
ParlaMint-UA_2007-03-22-m1.u4.p10.sent1	Прошу голосувати.	UKRAINIAN
ParlaMint-UA_2007-03-22-m1.u4.p11.sent1	За-259	UKRAINIAN
ParlaMint-UA_2007-03-22-m1.u4.p12.sent1	Прийнято.	UKRAINIAN
ParlaMint-UA_2007-03-22-m1.u4.p12.sent2	Дякую.	UKRAINIAN
ParlaMint-UA_2007-03-22-m1.u4.p12.sent3	Закон відхилено.	UKRAINIAN
ParlaMint-UA_2007-03-22-m1.u4.p13.sent1	Нам потрібно прийняти рішення з обговорених питань, ми вже декілька разів, а ні, це інші, вибачте.	UKRAINIAN
ParlaMint-UA_2007-03-22-m1.u4.p14.sent1	Проект Постанови про Рекомендації парламентських слухань про становище молоді в Україні , реєстраційний номер 3205.	UKRAINIAN
ParlaMint-UA_2007-03-22-m1.u4.p14.sent2	Я ставлю на голосування пропозицію про підтримку постанови щодо Рекомендації парламентських слухань про становище молоді в Україні, реєстраційний номер 3205.	UKRAINIAN
ParlaMint-UA_2007-03-22-m1.u4.p15.sent1	Прошу голосувати.	UKRAINIAN
ParlaMint-UA_2007-03-22-m1.u4.p16.sent1	За-245	UKRAINIAN
ParlaMint-UA_2007-03-22-m1.u4.p17.sent1	Якесь пожвавлення в „Нашій Україні”, це ви раді, що повернулись до роботи, я також радію разом з вами.	UKRAINIAN
ParlaMint-UA_2007-03-22-m1.u4.p18.sent1	Розглядається Проект Постанови про Рекомендації парламентських слухань на тему: "Сучасний стан та актуальні завдання у сфері попередження гендерного насильства" .	UKRAINIAN
ParlaMint-UA_2007-03-22-m1.u4.p18.sent2	Павленко Едуард Іванович, будь ласка.	UKRAINIAN
ParlaMint-UA_2007-03-22-m1.u5.p1.sent1	Шановний Адам Іванович, шановні народні депутати!	UKRAINIAN
ParlaMint-UA_2007-03-22-m1.u5.p1.sent2	Відповідно до рішення Верховної Ради України від 8 лютого цього року наш комітет доопрацював проект постанови про рекомендації парламентських слухань на тему „Сучасний стан та актуальні завдання у сфері попередження гендерного насильства”, реєстраціонний номер 2740, і вносит его на ваш розгляд.	UKRAINIAN
ParlaMint-UA_2007-03-22-m1.u5.p2.sent1	21 листопада 2006 року у Верховній Раді України відбулися парламентські слухання, на яких вперше була так широко обговорена проблема подолання насильства щодо жінок.	UKRAINIAN
ParlaMint-UA_2007-03-22-m1.u5.p2.sent2	Їх проведення викликало великий інтерес серед широких кіл громадськості.	UKRAINIAN
ParlaMint-UA_2007-03-22-m1.u5.p2.sent3	Хочу наголосити, що проведення слухань було відповіддю парламенту на ініціативу Ради Європи приєднатись до європейської кампанії з подолання насильства щодо жінок.	UKRAINIAN
ParlaMint-UA_2007-03-22-m1.u5.p2.sent4	За наслідками слухань був підготовлений проект рекомендацій, який розглядався в цій залі, і, на жаль, не був підтриманий.	UKRAINIAN
ParlaMint-UA_2007-03-22-m1.u5.p2.sent5	За дорученням парламенту проект рекомендацій був ретельно доопрацьований, з урахуванням всіх пропозицій, що надійшли, і, зокрема, зауважень Юридичного управління апарату Верховної Ради України та пропозицій міністерства у справах сім’ї, молоді та спорту.	UKRAINIAN
ParlaMint-UA_2007-03-22-m1.u5.p3.sent1	Разом з тим, слід зазначити, що збережені і лягли в основу доопрацьований рекомендацій ключові пропозиції учасників парламентських слухань, зокрема, щодо необхідності вдосконалення законодавства про попередження насильства в сім’ї, посилення парламентського контролю в цій сфері, активізація державної політики у сфері попередження гендерного насильства.	UKRAINIAN
ParlaMint-UA_2007-03-22-m1.u5.p4.sent1	14 березня 2007 року відбулось засідання комітету, на якому було розглянуто доопрацьований проект постанови про рекомендації парламентських слухань на тему „Сучасний стан та актуальні завдання у сфері попередження гендерного насильства” і ухвалено рішення рекомендувати Верховній Раді України прийняти її за основу і в цілому.	UKRAINIAN
ParlaMint-UA_2007-03-22-m1.u5.p5.sent1	Шановні народні депутати!	UKRAINIAN
ParlaMint-UA_2007-03-22-m1.u5.p5.sent2	Наш парламент був практично першим серед парламентів інших держав-членів Ради Європи, провівши згадані слухання.	UKRAINIAN
ParlaMint-UA_2007-03-22-m1.u5.p5.sent3	Тому ухвалення рекомендацій є логічним і послідовним кроком на шляху закріплення позицій державі у сфері подолання насильства над жінками.	UKRAINIAN
ParlaMint-UA_2007-03-22-m1.u5.p5.sent4	Просимо підтримати і дякую заувагу.	UKRAINIAN
ParlaMint-UA_2007-03-22-m1.u6.p1.sent1	Дякую.	UKRAINIAN
ParlaMint-UA_2007-03-22-m1.u6.p1.sent2	Так, шановні колеги, давайте поборимся проти насильства над жінками.	UKRAINIAN
ParlaMint-UA_2007-03-22-m1.u6.p2.sent1	Я ставлю на голосування про прийняття в цілому постанови за номером 2740 про рекомендації парламентських слухань на тему „Сучасний стан та актуальні завдання у сфері попередження гендерного насильства”.	UKRAINIAN
ParlaMint-UA_2007-03-22-m1.u6.p3.sent1	Прошу голосувати.	UKRAINIAN
ParlaMint-UA_2007-03-22-m1.u6.p4.sent1	За-238	UKRAINIAN
ParlaMint-UA_2007-03-22-m1.u6.p5.sent1	Прийнято.	UKRAINIAN
ParlaMint-UA_2007-03-22-m1.u6.p5.sent2	Дякую.	UKRAINIAN
ParlaMint-UA_2007-03-22-m1.u6.p6.sent1	І ще один проект Постанови про Рекомендації парламентських слухань на тему: "Рівні права та рівні можливості в Україні: реалії та перспективи" .	UKRAINIAN
ParlaMint-UA_2007-03-22-m1.u6.p6.sent2	Реєстраційний номер 2741, Едуард Іванович, будь ласка, перший заступник голови Комітету з питань прав людини, нацменшин і міжнаціональних відносин.	UKRAINIAN
ParlaMint-UA_2007-03-22-m1.u7.p1.sent1	Шановний Адаме Івановичу, шановні народні депутати.	UKRAINIAN
ParlaMint-UA_2007-03-22-m1.u7.p2.sent1	Відповідно до рішення Верховної Ради України від 7 лютого цього року наш комітет доопрацював проект постанови про рекомендації парламентських слухань на тему: "Рівні права та рівні можливості в Україні: реалії та перспективи", реєстраційний номер 2741 і вносить його на ваш розгляд.	UKRAINIAN
ParlaMint-UA_2007-03-22-m1.u7.p3.sent1	Хочу нагадати, що 21 листопада минулого року у Верховній Раді України пройшли парламентські слухання з порядком денним „Рівні права та рівні можливості в Україні: реалії та перспективи”.	UKRAINIAN
ParlaMint-UA_2007-03-22-m1.u7.p3.sent2	Вони викликали, без перебільшення, величезний інтерес у широких кіл громадськості.	UKRAINIAN
ParlaMint-UA_2007-03-22-m1.u7.p3.sent3	Ця зала була заповнена учасницями та учасниками слухань, які представляли громадські організації з усіх регіонів держави.	UKRAINIAN
ParlaMint-UA_2007-03-22-m1.u7.p4.sent1	У слуханнях взяли участь і представників парламентів іноземних країн, зокрема, Великобританії, Румунії, Литви, міжнародних організацій та дипломатичного корпусу.	UKRAINIAN
ParlaMint-UA_2007-03-22-m1.u7.p5.sent1	За наслідками слухань, комітетом були підготовлені рекомендації, як вам відомо розглядалися у цьому залі, але не набрали необхідної кількості голосів.	UKRAINIAN
ParlaMint-UA_2007-03-22-m1.u7.p5.sent2	Після отримання доручення Верховної Ради України доопрацювати проект рекомендацій у комітету, була утворена робоча група, до якої увійшли народні депутати України, представники Міністерства у справах сім’ї, молоді та спорту, фахівців з питань гендерної політики.	UKRAINIAN
ParlaMint-UA_2007-03-22-m1.u7.p6.sent1	Окремо слід зазначити, що значну роль у доопрацюванні рекомендацій відіграло Юридичне управління апарату Верховної Ради України.	UKRAINIAN
ParlaMint-UA_2007-03-22-m1.u7.p6.sent2	Хід роботи над підготовкою доопрацьованого проекту рекомендацій кілька раз розглядався у комітеті.	UKRAINIAN
ParlaMint-UA_2007-03-22-m1.u7.p6.sent3	В основу рекомендацій були покладені пропозиції та побажання учасників слухань, зокрема жіночих громадських організацій.	UKRAINIAN
ParlaMint-UA_2007-03-22-m1.u7.p7.sent1	Разом з тим ми ретельно вивчили і по можливості максимально врахували зауваження і пропозиції Міністерства у справах сім’ї, молоді та спорту, який є уповноваженим органом виконавчої влади з питань забезпечення рівних прав та можливостей жінок і чоловіків.	UKRAINIAN
ParlaMint-UA_2007-03-22-m1.u7.p8.sent1	14 березня 2007 року відбулося засідання комітету, у якому зокрема брали участь заступник міністра у справах сім’ї, молоді та спорту Толстоухова Світлана Валентинівна та відповідальні працівники Юридичного управління.	UKRAINIAN
ParlaMint-UA_2007-03-22-m1.u7.p9.sent1	На засіданні було розглянуто доопрацьований проект Постанови про Рекомендації парламентських слухань на тему: "Рівні права та рівні можливості в Україні: реалії та перспективи" і ухвалене рішення рекомендувати Верховній Раді України прийняти її за основу і в цілому.	UKRAINIAN
ParlaMint-UA_2007-03-22-m1.u7.p10.sent1	Просимо підтримати і дякую за увагу.	UKRAINIAN
ParlaMint-UA_2007-03-22-m1.u8.p1.sent1	Дякую, Едуард Іванович.	UKRAINIAN
ParlaMint-UA_2007-03-22-m1.u8.p1.sent2	Сідайте.	UKRAINIAN
ParlaMint-UA_2007-03-22-m1.u8.p2.sent1	Так, забезпечимо рівні можливості.	UKRAINIAN
ParlaMint-UA_2007-03-22-m1.u8.p2.sent2	Голосуємо за постанову про Рекомендації парламентських слухань на тему: "Рівні права та рівні можливості в Україні: реалії та перспективи".	UKRAINIAN
ParlaMint-UA_2007-03-22-m1.u8.p2.sent3	Реєстраційний номер 2741.	UKRAINIAN
ParlaMint-UA_2007-03-22-m1.u8.p3.sent1	За-216	UKRAINIAN
ParlaMint-UA_2007-03-22-m1.u8.p4.sent1	Шановні колеги, я так зрозумів, бо тут більшість чоловіків, жінок я майже не бачу.	UKRAINIAN
ParlaMint-UA_2007-03-22-m1.u8.p4.sent2	Як зайшла мова про жінок, так ви і трохи розгубилися або навпаки задумались.	UKRAINIAN
ParlaMint-UA_2007-03-22-m1.u8.p4.sent3	Хто за те, щоб переголосувати?	UKRAINIAN
ParlaMint-UA_2007-03-22-m1.u8.p5.sent1	Матвієнков, мікрофон, будь ласка.	UKRAINIAN
ParlaMint-UA_2007-03-22-m1.u9.p1.sent1	Матвиенков, фракция Социалистической партии.	RUSSIAN
ParlaMint-UA_2007-03-22-m1.u9.p2.sent1	Уважаемый Адам Иванович, уважаемые коллеги, мы не голосовали по данному постановлению, потому что мы просили посмотреть все-таки окончательный вариант этого законопроекта.	RUSSIAN
ParlaMint-UA_2007-03-22-m1.u9.p2.sent2	День батька, введение должностей, которые вводятся в структурах, пропорция при проведении выборов в 30 процентов в обязательном представительстве – все эти вещи, которые до последнего момента находились в этой постанове.	RUSSIAN
ParlaMint-UA_2007-03-22-m1.u9.p2.sent3	Окончательного варианта данной постановы, к сожалению, мы не видели.	RUSSIAN
ParlaMint-UA_2007-03-22-m1.u9.p2.sent4	Поэтому, так сказать, пока мы не определимся, что эти вещи, которые не поправлены, так сказать, мы за эту постанову голосовать не будем.	RUSSIAN
ParlaMint-UA_2007-03-22-m1.u9.p2.sent5	Спасибо.	RUSSIAN
ParlaMint-UA_2007-03-22-m1.u10.p1.sent1	Ну, але наші рекомендації обов’язкові для Верховної Ради, бо це – постанова Верховної Ради.	UKRAINIAN
ParlaMint-UA_2007-03-22-m1.u10.p1.sent2	Це не рекомендації Верховної Ради, а це – рішення Верховної Ради, яким вона зобов’язує внести зміни до деяких законодавчих актів і зокрема 30 відсотків.	UKRAINIAN
ParlaMint-UA_2007-03-22-m1.u10.p1.sent3	Так що Матвієнков правий.	UKRAINIAN
ParlaMint-UA_2007-03-22-m1.u10.p1.sent4	Є, є на сьомій сторінці, прочитайте.	UKRAINIAN
ParlaMint-UA_2007-03-22-m1.u10.p1.sent5	На сьомій сторінці, ні, вибачте, п’ята сторінка, якщо зверху, другий пункт внести зміни до деяких законодавчих актів в зв’язку з прийняттям Закону України „Про забезпечення рівних прав” і 30 відсотків гендерної квоти і так далі.	UKRAINIAN
ParlaMint-UA_2007-03-22-m1.u10.p2.sent1	Давайте, хай комітет працює.	UKRAINIAN
ParlaMint-UA_2007-03-22-m1.u10.p2.sent2	І ще раз просив би комітет звертати увагу на те.	UKRAINIAN
ParlaMint-UA_2007-03-22-m1.u10.p2.sent3	що було, які висловлювались заперечення, щоб ми уже третій раз не будемо повертатися до нього.	UKRAINIAN
ParlaMint-UA_2007-03-22-m1.u10.p2.sent4	Вірніше, вже третій раз голосуватиме.	UKRAINIAN
ParlaMint-UA_2007-03-22-m1.u10.p2.sent5	Якщо і третій не проголосуємо, ви не доопрацюєте так, як треба, а не так, як написано, ну, тоді буде ситуація складна.	UKRAINIAN
ParlaMint-UA_2007-03-22-m1.u10.p3.sent1	Хто за те, щоб перенести, ще раз перенести розгляд цієї постанови, прошу проголосувати.	UKRAINIAN
ParlaMint-UA_2007-03-22-m1.u10.p4.sent1	За-231	UKRAINIAN
ParlaMint-UA_2007-03-22-m1.u10.p5.sent1	Прийнято рішення, перенесено.	UKRAINIAN
ParlaMint-UA_2007-03-22-m1.u10.p6.sent1	Переходимо до розділу „Для включення до порядку денного та прийняття рішення”.	UKRAINIAN
ParlaMint-UA_2007-03-22-m1.u10.p7.sent1	Законопроект за номером 3276 проект Закону про внесення зміни до статті 91 Закону України "Про Державний бюджет України на 2007 рік" .	UKRAINIAN
ParlaMint-UA_2007-03-22-m1.u10.p7.sent2	Реєстраційний номер 3276.	UKRAINIAN
ParlaMint-UA_2007-03-22-m1.u10.p7.sent3	автор законодавчої ініціативи Петро Степанович Цибенко.	UKRAINIAN
ParlaMint-UA_2007-03-22-m1.u10.p8.sent1	Шановні колеги, ми зараз обмінялися з автором і я хотів би наголосити, що Петро Степанович виступив з абсолютно реальною.	UKRAINIAN
ParlaMint-UA_2007-03-22-m1.u10.p8.sent2	законодавчою ініціативою, яка повинна удосконалити тут систему, що була просто при прийнятті Державного бюджету допущена технічна помилка.	UKRAINIAN
ParlaMint-UA_2007-03-22-m1.u10.p8.sent3	Але з урахуванням того, що дійшли згоди і я особисто також говорив і з Кабінетом Міністрів про те, щоб нам не порушувати Закону про Кабінет Міністрів, Кабінет Міністрів зобов’язується яким записано, що лише Кабінет Міністрів має можливість вносити зміни до Державного бюджету.	UKRAINIAN
ParlaMint-UA_2007-03-22-m1.u10.p8.sent4	Вони готові підтримати законодавчу ініціативу Цибенка Петра Степановича і дають обіцянку, що 5 квітня ми розглянемо уже урядовий законопроект з цього питання.	UKRAINIAN
ParlaMint-UA_2007-03-22-m1.u10.p8.sent5	Тому я пропоную поступити таким чином.	UKRAINIAN
ParlaMint-UA_2007-03-22-m1.u10.p8.sent6	Давайте ми включимо цей проект до розгляду, а розглянемо його 3 квітня.	UKRAINIAN
ParlaMint-UA_2007-03-22-m1.u10.p9.sent1	Прошу проголосувати.	UKRAINIAN
ParlaMint-UA_2007-03-22-m1.u10.p10.sent1	Включено до розгляду з тим, щоб розглянути 3 квітня, а не зараз.	UKRAINIAN
ParlaMint-UA_2007-03-22-m1.u10.p10.sent2	Голосуємо.	UKRAINIAN
ParlaMint-UA_2007-03-22-m1.u10.p11.sent1	За-240	UKRAINIAN
ParlaMint-UA_2007-03-22-m1.u10.p12.sent1	240, прийнято.	UKRAINIAN
ParlaMint-UA_2007-03-22-m1.u10.p12.sent2	Ще раз подякую Петру Степановичу за те, що він звернув увагу на таку прикру помилку, яка трапилася в Державному бюджеті і разом із Кабінетом Міністрів ми 3 квітня її врегулюємо.	UKRAINIAN
ParlaMint-UA_2007-03-22-m1.u10.p13.sent1	Потрібно включити до розгляду проект Закону про внесення зміни до статті 13 Закону України "Про статус ветеранів війни, гарантії їх соціального захисту" Реєстраційний номер 3266.	UKRAINIAN
ParlaMint-UA_2007-03-22-m1.u10.p13.sent2	Автор ініціативи Цибенко Петро Степанович.	UKRAINIAN
ParlaMint-UA_2007-03-22-m1.u10.p14.sent1	Тут ще більш складна історія – до смішного дійшло.	UKRAINIAN
ParlaMint-UA_2007-03-22-m1.u10.p14.sent2	Але потім автор розкаже.	UKRAINIAN
ParlaMint-UA_2007-03-22-m1.u10.p14.sent3	Прошу проголосувати за включення і розгляд.	UKRAINIAN
ParlaMint-UA_2007-03-22-m1.u10.p15.sent1	За-243	UKRAINIAN
ParlaMint-UA_2007-03-22-m1.u10.p16.sent1	Включено.	RUSSIAN
ParlaMint-UA_2007-03-22-m1.u10.p17.sent1	Будь ласка, Петро Степанович.	UKRAINIAN
ParlaMint-UA_2007-03-22-m1.u11.p1.sent1	Дякую.	UKRAINIAN
ParlaMint-UA_2007-03-22-m1.u11.p2.sent1	Шановні колеги, шановні громадяни України, я хотів би звернутися, перш за все, до ветеранів-фронтовиків, зокрема інвалідів Великої Вітчизняної війни, і розставити всі крапки над „і” в одній вельми некрасивій історії, яка, до речі, потрапила вже і на екрани телебачення.	UKRAINIAN
ParlaMint-UA_2007-03-22-m1.u11.p2.sent2	Мова йде про те, що „Укртелеком”, його структури в регіонах припинили надавати стовідсоткову пільгу на послуги зв’язку інвалідам Великої Вітчизняної війни, як це передбачено пунктом десятим статті 13 Закону України „Про статус ветеранів війни, гарантії їх соціального захисту”.	UKRAINIAN
ParlaMint-UA_2007-03-22-m1.u11.p3.sent1	Обгрунтували цю антиінвалідську акцію чиновники від зв’язку тим, що це сталося нібито з вини Верховної Ради України.	UKRAINIAN
ParlaMint-UA_2007-03-22-m1.u11.p3.sent2	Хочу категорично заперечити, що ці дії є спробою перекласти свою відповідальність на когось іншого.	UKRAINIAN
ParlaMint-UA_2007-03-22-m1.u11.p4.sent1	Можу погодитись з тим, що формулювання пункту 10 статті 13 не зовсім вдале або, скажімо так, не ідеальне.	UKRAINIAN
ParlaMint-UA_2007-03-22-m1.u11.p4.sent2	Але воно, принаймні, не є таким, яке б давало право позбавити інваліда війни пільги за користування телефоном, адже сама 13 стаття називається: „Пільги інвалідам війни”.	UKRAINIAN
ParlaMint-UA_2007-03-22-m1.u11.p4.sent3	Більше того, перше речення цієї статті звучить так: „Інвалідам війни та прирівняним до них особам надаються такі пільги”.	UKRAINIAN
ParlaMint-UA_2007-03-22-m1.u11.p5.sent1	Отже, абсолютно очевидно, що провина тут не Верховної Ради, і мова не про цю недоречність.	UKRAINIAN
ParlaMint-UA_2007-03-22-m1.u11.p5.sent2	Тоді виникає питання: а що ж є справжньою причиною цієї зухвалої антиінвалідської акції?	UKRAINIAN
ParlaMint-UA_2007-03-22-m1.u11.p5.sent3	А справжня причина поялгає в тому, що керівництво ВАТ „Укртелеком” вирішило діяти за принципом римського імператора: гроші не пахнуть.	UKRAINIAN
ParlaMint-UA_2007-03-22-m1.u11.p5.sent4	Вони намагаються отримати свій прибуток, навіть, на інвалідах війни, рятівниках людства від фашизму.	UKRAINIAN
ParlaMint-UA_2007-03-22-m1.u11.p5.sent5	Як на мене у цих людей уже немає взагалі нічого святого, вони готові відібрати гроші навіть з померлого, аби він заплатив.	UKRAINIAN
ParlaMint-UA_2007-03-22-m1.u11.p6.sent1	Тобто я як народний депутат, мої колеги по фракції – Червонописький і Сушкевич - вийшли з ініціативою внесення змін до пункту десятого статті 13.	UKRAINIAN
ParlaMint-UA_2007-03-22-m1.u11.p6.sent2	І просимо шановних наших колег відновити справедливість по відношенню до інвалідів війни і проголосувати цей документ сьогодні не лише в першому читанні, а й в цілому.	UKRAINIAN
ParlaMint-UA_2007-03-22-m1.u11.p6.sent3	Тому що ми уже, коли виникла ця ситуація, разом з народним депутатом Сушкевичем внесли узгодженим проект документу, який не потребує доопрацювання.	UKRAINIAN
ParlaMint-UA_2007-03-22-m1.u11.p6.sent4	Дякую, прошу підтримати це, цю законодавчу ініціативу.	UKRAINIAN
ParlaMint-UA_2007-03-22-m1.u11.p6.sent5	Дякую.	UKRAINIAN
ParlaMint-UA_2007-03-22-m1.u12.p1.sent1	Дякую.	UKRAINIAN
ParlaMint-UA_2007-03-22-m1.u12.p1.sent2	Чи є запитання до Петра Степановича?	UKRAINIAN
ParlaMint-UA_2007-03-22-m1.u12.p1.sent3	Немає, все зрозуміло, сідайте, будь ласка.	UKRAINIAN
ParlaMint-UA_2007-03-22-m1.u12.p2.sent1	Дійсно, тут погоджений варіант я надаю слово ще заступнику голови комітету в справах пенсіонерів, ветеранів та інвалідів Сушкевичу Валерію Михайловичу, будь ласка, мікрофон з місця.	UKRAINIAN
ParlaMint-UA_2007-03-22-m1.u13.p1.sent1	Дякую, Адаме Івановичу.	UKRAINIAN
ParlaMint-UA_2007-03-22-m1.u13.p1.sent2	Шановні колеги, сьогодні на ваш розгляд пропонується законопроект, який має на меті виправити ту ситуацію, яка склалася, про яку сказав Петро Степанович Цибенко.	UKRAINIAN
ParlaMint-UA_2007-03-22-m1.u13.p2.sent1	Дійсно, на протязі останніх пів місяця було звернення багатьох інвалідів війни до комітету, особисто до мене, до народних депутатів, які працюють в нашому комітеті і терміново, практично, в один день і я, і Петро Степанович Цибенко зареєстрували законопроект, який стосується цієї проблеми, проблеми пов’язаної з тим, що торкається, ну, нерозуміння такої законодавчої норми, яка була прописана, яка була підписана Президентом у вигляді закону.	UKRAINIAN
ParlaMint-UA_2007-03-22-m1.u13.p3.sent1	А сталося так, що, фактично, замість 50 відсотків сплати за користування телефоном інвалідам війни, фактично, після цього закону зробили стовідсоткову.	UKRAINIAN
ParlaMint-UA_2007-03-22-m1.u13.p3.sent2	підйом, підвищення оплати за користування телефоном.	UKRAINIAN
ParlaMint-UA_2007-03-22-m1.u13.p3.sent3	Це. такого прецеденту не було.	UKRAINIAN
ParlaMint-UA_2007-03-22-m1.u13.p4.sent1	І, безумовно, наш комітет, бачачи цю ситуацію, і два законопроекти, які на цю тему були написані, до речі вони неповністю ідентичні, але вони на одну тему.	UKRAINIAN
ParlaMint-UA_2007-03-22-m1.u13.p4.sent2	Причому я хотів звернути на те увагу, що законопроектом передбачається не тільки, скажімо, виправлення ситуації законодавчої, більш чіткої, яка забезпечує стовідсоткову пільгу по оплаті телефонів інвалідам війни, але й те, що сказав Петро Степанович Цибенко, що ми могли б повернути за ті два місяці, які наші інваліди війни вимушені були виплачувати за користування телефоном.	UKRAINIAN
ParlaMint-UA_2007-03-22-m1.u13.p4.sent3	І ця норма, яка запропонована особисто мною, вона так увійшла до цього законопроекту.	UKRAINIAN
ParlaMint-UA_2007-03-22-m1.u13.p5.sent1	Шановні колеги, я звернув би вашу увагу на те, що сказав і голова комітет, і про що говорили члени комітету не залежно їх, підпорядкування їх до різних фракцій.	UKRAINIAN
ParlaMint-UA_2007-03-22-m1.u13.p5.sent2	Мова йде про те, що сьогодні будь-яке міністерство, якщо воно нормально працює, і якщо воно отримало до виконання законопроект, новий законопроект, який стосується конкретної норми, повинно бути, аналізуватися ця норма, як і виконувати.	UKRAINIAN
ParlaMint-UA_2007-03-22-m1.u13.p6.sent1	І я не розумію, як профільне міністерство, відповідний департамент не побачив, що погіршана норма для інвалідів війни.	UKRAINIAN
ParlaMint-UA_2007-03-22-m1.u13.p6.sent2	Якщо це сприймається, що воно погіршано.	UKRAINIAN
ParlaMint-UA_2007-03-22-m1.u13.p6.sent3	Тому що було сказано, що фактично це йшло в розділі пільг для інвалідів війни.	UKRAINIAN
ParlaMint-UA_2007-03-22-m1.u13.p6.sent4	Тому для членів комітету, і це звучало на засіданні комітету, абсолютно незрозуміла ситуація, чому почали, вибачте, драти на повну катушку сплату 100 відсотків за користування від інвалідів війни.	UKRAINIAN
ParlaMint-UA_2007-03-22-m1.u13.p7.sent1	І пройшло два місяця, і жодного звернення Управління зв’язку, департаменту відповідного міністерства, „Укртелекому” не було до Верховної Ради.	UKRAINIAN
ParlaMint-UA_2007-03-22-m1.u13.p7.sent2	Подивіться, щось не те.	UKRAINIAN
ParlaMint-UA_2007-03-22-m1.u13.p7.sent3	Просто тупо брали гроші за те, що користування телефоном інвалідів війни, я підкреслюю про це.	UKRAINIAN
ParlaMint-UA_2007-03-22-m1.u13.p8.sent1	Тому я, підсумовуючи ситуацію, яка обговорювалася на засіданні комітету, звертаюся до вас з проханням і з пропозицією від комітету: терміново прийняти цей закон і в першому, і в другому читанні.	UKRAINIAN
ParlaMint-UA_2007-03-22-m1.u13.p8.sent2	Цей законопроект, він має дуже просту структуру і прості положення, які виправляють цю ситуацію, а додатково комітет звернув увагу міністерства транспорту і зв’язку на те, що вони бачили закони, які приймає Верховна Рада, і аналізували, що вони роблять по цим законам.	UKRAINIAN
ParlaMint-UA_2007-03-22-m1.u13.p9.sent1	Дякую за увагу і прошу підтримати і в першому, і в другому читанні закон, який стосується пільги по оплаті телефонів для інвалідів війни.	UKRAINIAN
ParlaMint-UA_2007-03-22-m1.u14.p1.sent1	Дякую, Валерій Михайлович.	UKRAINIAN
ParlaMint-UA_2007-03-22-m1.u14.p2.sent1	Абсолютно все правильно, шановні колеги.	UKRAINIAN
ParlaMint-UA_2007-03-22-m1.u14.p2.sent2	Але з другого боку, я хотів би захистити тих, хто чітко дотримувався букви закону, бо якби всі так працювали і читали і виконували закони, як ті, кому це вигідно, то було б добре.	UKRAINIAN
ParlaMint-UA_2007-03-22-m1.u14.p2.sent3	Бо, на превеликий жаль, мені важко сказати, чия помилка, але дивіться: речення записано таким чином: „Абонентна плата за користування квартирним телефоном встановлюється у розмірі 50 процентів від затверджених тарифів”.	UKRAINIAN
ParlaMint-UA_2007-03-22-m1.u14.p2.sent4	Це зрозуміло – 50.	UKRAINIAN
ParlaMint-UA_2007-03-22-m1.u14.p2.sent5	„А для інвалідів Великої Вітчизняної війни та війни з Японією у розмірі 100 процентів від затверджених тарифів”.	UKRAINIAN
ParlaMint-UA_2007-03-22-m1.u14.p2.sent6	Тобто немає слова „пільга”.	UKRAINIAN
ParlaMint-UA_2007-03-22-m1.u14.p2.sent7	Назва є, але в реченні немає.	UKRAINIAN
ParlaMint-UA_2007-03-22-m1.u14.p3.sent1	І тому, щоб не було ніяких кривотолків, давайте підтримаємо нормальну, правильну редакцію закону і проголосуємо в цілому як закон.	UKRAINIAN
ParlaMint-UA_2007-03-22-m1.u14.p3.sent2	Закон про внесення зміни до статті 13 Закону України „Про статус ветеранів війни, гарантії їх соціального захисту” , реєстраційний номер 3266.	UKRAINIAN
ParlaMint-UA_2007-03-22-m1.u14.p3.sent3	Прошу голосувати.	UKRAINIAN
ParlaMint-UA_2007-03-22-m1.u14.p4.sent1	За-247	UKRAINIAN
ParlaMint-UA_2007-03-22-m1.u14.p5.sent1	Закон прийнято.	UKRAINIAN
ParlaMint-UA_2007-03-22-m1.u14.p5.sent2	По фракціях.	UKRAINIAN
ParlaMint-UA_2007-03-22-m1.u14.p5.sent3	Це хай знають люди, хто про них піклується:	UKRAINIAN
ParlaMint-UA_2007-03-22-m1.u14.p5.sent4	Партія регіонів – 184, „Блок Тимошенко” – 6, „Наша Україна” – 0, соціалісти – 30, комуністів – 21, позафракційні – 6.	UKRAINIAN
ParlaMint-UA_2007-03-22-m1.u14.p6.sent1	Потрібно включити до порядку денного проект Постанови про відзначення 70-річчя з дня народження видатного українського поета Василя Стуса, автор ініціативи Кульчинський Микола Георгійович, реєстраційний номер 3149.	UKRAINIAN
ParlaMint-UA_2007-03-22-m1.u14.p7.sent1	Прошу визначатись.	UKRAINIAN
ParlaMint-UA_2007-03-22-m1.u14.p7.sent2	Ще не включили до порядку денного.	UKRAINIAN
ParlaMint-UA_2007-03-22-m1.u14.p7.sent3	Ще можуть бути проблеми.	UKRAINIAN
ParlaMint-UA_2007-03-22-m1.u14.p8.sent1	За-245	UKRAINIAN
ParlaMint-UA_2007-03-22-m1.u14.p9.sent1	Включено.	RUSSIAN
ParlaMint-UA_2007-03-22-m1.u14.p9.sent2	Будь ласка, слово надається Миколі Георгійовичу Тульчинському.	UKRAINIAN
ParlaMint-UA_2007-03-22-m1.u14.p9.sent3	Підготуватись Яворівському.	UKRAINIAN
ParlaMint-UA_2007-03-22-m1.u14.p9.sent4	Прошу.	UKRAINIAN
ParlaMint-UA_2007-03-22-m1.u15.p1.sent1	Взагалі.	UKRAINIAN
ParlaMint-UA_2007-03-22-m1.u15.p1.sent2	Шановний Адаме Івановичу!	UKRAINIAN
ParlaMint-UA_2007-03-22-m1.u15.p1.sent3	Шановні народні депутати!	UKRAINIAN
ParlaMint-UA_2007-03-22-m1.u15.p1.sent4	Взагалі, дуже тяжко підібрати слова, коли говориш про таку велетенську постать, таку величну людину в українському суспільному житті, якою був Василь Стус.	UKRAINIAN
ParlaMint-UA_2007-03-22-m1.u15.p2.sent1	Тут треба високих слів і високих понять, а в наш вік якось не прийнято говорити пафосно.	UKRAINIAN
ParlaMint-UA_2007-03-22-m1.u15.p2.sent2	Але, тим не менше, життя і творчість, які у Василя Стуса були дивовижно поєднані, рідко в кого є таке єднання творчості і життя як у Василя Стуса.	UKRAINIAN
ParlaMint-UA_2007-03-22-m1.u15.p3.sent1	Він міг би сказати в слід за Тарасом Григоровичем слова: „Мучусь, караюсь, але не каюсь”.	UKRAINIAN
ParlaMint-UA_2007-03-22-m1.u15.p3.sent2	Він міг би сказати також разом з Тарасом Григоровичем слова: „Ми просто йшли, у нас немає зерна, зерна неправди за собою”.	UKRAINIAN
ParlaMint-UA_2007-03-22-m1.u15.p4.sent1	Взагалі, українська історія сповнена великих мучеників, людей, які були неймовірно віддані своєму народові і своїй Україні.	UKRAINIAN
ParlaMint-UA_2007-03-22-m1.u15.p4.sent2	І також сповнена вона трагічних втрат, і трагічних зрад.	UKRAINIAN
ParlaMint-UA_2007-03-22-m1.u15.p5.sent1	До сьогоднішнього дня точаться дискусії, щоб було краще чи Василь Стус відбував би покарання, чи він, безумовно, залишаючись на волі, безумовно, би створив ще більше цінності в літературі, в літературознавстві і, безумовно, був би лауреатом Нобелевської премії.	UKRAINIAN
ParlaMint-UA_2007-03-22-m1.u15.p5.sent2	Але сам Василь Стус – це оголений нерв суспільного життя.	UKRAINIAN
ParlaMint-UA_2007-03-22-m1.u15.p5.sent3	І по-іншому жити він не міг.	UKRAINIAN
ParlaMint-UA_2007-03-22-m1.u15.p5.sent4	І вся його творчість – це біль і відповідь на найпекучіші проблеми українського тогочасного суспільства.	UKRAINIAN
ParlaMint-UA_2007-03-22-m1.u15.p6.sent1	Василь Стус народився 6 січня на Святвечір.	UKRAINIAN
ParlaMint-UA_2007-03-22-m1.u15.p6.sent2	І я закликаю український народ і вас, шановні колеги-депутати, коли ми сідаємо на Святвечір за кутю, поставте в тарілочці і йому ложечку куті і чарку.	UKRAINIAN
ParlaMint-UA_2007-03-22-m1.u15.p6.sent3	Бо, і так закликаю зробити всіх громадян.	UKRAINIAN
ParlaMint-UA_2007-03-22-m1.u15.p6.sent4	А тих, хто ходять до Церкви, віруючі, - замовити і панахиду за нього, бо він, звертаючись до нас, знаючи про неминучу свою смерть, він писав: „Народе мій!	UKRAINIAN
ParlaMint-UA_2007-03-22-m1.u15.p6.sent5	До тебе я ще верну,	UKRAINIAN
ParlaMint-UA_2007-03-22-m1.u15.p7.sent1	Як в смерті обернуся до життя.	UKRAINIAN
ParlaMint-UA_2007-03-22-m1.u15.p8.sent1	Своїм стражданням і незлим обличчям,	UKRAINIAN
ParlaMint-UA_2007-03-22-m1.u15.p9.sent1	Як син, тобі доземно уклонюсь,	UKRAINIAN
ParlaMint-UA_2007-03-22-m1.u15.p10.sent1	І чесно гляну в чесні твої вічі.	UKRAINIAN
ParlaMint-UA_2007-03-22-m1.u15.p11.sent1	І в смерті з рідним краєм поріднюсь”.	UKRAINIAN
ParlaMint-UA_2007-03-22-m1.u15.p12.sent1	Він знав, що він не побачить рідного краю живим.	UKRAINIAN
ParlaMint-UA_2007-03-22-m1.u15.p12.sent2	І ця трагічна смерть позбавила Україну одного з найбільших світових митців.	UKRAINIAN
ParlaMint-UA_2007-03-22-m1.u15.p13.sent1	Дитинство його пройшло на Донеччині.	UKRAINIAN
ParlaMint-UA_2007-03-22-m1.u15.p13.sent2	Я звертаюсь особливо до депутатів від Донеччини підтримати проект цієї постанови.	UKRAINIAN
ParlaMint-UA_2007-03-22-m1.u15.p13.sent3	Я не знаю, яких слів найти, але мені дуже хочеться, щоб ця людина, яка по суті віддала своє життя Україні і своєму народові, і створила геніальні речі, була повернута українському народові в повній мірі.	UKRAINIAN
ParlaMint-UA_2007-03-22-m1.u15.p13.sent4	І це буде крок до спільних загальноукраїнських цінностей всієї України.	UKRAINIAN
ParlaMint-UA_2007-03-22-m1.u15.p14.sent1	Він належав до шестидесятників, представників творчої молоді, які активно боролися за відродження національної культури, протестували проти реставрації сталінізму, закладали основи майбутнього демократичного розвитку України.	UKRAINIAN
ParlaMint-UA_2007-03-22-m1.u15.p14.sent2	В 72-му році Василя Стуса було заарештовано разом з іншими українськими правозахисниками та засуджено до п’яти років таборів і трьох років заслання.	UKRAINIAN
ParlaMint-UA_2007-03-22-m1.u15.p14.sent3	Перебуваючи в ув’язненні в Мордовії продовжував творити поетичні твори, писав заяви-протести проти переслідувань інакодумців РСР, в СРСР.	UKRAINIAN
ParlaMint-UA_2007-03-22-m1.u15.p14.sent4	У серпні 79-го року поет повернувся до Києва , а наприкінці 1979 року вступив до Української гельсенської групи.	UKRAINIAN
ParlaMint-UA_2007-03-22-m1.u15.p14.sent5	За участь у групі знову був заарештований та засуджений на 15 років позбавлення волі.	UKRAINIAN
ParlaMint-UA_2007-03-22-m1.u15.p14.sent6	Покарання відбував у концтаборі в Пермський області.	UKRAINIAN
ParlaMint-UA_2007-03-22-m1.u15.p14.sent7	Життя поета трагічно обірвалося в ніч з 3 на 4 вересня 1985 року.	UKRAINIAN
ParlaMint-UA_2007-03-22-m1.u15.p15.sent1	Позбавлений можливості друкуватися на Батьківщині, видає ряд поетичних збірок за кордоном.	UKRAINIAN
ParlaMint-UA_2007-03-22-m1.u15.p15.sent2	Перша поетична збірка „Зимові дерева”.	UKRAINIAN
ParlaMint-UA_2007-03-22-m1.u15.p15.sent3	Відображення поетичної традиції 60-тидесятників містять глибокий роздум про долю української культури, закликає до протесту проти атмосфери гноблення, несвободи, яка панувала в тогочасному суспільстві.	UKRAINIAN
ParlaMint-UA_2007-03-22-m1.u15.p16.sent1	„Дума Сковороди”, „Останній лист Довженка” , Звіром вити горілку пити” – це пекучі, болючі вірші і разом з тим глибоко філософські.	UKRAINIAN
ParlaMint-UA_2007-03-22-m1.u15.p17.sent1	Найвидатнішим досягненням поету – є збірка „Палімпсести” 1986 році ви йшла, яка стала однією із вершин Української світової поезії 20-го століття.	UKRAINIAN
ParlaMint-UA_2007-03-22-m1.u15.p17.sent2	Навіть перебуваючи в таборах попри нестерпні умови та знущання адміністрації Василь Стус продовжував писати вірші, багато перекладав.	UKRAINIAN
ParlaMint-UA_2007-03-22-m1.u15.p17.sent3	Зокрема з німецької Готе, Рильке.	UKRAINIAN
ParlaMint-UA_2007-03-22-m1.u15.p17.sent4	Останні збірка поета „Птах душі” містить 300 оригінальних поезій та перекладів.	UKRAINIAN
ParlaMint-UA_2007-03-22-m1.u15.p18.sent1	Василь Стус відомий також, як талановитий літературознавець.	UKRAINIAN
ParlaMint-UA_2007-03-22-m1.u15.p18.sent2	Його перу належать статті про творчість Відзинського, Брехта, Готе, Беля.	UKRAINIAN
ParlaMint-UA_2007-03-22-m1.u15.p18.sent3	Ґрунтовне дослідження про поезію Павла Тичини „Феномент доби”.	UKRAINIAN
ParlaMint-UA_2007-03-22-m1.u15.p19.sent1	Поезія Василя Стуса набула світового визнання, ще за життя поета.	UKRAINIAN
ParlaMint-UA_2007-03-22-m1.u15.p19.sent2	Його твори видано в багатьох країнах світу, зокрема в перекладах на англійську, німецьку, російську, португальську, білоруську, чеську мови.	UKRAINIAN
ParlaMint-UA_2007-03-22-m1.u15.p20.sent1	Життя та творчість Василя Стуса яскравий приклад відданості і служіння своєму народові.	UKRAINIAN
ParlaMint-UA_2007-03-22-m1.u15.p20.sent2	Шлях людини і громадянина, який волів умерти, а ніж загубити свою честь, особисту, національну, гідність , совість на догоду владоморцям.	UKRAINIAN
ParlaMint-UA_2007-03-22-m1.u15.p21.sent1	Я дуже прошу, більшість підтримати проект постанови.	UKRAINIAN
ParlaMint-UA_2007-03-22-m1.u15.p21.sent2	Це біда.	UKRAINIAN
ParlaMint-UA_2007-03-22-m1.u16.p1.sent1	Це біда, це правильно.	UKRAINIAN
ParlaMint-UA_2007-03-22-m1.u16.p1.sent2	Це біда, це не меншість – це біда.	UKRAINIAN
ParlaMint-UA_2007-03-22-m1.u16.p1.sent3	Це так Микола Георгійович сказав.	UKRAINIAN
ParlaMint-UA_2007-03-22-m1.u16.p1.sent4	Це ваша фраза, я її просто повторив.	UKRAINIAN
ParlaMint-UA_2007-03-22-m1.u16.p2.sent1	Шановні колеги, є, Мельничук.	UKRAINIAN
ParlaMint-UA_2007-03-22-m1.u16.p2.sent2	Будь ласка, хвилинку дайте йому.	UKRAINIAN
ParlaMint-UA_2007-03-22-m1.u16.p2.sent3	І Самойлик, і Чечетов.	UKRAINIAN
ParlaMint-UA_2007-03-22-m1.u16.p3.sent1	Так, тоді поступимо мудріше.	UKRAINIAN
ParlaMint-UA_2007-03-22-m1.u16.p3.sent2	Мельничук виступить хвилинку, а решта запишемось.	UKRAINIAN
ParlaMint-UA_2007-03-22-m1.u16.p3.sent3	Прошу.	UKRAINIAN
ParlaMint-UA_2007-03-22-m1.u16.p4.sent1	Я не чекав такої активності.	UKRAINIAN
ParlaMint-UA_2007-03-22-m1.u16.p5.sent1	Ввімкніть мікрофон Мельничука, хвилинку.	UKRAINIAN
ParlaMint-UA_2007-03-22-m1.u17.p1.sent1	Михайло Мельничук, фракція Соціалістичної партії України, Чернівецька область.	UKRAINIAN
ParlaMint-UA_2007-03-22-m1.u17.p2.sent1	Шановний Адаме Івановичу, шановні колеги.	UKRAINIAN
ParlaMint-UA_2007-03-22-m1.u17.p2.sent2	Адаме Івановичу, я звертаюся до вас як до головуючого.	UKRAINIAN
ParlaMint-UA_2007-03-22-m1.u17.p2.sent3	Запросіть, будь ласка, до зали депутатів від „Блоку Юлії Тимошенко” і окремих від "Нашої України".	UKRAINIAN
ParlaMint-UA_2007-03-22-m1.u17.p3.sent1	Такі питання, як соціальна підтримка інвалідів, про що вони весь час говорять з телевізора, але не з зали, сьогодні, скажімо, обговорюється дуже історичне питання підтримки 70-річчя Василя Стуса, видатного поета українського, якого поважає вся Україна і весь український народ, про якого неодноразово говорили і депутати від Блоку „Нашої України” і „Батьківщини”.	UKRAINIAN
ParlaMint-UA_2007-03-22-m1.u17.p4.sent1	А сьогодні коли треба приймати рішення, коли треба обговорити і відмітити цю дату, їх немає у залі.	UKRAINIAN
ParlaMint-UA_2007-03-22-m1.u17.p4.sent2	Я б дуже хотів, щоб вони висловили свою думку і все-таки вийшли на роботу кінець-кінцем.	UKRAINIAN
ParlaMint-UA_2007-03-22-m1.u18.p1.sent1	Дякую.	UKRAINIAN
ParlaMint-UA_2007-03-22-m1.u18.p2.sent1	Вийшли у поле.	UKRAINIAN
ParlaMint-UA_2007-03-22-m1.u18.p2.sent2	Вони вийшли у поле.	UKRAINIAN
ParlaMint-UA_2007-03-22-m1.u18.p3.sent1	Так, 5 хвилин.	UKRAINIAN
ParlaMint-UA_2007-03-22-m1.u18.p3.sent2	Будь ласка, по одній хвилині з місця Мірошниченко.	UKRAINIAN
ParlaMint-UA_2007-03-22-m1.u18.p3.sent3	Самойлик підготуватися.	UKRAINIAN
ParlaMint-UA_2007-03-22-m1.u19.p1.sent1	Юрій Мірошниченко, фракція Партії регіонів.	UKRAINIAN
ParlaMint-UA_2007-03-22-m1.u19.p2.sent1	Я передаю слово Ганні Герман.	UKRAINIAN
ParlaMint-UA_2007-03-22-m1.u20.p1.sent1	Ганна Герман і так одержала б, але швидше буде.	UKRAINIAN
ParlaMint-UA_2007-03-22-m1.u20.p1.sent2	Будь ласка.	UKRAINIAN
ParlaMint-UA_2007-03-22-m1.u21.p1.sent1	Я хотіла б висловити думку всієї фракції Партії регіонів і запевнити колегу нашого з "Нашої України", що для нас не треба шукати слів для того, щоб ми підтримали Стуса, тому що ми знаємо, що донецька земля дає Україні, справді, великих синів.	UKRAINIAN
ParlaMint-UA_2007-03-22-m1.u21.p2.sent1	Ми підтримаємо, але ви попробуйте знайти слова для своїх колег, щоб вони хоча б для такої шляхетної справи вернулися і підтримали вас.	UKRAINIAN
ParlaMint-UA_2007-03-22-m1.u21.p3.sent1	Закликаю всіх голосувати за цю постанову.	UKRAINIAN
ParlaMint-UA_2007-03-22-m1.u22.p1.sent1	Катерина Самойлик.	UKRAINIAN
ParlaMint-UA_2007-03-22-m1.u22.p1.sent2	Підготуватися Шибку.	UKRAINIAN
ParlaMint-UA_2007-03-22-m1.u23.p1.sent1	Дякую.	UKRAINIAN
ParlaMint-UA_2007-03-22-m1.u23.p1.sent2	Катерина Самойлик, фракція Комуністичної партії України.	UKRAINIAN
ParlaMint-UA_2007-03-22-m1.u23.p2.sent1	По-перше, Адаме Івановичу, нам все-таки треба, дійсно, визначитись, які дати є ювілейними, по яким датам ми приймаємо рішення, по яким датам відмічаємо там на рівні творчих спілок і таке інше.	UKRAINIAN
ParlaMint-UA_2007-03-22-m1.u23.p2.sent2	Ну треба в цьому навести лад.	UKRAINIAN
ParlaMint-UA_2007-03-22-m1.u23.p2.sent3	Можна багато говорити красивого, але лад треба навести.	UKRAINIAN
ParlaMint-UA_2007-03-22-m1.u23.p3.sent1	І інше.	UKRAINIAN
ParlaMint-UA_2007-03-22-m1.u23.p3.sent2	Я звертаюсь до колеги, який презентував нам постанову щодо ювілею.	UKRAINIAN
ParlaMint-UA_2007-03-22-m1.u23.p3.sent3	Будь ласка, якщо вже говорити про моральність і звертатись до фракції „Регіонів”, ви скажіть, будь ласка, чи морально поступили ви і ваша фракція, яка сьогодні практично не проголосувала за ті законопроекти, які стосуються соціального захисту інвалідів Великої Вітчизняної війни.	UKRAINIAN
ParlaMint-UA_2007-03-22-m1.u23.p3.sent4	Що найсвятіше є?	UKRAINIAN
ParlaMint-UA_2007-03-22-m1.u23.p3.sent5	Що ми можемо зробити для них?	UKRAINIAN
ParlaMint-UA_2007-03-22-m1.u23.p3.sent6	Ми нічого не змогли зробити для них, щоб поліпшити їхнє життя.	UKRAINIAN
ParlaMint-UA_2007-03-22-m1.u23.p4.sent1	І тому ваша постанова – це дуже добре, але те, що ви не проголосували за.	UKRAINIAN
ParlaMint-UA_2007-03-22-m1.u24.p1.sent1	Шибко передає Бокому.	UKRAINIAN
ParlaMint-UA_2007-03-22-m1.u24.p1.sent2	Іван Сидорович, будь ласка.	UKRAINIAN
ParlaMint-UA_2007-03-22-m1.u25.p1.sent1	Іван Бокий, фракція соціалістів.	UKRAINIAN
ParlaMint-UA_2007-03-22-m1.u25.p2.sent1	Я не думаю, що тут когось треба агітувати відзначати ювілей такого геніального художника слова в першу чергу і великого громадянина, як Василь Стус.	UKRAINIAN
ParlaMint-UA_2007-03-22-m1.u25.p2.sent2	Василь Стус – це велика святість українського народу, і він стоїть у ряду таких великих поетів 20 століття, як Павло Тичина, Максим Рильський, Андрій Малишко, Ліна Костенко і Василь Стус.	UKRAINIAN
ParlaMint-UA_2007-03-22-m1.u25.p2.sent3	І тому я думаю, що ми проголосуємо всі одностайно за те, щоб цей ювілей був відзначений на високому державному рівні передусім.	UKRAINIAN
ParlaMint-UA_2007-03-22-m1.u25.p3.sent1	І я знову-таки не можу утриматись від того, що сьогодні тут немає представників „Нашої України” і „Блоку Юлії Тимошенко”, які мали б, я думаю, в першу чергу голосувати за відзначення ювілею Василя Стуса.	UKRAINIAN
ParlaMint-UA_2007-03-22-m1.u25.p3.sent2	Прикро.	UKRAINIAN
ParlaMint-UA_2007-03-22-m1.u25.p3.sent3	Що немає тут і Володимира Яворівського.	UKRAINIAN
ParlaMint-UA_2007-03-22-m1.u25.p3.sent4	Я не думаю, що він – голова Спілки письменників - таким побитом мстить Василеві Стусові за те, що він ненавидів його всіма фібрами душі.	UKRAINIAN
ParlaMint-UA_2007-03-22-m1.u25.p3.sent5	Але я думаю, що.	UKRAINIAN
ParlaMint-UA_2007-03-22-m1.u26.p1.sent1	Пономаренко Георгій, фракція комуністів.	UKRAINIAN
ParlaMint-UA_2007-03-22-m1.u27.p1.sent1	Адаме Івановичу, Катерина Самойлик не закінчила думку.	UKRAINIAN
ParlaMint-UA_2007-03-22-m1.u27.p1.sent2	Я. хай продовжить.	UKRAINIAN
ParlaMint-UA_2007-03-22-m1.u28.p1.sent1	Дайте можливість їй продовжити.	UKRAINIAN
ParlaMint-UA_2007-03-22-m1.u28.p1.sent2	Мікрофон Самойлик.	UKRAINIAN
ParlaMint-UA_2007-03-22-m1.u29.p1.sent1	Я щиро дякую.	UKRAINIAN
ParlaMint-UA_2007-03-22-m1.u29.p1.sent2	Я звичайно не чекала, але я хочу продовжити свій виступ і хочу сказати.	UKRAINIAN
ParlaMint-UA_2007-03-22-m1.u29.p1.sent3	А де ж, скажіть мені, будь ласка, видатні наші письменники сучасності?	UKRAINIAN
ParlaMint-UA_2007-03-22-m1.u29.p1.sent4	Де керівники творчих спілок, які говорять, що сьогодні забувається якраз поезія, наука, духовність занедбана?	UKRAINIAN
ParlaMint-UA_2007-03-22-m1.u29.p1.sent5	Де Таран ?	RUSSIAN
ParlaMint-UA_2007-03-22-m1.u29.p1.sent6	Де Лесь Танюк?	UKRAINIAN
ParlaMint-UA_2007-03-22-m1.u29.p1.sent7	Де Володимир Яворівський?	UKRAINIAN
ParlaMint-UA_2007-03-22-m1.u29.p1.sent8	Де всі інші, які говорять про те, що вони совістю і душею нації?	UKRAINIAN
ParlaMint-UA_2007-03-22-m1.u29.p2.sent1	Я хочу сказати, що треба бути щирим перед народом України.	UKRAINIAN
ParlaMint-UA_2007-03-22-m1.u29.p2.sent2	І ще раз хочу сказати.	UKRAINIAN
ParlaMint-UA_2007-03-22-m1.u29.p2.sent3	Прощення вам за те, що ви не підтримали інвалідів, ніколи не буде.	UKRAINIAN
ParlaMint-UA_2007-03-22-m1.u29.p2.sent4	Інваліди Великої Вітчизняної війни.	UKRAINIAN
ParlaMint-UA_2007-03-22-m1.u30.p1.sent1	Володимир Карпук.	UKRAINIAN
ParlaMint-UA_2007-03-22-m1.u31.p1.sent1	Володимир Карпук, "Наша Україна".	UKRAINIAN
ParlaMint-UA_2007-03-22-m1.u31.p2.sent1	Світле ім’я Василя Стуса не потребує сентенції повчань великих українських педагогів, які навіть і сьогодні стараються вчити як і кого любити Україну.	UKRAINIAN
ParlaMint-UA_2007-03-22-m1.u31.p2.sent2	Згадаймо Стуса.	UKRAINIAN
ParlaMint-UA_2007-03-22-m1.u31.p2.sent3	Він був м’якою, інтелігентною, лагідною людиною зовні, але це людина була дійсно великої мужності і міцніша, ніж криця.	UKRAINIAN
ParlaMint-UA_2007-03-22-m1.u31.p2.sent4	І така людина доводила своїм життя.	UKRAINIAN
ParlaMint-UA_2007-03-22-m1.u31.p2.sent5	Я думаю, що саме тим, хто дуже багато вчить, повинні повчитися саме у Стуса і відзначення книги його сина Дмитра Шевченківською премією – це ще одна пошана українського народу і влади до цього світлого ім’я.	UKRAINIAN
ParlaMint-UA_2007-03-22-m1.u31.p2.sent6	І я думаю, що не треба нікого вчити, ми проголосуємо разом, а потім будемо уже виясняти ті всі обставини.	UKRAINIAN
ParlaMint-UA_2007-03-22-m1.u31.p3.sent1	Дякую.	UKRAINIAN
ParlaMint-UA_2007-03-22-m1.u32.p1.sent1	Обговорення питання завершено.	UKRAINIAN
ParlaMint-UA_2007-03-22-m1.u32.p1.sent2	Я ставлю на голосування Постанову про відзначення 70-річчя з дня народження видатного українського поета Василя Стуса.	UKRAINIAN
ParlaMint-UA_2007-03-22-m1.u32.p1.sent3	Реєстраційний номер 3149.	UKRAINIAN
ParlaMint-UA_2007-03-22-m1.u32.p2.sent1	Прошу голосувати.	UKRAINIAN
ParlaMint-UA_2007-03-22-m1.u32.p3.sent1	За-277	UKRAINIAN
ParlaMint-UA_2007-03-22-m1.u32.p4.sent1	Рішення прийнято.	UKRAINIAN
ParlaMint-UA_2007-03-22-m1.u32.p5.sent1	Шановні колеги.	UKRAINIAN
ParlaMint-UA_2007-03-22-m1.u32.p5.sent2	Зараз, зараз.	UKRAINIAN
ParlaMint-UA_2007-03-22-m1.u32.p5.sent3	По фракціях, будь ласка.	UKRAINIAN
ParlaMint-UA_2007-03-22-m1.u32.p5.sent4	Партія регіонів – 185, Блок Тимошенко – 6, „Наша Україна” – 51, соціалісти – 29, комуністів – 0, „Позафракційні” - 6.	UKRAINIAN
ParlaMint-UA_2007-03-22-m1.u32.p6.sent1	Я хотів би звернути увагу на виступ Катерини Самойлик.	UKRAINIAN
ParlaMint-UA_2007-03-22-m1.u32.p6.sent2	Вона озвучила те, про що ми говорили на останньому засіданні Погоджувальної ради.	UKRAINIAN
ParlaMint-UA_2007-03-22-m1.u32.p6.sent3	Мова йде, дійсно, про те, що ми з вами досить часто приймаємо постанови ювілейного характеру – і виконуємо, по суті, або підміняємо тим самим тих, хто буде займатися цими питаннями.	UKRAINIAN
ParlaMint-UA_2007-03-22-m1.u32.p6.sent4	Бо ми, приймаючи постанову, ми ж все перевалюємо і передаємо Кабінету Міністрів.	UKRAINIAN
ParlaMint-UA_2007-03-22-m1.u32.p6.sent5	Тому й була мова про те, аби ми з вами прийняли рішення і, напевно, або на рік визначали всі, так би мовити, дати і визначали перелік дат, на які треба, щоб Кабінет Міністрів звернув увагу і підготував відповідні рішення.	UKRAINIAN
ParlaMint-UA_2007-03-22-m1.u32.p6.sent6	Бо ми кожного дня продукуємо ці постанови, які можуть бути не підтверджені, і порушуємо, разом з тим, Бюджетний кодекс, бо ми вимагаємо бюджетних коштів.	UKRAINIAN
ParlaMint-UA_2007-03-22-m1.u32.p7.sent1	І тому давайте ми домовимося, що все-таки на наступний рік ми приймемо рішення про те, які дати ми визначимо, перелік тих, які треба відзначити на рівні Кабінету Міністрів, на рівні держави.	UKRAINIAN
ParlaMint-UA_2007-03-22-m1.u32.p7.sent2	І бажано, щоб це ми з вами прийняли до прийняття Бюджетної резолюції або разом з Бюджетною резолюцією, тобто в першому півріччі.	UKRAINIAN
ParlaMint-UA_2007-03-22-m1.u32.p7.sent3	Тоді, коли буде складати Кабмін уже законопроект про бюджет, щоб він міг врахувати, бо наші постанови можуть у багатьох випадках виявитися просто постановами, не підкріплені матеріально.	UKRAINIAN
ParlaMint-UA_2007-03-22-m1.u32.p8.sent1	Потрібно включити до порядку денного проект Закону про заходи державної підтримки та стимулювання розвитку виробництва мінеральних добрив в Україні, реєстраційний номер 3197.	UKRAINIAN
ParlaMint-UA_2007-03-22-m1.u32.p8.sent2	Надзвичайно актуальний закон.	UKRAINIAN
ParlaMint-UA_2007-03-22-m1.u32.p8.sent3	Прошу підтримати.	UKRAINIAN
ParlaMint-UA_2007-03-22-m1.u32.p8.sent4	Голосуємо.	UKRAINIAN
ParlaMint-UA_2007-03-22-m1.u32.p9.sent1	За-242	UKRAINIAN
ParlaMint-UA_2007-03-22-m1.u32.p10.sent1	242 народних депутати підтримали цю ідею, будемо переходити до обговорення.	UKRAINIAN
ParlaMint-UA_2007-03-22-m1.u32.p11.sent1	Будь ласка, Кунченко Олексій Петрович - автор законодавчої ініціативи.	UKRAINIAN
ParlaMint-UA_2007-03-22-m1.u32.p11.sent2	Підготуватися Матвієнкову.	UKRAINIAN
ParlaMint-UA_2007-03-22-m1.u33.p1.sent1	Уважаемый Адам Иванович, уважаемые народные депутаты, уважаемые избиратели, сегодня на ваше рассмотрение предлагается проект закона о мерах государственной поддержки и стимулирования развития производства минеральных удобрений в Украине.	RUSSIAN
ParlaMint-UA_2007-03-22-m1.u33.p1.sent2	Необходимость принятия такого закона вызвана весьма серьезными причинами, их последствия таят в себе угрозу для химической промышленности и экономики Украины в целом.	RUSSIAN
ParlaMint-UA_2007-03-22-m1.u33.p2.sent1	В связи с ростом цены на природный газ, начиная с 2006 года и особенно с первого января 2007 года, 6 ведущих химический предприятий Украины, ориентированных на выпуск минеральных удобрений, оказались на грани краха.	RUSSIAN
ParlaMint-UA_2007-03-22-m1.u33.p2.sent2	Для этих предприятий, а именно Днепродзержинский «Азот», Северодонецкий «Азот», Черкасский «Азот», Ровенский «Азот», Горловский «Стирол» и Одесский припортовый завод природный газ является основным технологическим сырьем и замена его на другой вид сырья, практически, невозможна.	RUSSIAN
ParlaMint-UA_2007-03-22-m1.u33.p3.sent1	Общее потребление газа этими предприятиями ежегодно составляет около 8 миллиардов метров кубических.	RUSSIAN
ParlaMint-UA_2007-03-22-m1.u33.p3.sent2	Указанные химические предприятия производители минеральных удобрений определяют в целом финансово-экономическую деятельность всей химической промышленности Украины.	RUSSIAN
ParlaMint-UA_2007-03-22-m1.u33.p3.sent3	На них приходится порядка 40 процентов объема производства химической продукции и объема экспортных поставок химтоваров.	RUSSIAN
ParlaMint-UA_2007-03-22-m1.u33.p4.sent1	На долю этих предприятий приходится 70 процентов поступления в государственный бюджет.	RUSSIAN
ParlaMint-UA_2007-03-22-m1.u33.p4.sent2	При существующей сегодня цене природного газа 180-190 долларов Соединенных Штатов за 1000 метров кубических на задвижки завода с НДС и вполне вероятном ее росте до уровня среднеевропейского, наши отечественные химические предприятия, в себестоимости которых природный газ занимает от 50 до 80 процентов, не выдержат никакой конкуренции и будут просто остановлены.	RUSSIAN
ParlaMint-UA_2007-03-22-m1.u33.p5.sent1	Предприятия, на которых срок эксплуатации оборудования превышает 30, а то и более 50 лет, срочно нуждается в коренной реконструкции, техперевооружения.	RUSSIAN
ParlaMint-UA_2007-03-22-m1.u33.p5.sent2	Им необходимо современное оборудование, новые эффективные энергосберегающие технологии.	RUSSIAN
ParlaMint-UA_2007-03-22-m1.u33.p5.sent3	Для этого нужны большие средства и главное – время.	RUSSIAN
ParlaMint-UA_2007-03-22-m1.u33.p6.sent1	Я хочу напомнить, что вокруг этих предприятий порядка 200 тысяч рабочих мест.	RUSSIAN
ParlaMint-UA_2007-03-22-m1.u33.p6.sent2	Это монтажники, строители.	RUSSIAN
ParlaMint-UA_2007-03-22-m1.u33.p6.sent3	Ряд этих предприятий является градообразующим в своих городах, и 70 процентов являются наполнителями местного бюджета.	RUSSIAN
ParlaMint-UA_2007-03-22-m1.u33.p6.sent4	Это Горловка, Северодонецк, Ровно, Днепродзержинск.	RUSSIAN
ParlaMint-UA_2007-03-22-m1.u33.p7.sent1	Сегодня эти предприятия могут заработать средства.	RUSSIAN
ParlaMint-UA_2007-03-22-m1.u33.p7.sent2	Также будут привлечены инвестиции.	RUSSIAN
ParlaMint-UA_2007-03-22-m1.u33.p7.sent3	А вот со временем проблема.	RUSSIAN
ParlaMint-UA_2007-03-22-m1.u33.p7.sent4	Химические предприятия, производящие минеральные удобрения, как никогда, нуждаются в государственной поддержке.	RUSSIAN
ParlaMint-UA_2007-03-22-m1.u33.p7.sent5	Именно на это направлен законопроект, предлагаемый вашему вниманию.	RUSSIAN
ParlaMint-UA_2007-03-22-m1.u33.p8.sent1	Главною целью Закона о мерах государственной поддержки и стимулирования развития производства минеральных удобрений в Украине является минимизация негативного влияния на развитие химической промышленности, повышения цены на природный газ.	RUSSIAN
ParlaMint-UA_2007-03-22-m1.u33.p8.sent2	Проект закона предусматривает разработку мероприятий, направленных на смягчение отрицательных экономических последствий для химической отрасли, обеспечения продовольственной безопасности страны, создание благоприятных условий для привлечения инвестиций, необходимых на обновление и модернизацию основных активов с внедрением современных энергосберегающих технологий.	RUSSIAN
ParlaMint-UA_2007-03-22-m1.u33.p9.sent1	В числе основных направлений государственной поддержки и стимулирования развития производства минеральных удобрений, предлагаемых нашим законопроектом, и предоставление государством дотаций производителям сельхозпродукции растительного происхождения на приобретение минеральных удобрений отечественного производства, в том числе, если они приобретаются для собственных сельскохозяйственных потребностей.	RUSSIAN
ParlaMint-UA_2007-03-22-m1.u33.p10.sent1	Средства на выплату дотаций производителям сельскохозяйственной продукции растительного происхождения с учетом требований Бюджетного кодекса Украины будут выделяться согласно соответствующей статье Закона о государственной поддержке сельского хозяйства в Украине.	RUSSIAN
ParlaMint-UA_2007-03-22-m1.u33.p11.sent1	Для нас очень важно, чтобы наши азотные удобрения продавались именно на внутреннем рынке, использовались именно нашими украинскими аграриями.	RUSSIAN
ParlaMint-UA_2007-03-22-m1.u33.p11.sent2	Логика тут понятна и проста: если украинские поля будут обрабатываться высококачественными отечественными удобрениями, то результат будет соответствующим.	RUSSIAN
ParlaMint-UA_2007-03-22-m1.u33.p12.sent1	И последнее.	RUSSIAN
ParlaMint-UA_2007-03-22-m1.u33.p12.sent2	Прежде чем закон попал на рассмотрение в сессионный зал, мы провели серьезные консультации, провели ряд совместных совещаний в Кабинете Министров, у вице-премьера Клюева Андрея Петровича с участием Министерства промышленной политики, Министерства финансов, Министерства экономики, ГНА Украины.	RUSSIAN
ParlaMint-UA_2007-03-22-m1.u33.p12.sent3	И я от авторов благодарю первого вице-премьера Азарова, вице-премьера Клюева за практическую помощь.	RUSSIAN
ParlaMint-UA_2007-03-22-m1.u33.p12.sent4	Практически, все, что внесено в проект закона, как бы согласовано и нашло поддержку со стороны Кабинета Министров.	RUSSIAN
ParlaMint-UA_2007-03-22-m1.u33.p13.sent1	Поэтому просил бы народных депутатов поддержать этот законопроект в первом чтении.	RUSSIAN
ParlaMint-UA_2007-03-22-m1.u33.p13.sent2	Спасибо.	RUSSIAN
ParlaMint-UA_2007-03-22-m1.u34.p1.sent1	Дякую, Олексій Петрович.	UKRAINIAN
ParlaMint-UA_2007-03-22-m1.u34.p2.sent1	Благодарите и просите, бо благодарности мало, хай дають гроші ще.	UKRAINIAN
ParlaMint-UA_2007-03-22-m1.u34.p2.sent2	У підтримку.	UKRAINIAN
ParlaMint-UA_2007-03-22-m1.u34.p3.sent1	Будь ласка, чи є запитання?	UKRAINIAN
ParlaMint-UA_2007-03-22-m1.u34.p3.sent2	Немає?	UKRAINIAN
ParlaMint-UA_2007-03-22-m1.u34.p3.sent3	Сідайте.	UKRAINIAN
ParlaMint-UA_2007-03-22-m1.u34.p4.sent1	Матвієнков Сергій Анатолійович, голова Комітету з питань.	UKRAINIAN
ParlaMint-UA_2007-03-22-m1.u34.p5.sent1	Є питання?	UKRAINIAN
ParlaMint-UA_2007-03-22-m1.u34.p5.sent2	Будь ласка, Олексій Петрович, Поверніться.	UKRAINIAN
ParlaMint-UA_2007-03-22-m1.u34.p5.sent3	Бабурін?	UKRAINIAN
ParlaMint-UA_2007-03-22-m1.u34.p5.sent4	Будь ласка, мікрофон Бабуріна.	UKRAINIAN
ParlaMint-UA_2007-03-22-m1.u34.p5.sent5	Достатньо і Бабуріна, він висловить всі ваші думки, Катерина Семенівна.	UKRAINIAN
ParlaMint-UA_2007-03-22-m1.u35.p1.sent1	Уважаемый докладчик!	RUSSIAN
ParlaMint-UA_2007-03-22-m1.u35.p1.sent2	Бабурин, фракция коммунистов, Запорожье.	RUSSIAN
ParlaMint-UA_2007-03-22-m1.u35.p2.sent1	Ну, перечисляются в вашем законе предприятия, которые должны получить эти льготы.	RUSSIAN
ParlaMint-UA_2007-03-22-m1.u35.p2.sent2	И я смотрю на эти предприятия, они уже давно не государственные, имеют своих собственников.	RUSSIAN
ParlaMint-UA_2007-03-22-m1.u35.p2.sent3	И получается миллиард из бюджета мы отдаем на пильгы, а этим самым, там написано, 350 миллионов идет на модернизацию.	RUSSIAN
ParlaMint-UA_2007-03-22-m1.u35.p2.sent4	Это идет на капитализацию.	RUSSIAN
ParlaMint-UA_2007-03-22-m1.u35.p3.sent1	И я не удивлюсь, если в следующем году у нас уже будет не семь миллиардеров в Украине, а четырнадцать, а у кого был один миллиард, будет два миллиарда.	RUSSIAN
ParlaMint-UA_2007-03-22-m1.u35.p3.sent2	И так далее.	RUSSIAN
ParlaMint-UA_2007-03-22-m1.u35.p4.sent1	Ответьте вот, пожалуйста, или рассейте мои сомнения.	RUSSIAN
ParlaMint-UA_2007-03-22-m1.u36.p1.sent1	Я вам отвечаю на ваш вопрос следующим образом.	RUSSIAN
ParlaMint-UA_2007-03-22-m1.u36.p2.sent1	Значит, комиссия, которая.	RUSSIAN
ParlaMint-UA_2007-03-22-m1.u36.p2.sent2	рабочая группа, которая готовила этот законопроект, она, практически, заключила в себя все эти предприятия и плюс те, предприятия, которые не вошли и которые, практически, получают сырье с этих предприятий – это «Крымский титан», «Сумыхимпром».	RUSSIAN
ParlaMint-UA_2007-03-22-m1.u36.p3.sent1	Значит, мы посчитали, что на этих предприятиях есть инвестиционные проекты на сумму 1,2 миллиарда долларов.	RUSSIAN
ParlaMint-UA_2007-03-22-m1.u36.p3.sent2	То есть те льготы, о которых вы говорите миллиард гривен, они несоизмеримы, в течении этих 5 лет по мере внедрения этих мероприятий инвестиционных проектов увеличивается отчисление в бюджет в виде государственных налогов.	RUSSIAN
ParlaMint-UA_2007-03-22-m1.u36.p3.sent3	Поэтому они будут с лихвой за эти 5 лет, на которые будут распространяться льготы, они будут с лихвой, как говорится, покрыты.	RUSSIAN
ParlaMint-UA_2007-03-22-m1.u36.p3.sent4	Но государство должно дать посыл инвесторам-акционерам в том, что оно будет поддерживать их и, что можно будет эти ресурсы вкладывать в развитие этих предприятий.	RUSSIAN
ParlaMint-UA_2007-03-22-m1.u37.p1.sent1	Дякую.	UKRAINIAN
ParlaMint-UA_2007-03-22-m1.u37.p1.sent2	Сідайте, будь ласка.	UKRAINIAN
ParlaMint-UA_2007-03-22-m1.u37.p1.sent3	Йдіть поспілкуйтесь з ним поки буде Матвієнков доповідати.	UKRAINIAN
ParlaMint-UA_2007-03-22-m1.u38.p1.sent1	Уважаемые коллеги, Матвиенков, фракция Социалистической партии.	RUSSIAN
ParlaMint-UA_2007-03-22-m1.u38.p2.sent1	Комитет по вопросам промышленной регуляторной политики предпринимательства на заседании 20 марта 2007 года рассмотрел внесенные народными депутатами Кунченко, Лапиным, Лопушанским и Янковским законопроект о мерах по государственной поддержки и стимулированию развития минеральных удобрений в Украине.	RUSSIAN
ParlaMint-UA_2007-03-22-m1.u38.p3.sent1	Основная задача законопроекта – это минимизация негативного вливания на развитие химической промышленности Украины, роста цен на природный газ, а также разработка мероприятий направленных на обеспечение благоприятных условий для привлечения инвестиций с целью обновления, модернизации основных активов отраслей.	RUSSIAN
ParlaMint-UA_2007-03-22-m1.u38.p4.sent1	Главное Научно-экспертное управления аппарата Верховной Рады Украины в своем заключении отмечает, что для решения данных проблем более целесообразно может быть было бы использовать меры государственной программы поддержки развития производственно-минеральных удобрений в Украине в соответствии с требованием Закона «О государственной целевой программе».	RUSSIAN
ParlaMint-UA_2007-03-22-m1.u38.p4.sent2	Но во время обсуждения законопроекта на заседании комитета было отмечено, что вопросы урегулирования проблемы предприятий, для которых газ является технологическим сырьем чрезвычайно важны, что они первыми попадают под ценовое давление повышения стоимости газа.	RUSSIAN
ParlaMint-UA_2007-03-22-m1.u38.p4.sent3	Поэтому данная проблема требует незамедлительного решения.	RUSSIAN
ParlaMint-UA_2007-03-22-m1.u38.p5.sent1	В связи с этим члены комитета Проект Закона Украины о мерах по государственное поддержки и стимулирования развития минеральных удобрений в Украине поддержали и приняли решение рекомендовать Верховной Раде Украины принять его за основу.	RUSSIAN
ParlaMint-UA_2007-03-22-m1.u38.p5.sent2	Прошу поддержать решение комитета.	RUSSIAN
ParlaMint-UA_2007-03-22-m1.u38.p5.sent3	Спасибо.	RUSSIAN
ParlaMint-UA_2007-03-22-m1.u39.p1.sent1	Дякую.	UKRAINIAN
ParlaMint-UA_2007-03-22-m1.u39.p1.sent2	Чи є бажаючі взяти участь в обговоренні?	UKRAINIAN
ParlaMint-UA_2007-03-22-m1.u39.p1.sent3	Підніміть руки.	UKRAINIAN
ParlaMint-UA_2007-03-22-m1.u39.p1.sent4	Бачу, бачу.	UKRAINIAN
ParlaMint-UA_2007-03-22-m1.u39.p1.sent5	Тоді запишіться, хто хоче, запишіться від фракцій.	UKRAINIAN
ParlaMint-UA_2007-03-22-m1.u39.p1.sent6	Так, Болдирєв.	UKRAINIAN
ParlaMint-UA_2007-03-22-m1.u39.p1.sent7	Кому передає слово?	UKRAINIAN
ParlaMint-UA_2007-03-22-m1.u39.p1.sent8	Юрій Болдирєв, кому?	UKRAINIAN
ParlaMint-UA_2007-03-22-m1.u39.p1.sent9	Броннікову?	UKRAINIAN
ParlaMint-UA_2007-03-22-m1.u39.p1.sent10	Янковський?	UKRAINIAN
ParlaMint-UA_2007-03-22-m1.u39.p1.sent11	Будь ласка.	UKRAINIAN
ParlaMint-UA_2007-03-22-m1.u39.p1.sent12	Прошу, мікрофон.	UKRAINIAN
ParlaMint-UA_2007-03-22-m1.u39.p1.sent13	Три хвилини.	UKRAINIAN
ParlaMint-UA_2007-03-22-m1.u40.p1.sent1	Уважаемый Адам Иванович, уважаемые коллеги!	RUSSIAN
ParlaMint-UA_2007-03-22-m1.u40.p1.sent2	Я хотел бы сказать, что этот закон нужно рассматривать в двух плоскостях.	RUSSIAN
ParlaMint-UA_2007-03-22-m1.u40.p1.sent3	Первую нам сказал докладчик.	RUSSIAN
ParlaMint-UA_2007-03-22-m1.u40.p1.sent4	А вторая – что идет развитие и поддержка производителей минеральных удобрений через сельское хозяйство.	RUSSIAN
ParlaMint-UA_2007-03-22-m1.u40.p1.sent5	Таким образом, будут датироваться сельскохозяйственные производители, которые будут закупать минеральные удобрения.	RUSSIAN
ParlaMint-UA_2007-03-22-m1.u40.p1.sent6	В противном случае через несколько лет в Украине не будет производителей минеральных удобрений.	RUSSIAN
ParlaMint-UA_2007-03-22-m1.u40.p1.sent7	И тогда сельскохозяйственные производители будут закупать ее по 300-400 евро, как сегодня цена в Европе.	RUSSIAN
ParlaMint-UA_2007-03-22-m1.u40.p2.sent1	Поэтому те один миллиард, они сразу компенсируются 350 млрд. дол.	RUSSIAN
ParlaMint-UA_2007-03-22-m1.u40.p2.sent2	Там цифры записаны, миллиард гривен и 350 млн. дол.	RUSSIAN
ParlaMint-UA_2007-03-22-m1.u40.p2.sent3	Поэтому я считаю, что крайне необходимо это для такого сегмента нашей экономики как аграрный сектор и химическая промышленность.	RUSSIAN
ParlaMint-UA_2007-03-22-m1.u40.p2.sent4	Кстати, сегодня у нашего соседа – России, который усиленно вытесняет украинских производителей за счет того, что поставляет по депинговым ценам ту же аммиачную силитру, развиваются, создаются технопарки химические.	RUSSIAN
ParlaMint-UA_2007-03-22-m1.u40.p2.sent5	В частности в Казани на 300 квадратных тысяч километров.	RUSSIAN
ParlaMint-UA_2007-03-22-m1.u40.p3.sent1	Поэтому, я думаю, что нам нужно тоже научиться конкурировать.	RUSSIAN
ParlaMint-UA_2007-03-22-m1.u40.p3.sent2	И уверен, что эти деньги, которые даже с разной собственностью предприятий, хотя там имеется три предприятия с государственной формой собственности, они вернутся обязательно в местные бюджеты, которые предприятия являются градообразующими и, которые в бюджеты сегодня, например, Горловку концерн „Стирол” - 70 процентов в бюджет в городской, плюс государственный бюджет.	RUSSIAN
ParlaMint-UA_2007-03-22-m1.u40.p3.sent3	Также само и другие градообразующие предприятия являются очень важными для городов.	RUSSIAN
ParlaMint-UA_2007-03-22-m1.u40.p3.sent4	Важное социальное значение.	RUSSIAN
ParlaMint-UA_2007-03-22-m1.u40.p3.sent5	Это, по сути дела, кластеры экономики.	RUSSIAN
ParlaMint-UA_2007-03-22-m1.u40.p4.sent1	Поэтому я просил бы очень всех отнестись к этому закону, но с такой общегосударственной точкой зрения и поддержать.	RUSSIAN
ParlaMint-UA_2007-03-22-m1.u40.p4.sent2	Спасибо за внимание.	RUSSIAN
ParlaMint-UA_2007-03-22-m1.u41.p1.sent1	Дякую.	UKRAINIAN
ParlaMint-UA_2007-03-22-m1.u41.p1.sent2	Катерина Самойлик, будь ласка.	UKRAINIAN
ParlaMint-UA_2007-03-22-m1.u41.p1.sent3	Можете і трибуну, якщо є бажання.	UKRAINIAN
ParlaMint-UA_2007-03-22-m1.u42.p1.sent1	Так ні, я вже мабуть краще з місця.	UKRAINIAN
ParlaMint-UA_2007-03-22-m1.u42.p2.sent1	Шановний Адаме Івановичу, шановні радіослухачі.	UKRAINIAN
ParlaMint-UA_2007-03-22-m1.u42.p2.sent2	Звичайно, я подивилася, що треба внести зміни до таких законів, як про єдиний митний тариф, про податок на додану вартість, про внесення змін до Закону України „Про Державний бюджет України”, про оподаткування прибутку підприємств і таке інше.	UKRAINIAN
ParlaMint-UA_2007-03-22-m1.u42.p3.sent1	Ось я уявляю, що я зараз вийшла на трибуну і попросила б вам оце такі величезні пільги, чи для молодіжного житлового будівництва.	UKRAINIAN
ParlaMint-UA_2007-03-22-m1.u42.p3.sent2	Чи для іншого.	UKRAINIAN
ParlaMint-UA_2007-03-22-m1.u42.p4.sent1	Я представляю, який би вий стояв би в цьому залі і , навіть, уявляю хто не проголосував би за це.	UKRAINIAN
ParlaMint-UA_2007-03-22-m1.u42.p5.sent1	Але, звичайно, фракція Комуністичної партії України з застереженням буде голосувати за цей законопроект, але ми все-таки за те, щоб в комплексі підійти до питань, вирішення питань, які пов’язані з роботою агропромислового комплексу.	UKRAINIAN
ParlaMint-UA_2007-03-22-m1.u42.p6.sent1	Адаме Івановичу, ви подивіться, що робиться?	UKRAINIAN
ParlaMint-UA_2007-03-22-m1.u42.p6.sent2	30-ти відсоткова допомога при виробництві нашого вітчизняного сільгоспмашинобудування.	UKRAINIAN
ParlaMint-UA_2007-03-22-m1.u42.p6.sent3	Вона куди, ви думаєте, іде?	UKRAINIAN
ParlaMint-UA_2007-03-22-m1.u42.p6.sent4	Вона іде на закупівлю іноземної техніки, іноземної, своє гнобимо, своє знищуємо , а державні кошти направляємо на закупівлю іноземної техніки.	UKRAINIAN
ParlaMint-UA_2007-03-22-m1.u42.p6.sent5	Я ніколи не бачила ще в цій сесійній залі, в тому числі за цей рік жодного законопроекту, який би чітко і ясно прописував а як же ми піднімемо людей сільських, як ми допоможемо шляхом пільг об’єднатися їм у великі підприємства.	UKRAINIAN
ParlaMint-UA_2007-03-22-m1.u42.p6.sent6	Як ми допоможемо їм придбати техніку виробництва вітчизняного і сільхозтехніки.	UKRAINIAN
ParlaMint-UA_2007-03-22-m1.u42.p7.sent1	І тому, виробництво – добре, і підтримка оцих підприємств, багатющих підприємств, по чесному нада сказати, не брехати, не обманювати нікого, багатющих підприємств це є якась десята доля, і вона не вирішить питання підтримки агропромислового комплексу в цілому.	UKRAINIAN
ParlaMint-UA_2007-03-22-m1.u42.p8.sent1	І тому я б просила колег народних депутатів України, ми повинні у комплексі вирішувати питання, а не лобіювати лише ті питання, які приносять якісь, будемо говорити, навіть моральний хай буде зиск.	UKRAINIAN
ParlaMint-UA_2007-03-22-m1.u42.p8.sent2	Я ще раз підкреслюю, ми підтримаємо цей законопроект.	UKRAINIAN
ParlaMint-UA_2007-03-22-m1.u42.p8.sent3	Але хочу звернути увагу до автора: не правильно все це, ми підтримуємо тих, хто і так зажирно живе.	UKRAINIAN
ParlaMint-UA_2007-03-22-m1.u42.p8.sent4	А тим, кому, дійсно, потрібна підтримка, ми, на превеликий жаль, забули з вами.	UKRAINIAN
ParlaMint-UA_2007-03-22-m1.u42.p8.sent5	Думаю, що до цього питання треба повернутися.	UKRAINIAN
ParlaMint-UA_2007-03-22-m1.u43.p1.sent1	Тарасов передає Мельничуку.	UKRAINIAN
ParlaMint-UA_2007-03-22-m1.u43.p2.sent1	Будь ласка, Михайло Васильович.	UKRAINIAN
ParlaMint-UA_2007-03-22-m1.u44.p1.sent1	Михайло Мельничук, фракція Соціалістичної партії України, Чернівецька область.	UKRAINIAN
ParlaMint-UA_2007-03-22-m1.u44.p2.sent1	Шановний Адаме Івановичу, шановні колеги, шановні телеглядачі і радіослухачі.	UKRAINIAN
ParlaMint-UA_2007-03-22-m1.u44.p2.sent2	Вчора обговорювався дуже важливий для селян закон.	UKRAINIAN
ParlaMint-UA_2007-03-22-m1.u44.p2.sent3	Сьогодні ми обговорюємо з вами питання про те, як здешевити, скажімо, мінеральні добрива, і щоб вони під контролем Верховної Ради , Кабінету Міністрів прийшли до селян.	UKRAINIAN
ParlaMint-UA_2007-03-22-m1.u44.p2.sent4	Це вже третій рік, коли ми обговорюємо питання розвитку хімічної промисловості.	UKRAINIAN
ParlaMint-UA_2007-03-22-m1.u44.p2.sent5	І далі обговорення це питання не рухається.	UKRAINIAN
ParlaMint-UA_2007-03-22-m1.u44.p3.sent1	Я звертаюся до депутатів антикризової коаліції, до моїх колег, давайте ми з вами продемонструємо всій Україні і всьому селянству України, що ми здатні з вами прийняти в першому читанні даний законопроект з застереженням наших колег і друзів з комуністичної фракції, і що ми до другого читання доопрацюємо і зведемо, скажімо, нанівець ті застереження, які звучали сьогодні в залі, але підтримуємо хімічну промисловість, бо це наша українська промисловість, вона не чужа і не чужда українському народу, ця промисловість здатна дати дешеві добрива сільському господарству.	UKRAINIAN
ParlaMint-UA_2007-03-22-m1.u44.p4.sent1	300-400 кг діючої речовини сьогодні весною треба внести на кожний гектар засіву озимих, при посіві дати не менше, скажімо, хоча би 200 кг фізичної ваги селітри.	UKRAINIAN
ParlaMint-UA_2007-03-22-m1.u44.p4.sent2	Немає сьогодні цього на селі.	UKRAINIAN
ParlaMint-UA_2007-03-22-m1.u44.p4.sent3	Чого ми очікуємо восени, якого врожаю?	UKRAINIAN
ParlaMint-UA_2007-03-22-m1.u44.p4.sent4	Чи будемо ми з хлібом?	UKRAINIAN
ParlaMint-UA_2007-03-22-m1.u44.p4.sent5	І сьогодні я хочу сказати, про це дбає антикризова коаліція, а ледарі сьогодні не ходять на роботу, їм не цікаві ні інваліди, ні сільське господарство, ні хімічна промисловість, їх цікавить одне – посади, посада Прем’єра, міністрів і так далі.	UKRAINIAN
ParlaMint-UA_2007-03-22-m1.u44.p4.sent6	І я думаю, що якщо не ми з вами, шановні депутати антикризової коаліції.	UKRAINIAN
ParlaMint-UA_2007-03-22-m1.u45.p1.sent1	Ближче до мінеральних добрив і хімії.	UKRAINIAN
ParlaMint-UA_2007-03-22-m1.u46.p1.sent1	Якщо ми не зробимо цей крок сьогодні, то за нас ніхто не зробить, щоб ви знали.	UKRAINIAN
ParlaMint-UA_2007-03-22-m1.u46.p1.sent2	На наш чекає український народ вирішення тих проблем, які є сьогодні по всім напрямкам, тому що до тієї сторони можна вже і не прислухатись, вони вирішують інші питання: чи похід на Київ, чи із Києва похід десь в іншу частину нашої держави, а, може, і за кордон.	UKRAINIAN
ParlaMint-UA_2007-03-22-m1.u46.p2.sent1	Я закликаю підтримати даний законопроект, тому що він, скажімо, поданий фахівцями.	UKRAINIAN
ParlaMint-UA_2007-03-22-m1.u46.p2.sent2	І Олексій Петрович у нас в цій промисловості пропрацював все своє життя.	UKRAINIAN
ParlaMint-UA_2007-03-22-m1.u46.p2.sent3	А застереження, я думаю, ми знімемо до другого читання.	UKRAINIAN
ParlaMint-UA_2007-03-22-m1.u46.p2.sent4	Дякую.	UKRAINIAN
ParlaMint-UA_2007-03-22-m1.u47.p1.sent1	Хвилину Ткаченко Олександр Миколайович, будь ласка, ввімкніть мікрофон.	UKRAINIAN
ParlaMint-UA_2007-03-22-m1.u48.p1.sent1	Ткаченко, фракція комуністів.	UKRAINIAN
ParlaMint-UA_2007-03-22-m1.u48.p2.sent1	Шановні друзі, питання безперечно державної ваги.	UKRAINIAN
ParlaMint-UA_2007-03-22-m1.u48.p2.sent2	І те, що підтримать його – безперечно питань немає, потрібно підтримать.	UKRAINIAN
ParlaMint-UA_2007-03-22-m1.u48.p2.sent3	Но ми зрозуміймо одне, сьогодні виробляється 5 мільйонів в діючій речовині мінеральних добрив, експортується 90 процентів.	UKRAINIAN
ParlaMint-UA_2007-03-22-m1.u48.p2.sent4	За який хліб, за який цукор іде мова?	UKRAINIAN
ParlaMint-UA_2007-03-22-m1.u48.p2.sent5	90 процентів експорта!	UKRAINIAN
ParlaMint-UA_2007-03-22-m1.u48.p2.sent6	22 мільйона валу хліба збирає вмісто 53, що було в 90-му році.	UKRAINIAN
ParlaMint-UA_2007-03-22-m1.u48.p2.sent7	22 мільйони цукрових буряків вмісто 53 мільйонів!	UKRAINIAN
ParlaMint-UA_2007-03-22-m1.u48.p2.sent8	І ми сьогодні.	UKRAINIAN
ParlaMint-UA_2007-03-22-m1.u48.p2.sent9	Нада допомогти.	UKRAINIAN
ParlaMint-UA_2007-03-22-m1.u48.p2.sent10	Но ви в минулому році одержали 6 мільярдів чистих прибутків.	UKRAINIAN
ParlaMint-UA_2007-03-22-m1.u48.p2.sent11	Куди ви гроші вкладаєте?	UKRAINIAN
ParlaMint-UA_2007-03-22-m1.u48.p2.sent12	В яку модернізацію?	UKRAINIAN
ParlaMint-UA_2007-03-22-m1.u48.p3.sent1	Я розумію, нам нада піддержать, но, шановні друзі, зароблять такий капітал і вкладать за кордоном інвестувать чужу державу – гріх!	UKRAINIAN
ParlaMint-UA_2007-03-22-m1.u48.p3.sent2	Вам от Бога гріх!	UKRAINIAN
ParlaMint-UA_2007-03-22-m1.u48.p4.sent1	І просить у бідних людей – дайте ще копійку!	UKRAINIAN
ParlaMint-UA_2007-03-22-m1.u48.p5.sent1	Нам в село треба вкладать.	UKRAINIAN
ParlaMint-UA_2007-03-22-m1.u48.p5.sent2	Для дітей садиків немає, а ми сьогодні одриваємо останню копійку і даєм підтримати тих, хто вивозить з нашої держави багатство.	UKRAINIAN
ParlaMint-UA_2007-03-22-m1.u48.p5.sent3	Тому.	UKRAINIAN
ParlaMint-UA_2007-03-22-m1.u49.p1.sent1	Обговорення питання завершено.	UKRAINIAN
ParlaMint-UA_2007-03-22-m1.u49.p1.sent2	Вибачите, воно було непростим.	UKRAINIAN
ParlaMint-UA_2007-03-22-m1.u49.p2.sent1	Шановні колеги, я ставлю на голосування про прийняття за основу в першому читанні закону за номером 3197 про заходи державної підтримки та стимулювання розвитку виробництвамінеральних добрив в Україні.	UKRAINIAN
ParlaMint-UA_2007-03-22-m1.u49.p3.sent1	Прошу голосувати.	UKRAINIAN
ParlaMint-UA_2007-03-22-m1.u49.p4.sent1	За-242	UKRAINIAN
ParlaMint-UA_2007-03-22-m1.u49.p5.sent1	Рішення прийнято.	UKRAINIAN
ParlaMint-UA_2007-03-22-m1.u49.p5.sent2	Закон прийнято в першому читанні.	UKRAINIAN
ParlaMint-UA_2007-03-22-m1.u49.p6.sent1	Переходимо до розгляду питання про тимчасові слідчі комісії, спеціальну тимчасову слідчу комісію і тимчасові спеціальні комісії Верховної Ради України.	UKRAINIAN
ParlaMint-UA_2007-03-22-m1.u49.p7.sent1	Тут у нас є два законопроекти.	UKRAINIAN
ParlaMint-UA_2007-03-22-m1.u49.p7.sent2	Законопроект за номером 2815.	RUSSIAN
ParlaMint-UA_2007-03-22-m1.u49.p7.sent3	Доповідає народний депутат Матвєєв.	UKRAINIAN
ParlaMint-UA_2007-03-22-m1.u49.p7.sent4	Підготуватися Фельдману.	UKRAINIAN
ParlaMint-UA_2007-03-22-m1.u49.p7.sent5	Прошу.	UKRAINIAN
ParlaMint-UA_2007-03-22-m1.u50.p1.sent1	Шановні народні депутати, перш за все, я хочу підкреслити, що це є один із самих, я б сказав, багатостраждальних законопроектів, які приходиться розглядати Верховній Раді України.	UKRAINIAN
ParlaMint-UA_2007-03-22-m1.u50.p2.sent1	Після вступу в 1996 році в дію Конституції України до цього часу так і не виконано, і не з вини, до речі, Верховної Ради в більшості своїй, вимоги її 89 статті, тобто Конституції, щодо встановлення законом організації і порядку діяльності тимчасових спеціальних і тимчасових слідчих комісій.	UKRAINIAN
ParlaMint-UA_2007-03-22-m1.u50.p3.sent1	На превеликий жаль, на протязі майже 10 років прийняття зазначеного закону, як не дивно, блокується саме гарантами Конституції: президентами України, - спочатку Леонідом Кучмою, а зараз уже Віктором Ющенком.	UKRAINIAN
ParlaMint-UA_2007-03-22-m1.u50.p3.sent2	Щодо останнього, то нагадаю вам, шановні, він взагалі, відверто ігноруючи Верховну Раду, яка прийняла Закон про тимчасові слідчі комісії, спеціальну тимчасову комісію і тимчасові спеціальні комісії, 19 січня минулого року за це проголосувало 313 народних депутатів, заветував його.	UKRAINIAN
ParlaMint-UA_2007-03-22-m1.u50.p4.sent1	Сімнадцятого лютого минулого року 305 народних депутатів проголосували за законом уже з пропозиціями Президента, але він знову-таки ветує його.	UKRAINIAN
ParlaMint-UA_2007-03-22-m1.u50.p4.sent2	І 16 березня Верховна Рада після повторного розгляду з пропозиціями Президента приймає закон.	UKRAINIAN
ParlaMint-UA_2007-03-22-m1.u50.p4.sent3	За це проголосували – вдумайтесь! – 319 народних депутатів, тобто конституційна більшість знову.	UKRAINIAN
ParlaMint-UA_2007-03-22-m1.u50.p4.sent4	Після чого закон в черговий раз був направлений на підпис Президенту України.	UKRAINIAN
ParlaMint-UA_2007-03-22-m1.u50.p5.sent1	Для повного розуміння ситуації, шановні колеги, нагадаю, що частиною четвертою статті 94 Конституції України встановлено: якщо під час повторного розгляду закон буде знову прийнятий Верховною Радою України не менш, ніж двома третина від її конституційного складу, Президент України зобов’язаний, наголошую, зобов’язаний його підписати та офіційно оприлюднити протягом 10 днів.	UKRAINIAN
ParlaMint-UA_2007-03-22-m1.u50.p6.sent1	У разі, якщо Президент України не підписав такий закон, він не викладно оприлюднюється головою Верховної Ради України і опубліковується за його підписом.	UKRAINIAN
ParlaMint-UA_2007-03-22-m1.u50.p6.sent2	От такі вимоги Конституції.	UKRAINIAN
ParlaMint-UA_2007-03-22-m1.u50.p6.sent3	І що?	UKRAINIAN
ParlaMint-UA_2007-03-22-m1.u50.p6.sent4	Ігноруючи її вимоги, Президент втретє повертає закон Верховній Раді.	UKRAINIAN
ParlaMint-UA_2007-03-22-m1.u50.p7.sent1	Звертаю вашу увагу, шановні народні депутати, і на такий момент, на дату повернення: 3 квітня минулого року, тобто уже після парламентських виборів, які відбулися 26 березня.	UKRAINIAN
ParlaMint-UA_2007-03-22-m1.u50.p7.sent2	Після цього і головою Верховної Ради Литвином цей закон не був оприлюднений і не набрав чинності.	UKRAINIAN
ParlaMint-UA_2007-03-22-m1.u50.p7.sent3	Тому ми з народним депутатом України Мартинюком Адамом Івановичем і внесли ідентичний за змістом до цього закону, а ми були, до речі, з ним і в числі його авторів попереднього закону, новий законопроект.	UKRAINIAN
ParlaMint-UA_2007-03-22-m1.u50.p8.sent1	Чому ж бояться, я б сказав, як вогню такого закону Президенти?	UKRAINIAN
ParlaMint-UA_2007-03-22-m1.u50.p8.sent2	Відповідь, як кажуть, лежить на поверхні.	UKRAINIAN
ParlaMint-UA_2007-03-22-m1.u50.p8.sent3	В них виписані чіткі правові механізм перш за все, вірніше, і в тому числі здійснення процедури імпічменту Президента.	UKRAINIAN
ParlaMint-UA_2007-03-22-m1.u50.p8.sent4	От і все, тому два гаранти Конституції послідовно блокують розгляд цього закону, на протязі уже, як ви бачите, багатьох років.	UKRAINIAN
ParlaMint-UA_2007-03-22-m1.u50.p8.sent5	Внесення нашого законопроекту направлено на законодавче врегулювання повноважень Верховної Ради України щодо визначення статусу, порядку створення та діяльності тимчасових органів Верховної Ради, тимчасових слідчих комісій, тимчасових спеціальних комісій та спеціальної тимчасової слідчої комісії для проведення розслідування під час процедури усунення Президента з поста в порядку імпічменту.	UKRAINIAN
ParlaMint-UA_2007-03-22-m1.u50.p9.sent1	Передбачається, що підставами для утворення тимчасової слідчої комісії, зокрема можуть бути повідомлення про порушення Конституції України, законів України органами державної влади, органами місцевого самоврядування, їх посадовими, службовими особами, керівниками підприємств, установ і організацій не залежно від форм власності, а також об’єднань громадян стосовно питань, що становлять суспільний інтерес.	UKRAINIAN
ParlaMint-UA_2007-03-22-m1.u50.p10.sent1	Проектом закону встановлюються особливості діяльності спеціальної тимчасової слідчої комісії Верховної Ради, статус та порядок діяльності спеціальної тимчасової слідчої комісії для проведення та розслідування під час процедури імпічменту базується, я підкреслюю, на статті 111 Конституції України.	UKRAINIAN
ParlaMint-UA_2007-03-22-m1.u50.p10.sent2	Для підготовки і попереднього розгляду, доопрацювання проектів законів та інших актів Верховної Ради з проектом, законопроектом нашим передбачається створення Верховною Радою спеціальних комісій.	UKRAINIAN
ParlaMint-UA_2007-03-22-m1.u50.p11.sent1	Таким чином ми взагалі, приймаючи такий закон, врегульовуємо дуже серйозне непросте, складне питання діяльності всіх тимчасових комісій у Верховній Раді, організації їх практичної роботи.	UKRAINIAN
ParlaMint-UA_2007-03-22-m1.u50.p12.sent1	А в цілому я ще раз хотів би наголосити, шановні колеги, що ми з Адамом Івановичем переслідували головну мету – реалізувати ще не похоронений поки що взагалі закон, прийнятий Верховною Радою України попереднього скликання.	UKRAINIAN
ParlaMint-UA_2007-03-22-m1.u50.p12.sent2	І у зв’язку з цим у мене не може не викликати подиву позиція Науково-експертного управління апарату Верховної Ради України, а вірніше, висновок, який підготував заступник керівника цього управління Ришелюк.	UKRAINIAN
ParlaMint-UA_2007-03-22-m1.u50.p12.sent3	Зокрема, цитую, у висновку пишеться: „Очевидно, що аналізований законопроект, тобто наш з Мартинюком, є альтернативним по відношенню до названого закону.	UKRAINIAN
ParlaMint-UA_2007-03-22-m1.u50.p12.sent4	З огляду на це розгляд цього законопроекту за наявності на розгляді Верховної Ради уже прийнятого закону з цього ж питання, видається сумнівним”.	UKRAINIAN
ParlaMint-UA_2007-03-22-m1.u50.p13.sent1	Ну, це більш ніж „правовий”, в лапках, висновок.	UKRAINIAN
ParlaMint-UA_2007-03-22-m1.u50.p13.sent2	Але і це навіть не все, те, що я хотів сказати.	UKRAINIAN
ParlaMint-UA_2007-03-22-m1.u50.p13.sent3	Після цього у висновку ще викладаються на двох сторінках зауваження і пропозиції.	UKRAINIAN
ParlaMint-UA_2007-03-22-m1.u50.p13.sent4	Тому я хочу звернутися до керівництва апарату Верховної Ради: що ж це за такий стиль роботи одного із головних структурних підрозділів?	UKRAINIAN
ParlaMint-UA_2007-03-22-m1.u50.p13.sent5	Адже вони приймали участь у підготовці закону про ТСК для розгляду у попередньому скликанні Верховної Ради, після цього був висновок Головного юридичного управління.	UKRAINIAN
ParlaMint-UA_2007-03-22-m1.u50.p13.sent6	Що ж відбувається сьогодні?	UKRAINIAN
ParlaMint-UA_2007-03-22-m1.u50.p13.sent7	Бажання показати себе і свої гонорові підходи?	UKRAINIAN
ParlaMint-UA_2007-03-22-m1.u50.p13.sent8	Чи може, щось інше?	UKRAINIAN
ParlaMint-UA_2007-03-22-m1.u50.p13.sent9	Я просив би в цьому розібратися.	UKRAINIAN
ParlaMint-UA_2007-03-22-m1.u50.p14.sent1	Якщо буде надаватися така „практична”, в лапках, допомога у підготовці законопроектів для розгляду Верховною Радою України, то ми, дійсно роками не зможемо приймати необхідні дуже важливі закони.	UKRAINIAN
ParlaMint-UA_2007-03-22-m1.u50.p15.sent1	Прошу вас, шановні колеги, підтримати запропонований нами з Адамом Івановичем Мартинюком законопроект.	UKRAINIAN
ParlaMint-UA_2007-03-22-m1.u50.p15.sent2	Він сьогодні, і ви це уже пересвідчилися неодноразово на практиці роботи уже Верховної Ради цього скликання, він вкрай необхідний, і я б сказав, як коаліції, так і опозиції.	UKRAINIAN
ParlaMint-UA_2007-03-22-m1.u50.p16.sent1	А якщо говорити узагальнено, то і в цілому нашому суспільству.	UKRAINIAN
ParlaMint-UA_2007-03-22-m1.u50.p16.sent2	Дякую.	UKRAINIAN
ParlaMint-UA_2007-03-22-m1.u51.p1.sent1	Дякую, Валентин Григорович.	UKRAINIAN
ParlaMint-UA_2007-03-22-m1.u51.p1.sent2	Є запитання?	UKRAINIAN
ParlaMint-UA_2007-03-22-m1.u51.p1.sent3	Є, запишіться.	UKRAINIAN
ParlaMint-UA_2007-03-22-m1.u51.p1.sent4	Так, будь ласка, 6 хвилин Самойлик.	UKRAINIAN
ParlaMint-UA_2007-03-22-m1.u52.p1.sent1	Дякую, шановний Валентине Григоровичу, хоча я однако ж можу звернутися до Адама Івановича, тому що ви автори законопроекту, який, дійсно, є уже нагальним для нас.	UKRAINIAN
ParlaMint-UA_2007-03-22-m1.u52.p1.sent2	Я стільки, по-моєму, ми 10 років боремося за прийняття цих законів.	UKRAINIAN
ParlaMint-UA_2007-03-22-m1.u52.p1.sent3	І мені все це нагадую, вибачте мені, будь ласка, кучмівські часи.	UKRAINIAN
ParlaMint-UA_2007-03-22-m1.u52.p1.sent4	Ну, що змінилось від того?	UKRAINIAN
ParlaMint-UA_2007-03-22-m1.u52.p1.sent5	Кучма нас гнобив цим самим, підписано, подолано вето, а він на нас, знаєте, мав нас на увазі всіх точно так же і нинішній Президент України.	UKRAINIAN
ParlaMint-UA_2007-03-22-m1.u52.p1.sent6	Тобто школа, яка була така і залишилася, курс, який був у президентів такий і залишився.	UKRAINIAN
ParlaMint-UA_2007-03-22-m1.u52.p2.sent1	Валентине Григоровичу, скажіть мені, будь ласка, ви, як депутат і політик, ви в кінці-кінців вірите в те, що ми приймемо остаточно вже даний законопроект, який дасть нам можливість, дійсно працювати над дуже важливими проблемами, які.	UKRAINIAN
ParlaMint-UA_2007-03-22-m1.u53.p1.sent1	Я дякую, Катерина Семенівна, за таке запитання.	UKRAINIAN
ParlaMint-UA_2007-03-22-m1.u53.p1.sent2	Я хочу вам сказати відверто, що особливо після вчорашніх заяв нашого гаранта Конституції, які він зробив на навчаннях, зокрема, підрозділу „Альфа”, я не вірю в те, що цей закон буде підписаний.	UKRAINIAN
ParlaMint-UA_2007-03-22-m1.u53.p1.sent3	Але наша справа, виконувати ту законодавчу роботу, яка все-таки в результаті дасть нам можливість сказати, що ми все зробили можливе і неможливе для того, щоб вирішити одну із головних проблем, а, взагалі-то, виконати одне із важливих положень на сьогодні діючої Конституції, прийняти все ж таки закон про тимчасові слідчі і тимчасові спеціальні комісії.	UKRAINIAN
ParlaMint-UA_2007-03-22-m1.u53.p1.sent4	Дякую.	UKRAINIAN
ParlaMint-UA_2007-03-22-m1.u54.p1.sent1	Будь ласка, Шибко Віталій.	UKRAINIAN
ParlaMint-UA_2007-03-22-m1.u55.p1.sent1	Я дякую, Адам Іванович.	UKRAINIAN
ParlaMint-UA_2007-03-22-m1.u55.p1.sent2	Віталій Шибко, Соціалістична фракція.	UKRAINIAN
ParlaMint-UA_2007-03-22-m1.u55.p2.sent1	Валентин Григорович, я був свідком того, наскільки важко проходив цей законопроект у Верховній Раді.	UKRAINIAN
ParlaMint-UA_2007-03-22-m1.u55.p2.sent2	Ви знаєте, весь час дебатувалися ці питання.	UKRAINIAN
ParlaMint-UA_2007-03-22-m1.u55.p2.sent3	І мене якось так вразило те, що ви зараз у відповіді сказали: „Я не вірю”.	UKRAINIAN
ParlaMint-UA_2007-03-22-m1.u55.p2.sent4	Я думаю, що треба зробити все, щоб фахово підготовити цей законопроект, який би не дав можливості зачепаться тим, хто проти саме цього закону, на якій би він посаді не знаходився.	UKRAINIAN
ParlaMint-UA_2007-03-22-m1.u55.p3.sent1	Тому я вважаю, що нам не треба, мабуть, дебатувати з управлінням як воно підготувало цей законопроект чи ні, а просто після першого читання прийняти і все врахувати.	UKRAINIAN
ParlaMint-UA_2007-03-22-m1.u55.p3.sent2	Тут дійсно, крім того, що ви зауважили і є і слушні речі.	UKRAINIAN
ParlaMint-UA_2007-03-22-m1.u55.p3.sent3	Я маю на увазі як бути з тим свідком.	UKRAINIAN
ParlaMint-UA_2007-03-22-m1.u55.p3.sent4	Я почав саме запитання, що тут зазначено.	UKRAINIAN
ParlaMint-UA_2007-03-22-m1.u55.p3.sent5	І чи буде він кореспондуватися зі статтею тут 384-ю, п’ятою і так далі нашого кодексу?	UKRAINIAN
ParlaMint-UA_2007-03-22-m1.u55.p3.sent6	Тобто моє таке до вас, такий запит до вас.	UKRAINIAN
ParlaMint-UA_2007-03-22-m1.u55.p3.sent7	Давайте сядемо після першого читання, опрацюємо все детально, щоб не було ніяких зачіпок.	UKRAINIAN
ParlaMint-UA_2007-03-22-m1.u56.p1.sent1	Дякую, Віталій Якович.	UKRAINIAN
ParlaMint-UA_2007-03-22-m1.u56.p1.sent2	Я можу з вами і погодитися.	UKRAINIAN
ParlaMint-UA_2007-03-22-m1.u56.p1.sent3	Але в чомусь.	UKRAINIAN
ParlaMint-UA_2007-03-22-m1.u56.p1.sent4	А в основному хочу і заперечити.	UKRAINIAN
ParlaMint-UA_2007-03-22-m1.u56.p1.sent5	Шановний Віталій Якович.	UKRAINIAN
ParlaMint-UA_2007-03-22-m1.u56.p1.sent6	Ми на протязі двох років у Комітеті з питань регламенту, депутатської етики та організації роботи Верховної Ради, а тоді так у минулому скликанні називався наш комітет, працювали над цим законопроектом.	UKRAINIAN
ParlaMint-UA_2007-03-22-m1.u56.p1.sent7	Ми надавали його для експертизи всім підрозділам апарату Верховної Ради, які причетні в тій чи іншій мірі до організації роботи тимчасових комісій, які створюються парламентом.	UKRAINIAN
ParlaMint-UA_2007-03-22-m1.u56.p1.sent8	Ми направляли їх у депутатські фракції і групи тоді ще.	UKRAINIAN
ParlaMint-UA_2007-03-22-m1.u56.p1.sent9	Ми провели круглий стіл за участю народних депутатів, фахівців із цієї проблеми.	UKRAINIAN
ParlaMint-UA_2007-03-22-m1.u56.p1.sent10	Я маю на увазі юристів, які знаються на цих питаннях, за участю вчених, за участю представників тих же управлінь. структурних підрозділів керівництва Верховної Ради України.	UKRAINIAN
ParlaMint-UA_2007-03-22-m1.u56.p1.sent11	Ми все це.	RUSSIAN
ParlaMint-UA_2007-03-22-m1.u57.p1.sent1	Богачук Василь.	UKRAINIAN
ParlaMint-UA_2007-03-22-m1.u58.p1.sent1	Василь Богачук, соціалістична партія.	UKRAINIAN
ParlaMint-UA_2007-03-22-m1.u58.p2.sent1	Я підтримую цей законопроект, але слово прошу передати депутату Садовому.	UKRAINIAN
ParlaMint-UA_2007-03-22-m1.u59.p1.sent1	Микола Садовий мікрофон.	UKRAINIAN
ParlaMint-UA_2007-03-22-m1.u60.p1.sent1	Микола Садовий фракція соціалістів.	UKRAINIAN
ParlaMint-UA_2007-03-22-m1.u60.p2.sent1	В мене є до вас два запитання.	UKRAINIAN
ParlaMint-UA_2007-03-22-m1.u60.p3.sent1	Ну, перше запитання.	UKRAINIAN
ParlaMint-UA_2007-03-22-m1.u60.p3.sent2	Створюється нами комісія.	UKRAINIAN
ParlaMint-UA_2007-03-22-m1.u60.p3.sent3	Виїздить на місце і розглядає те чи інше питання, яке доручили у Верховній Раді.	UKRAINIAN
ParlaMint-UA_2007-03-22-m1.u60.p3.sent4	І в законопроекті немає слова „свідок”, а якщо немає слова „свідок”, то відповідно не підпадає під певні статті Карного кодексу.	UKRAINIAN
ParlaMint-UA_2007-03-22-m1.u60.p4.sent1	Як ви думаєте, не доцільно було б все ж таки залишити слово „свідок” і тоді відповідальність тієї особи, яка повинна дати покази набагато збільшується.	UKRAINIAN
ParlaMint-UA_2007-03-22-m1.u60.p5.sent1	І що стосується виклику суддів.	UKRAINIAN
ParlaMint-UA_2007-03-22-m1.u60.p5.sent2	Про можливість викликати суддю того чи іншого для того, щоб він пояснив те чи інше явище, чи факт.	UKRAINIAN
ParlaMint-UA_2007-03-22-m1.u60.p5.sent3	Спасибі.	UKRAINIAN
ParlaMint-UA_2007-03-22-m1.u61.p1.sent1	Я дякую.	UKRAINIAN
ParlaMint-UA_2007-03-22-m1.u61.p2.sent1	Ну, по-перше, шановний колега, я хочу сказати, що не може в цьому законі все бути виписано так, як у відповідному кодексі, ну зокрема в Кримінальному кодексі.	UKRAINIAN
ParlaMint-UA_2007-03-22-m1.u61.p2.sent2	Це закон, який направлений на організацію діяльності Тимчасових комісій, які створюються вищим законодавчим органом держави.	UKRAINIAN
ParlaMint-UA_2007-03-22-m1.u61.p2.sent3	А уже все інше регулюється іншими правовими актами, тобто, законами.	UKRAINIAN
ParlaMint-UA_2007-03-22-m1.u61.p2.sent4	Це по-перше.	UKRAINIAN
ParlaMint-UA_2007-03-22-m1.u61.p3.sent1	І по-друге.	UKRAINIAN
ParlaMint-UA_2007-03-22-m1.u61.p3.sent2	Те про що ви говорите.	UKRAINIAN
ParlaMint-UA_2007-03-22-m1.u61.p3.sent3	Я думаю, що ми можемо в процесі подальшої роботи вносити ще дуже багато якихось своїх пропозицій, але, я думаю, що нам необхідно рухатися вперед.	UKRAINIAN
ParlaMint-UA_2007-03-22-m1.u61.p3.sent4	Принципових зауважень, які б сьогодні стали на заваді прийняття цього дуже важливого, так вкрай необхідного закону, я особисто не бачу.	UKRAINIAN
ParlaMint-UA_2007-03-22-m1.u62.p1.sent1	Дякую.	UKRAINIAN
ParlaMint-UA_2007-03-22-m1.u62.p2.sent1	Сідайте, будь ласка, Валентин Григорович.	UKRAINIAN
ParlaMint-UA_2007-03-22-m1.u62.p2.sent2	До мотивів ще далеко.	UKRAINIAN
ParlaMint-UA_2007-03-22-m1.u62.p3.sent1	Фельдман Олександр Борисович.	UKRAINIAN
ParlaMint-UA_2007-03-22-m1.u62.p3.sent2	Не бачу.	UKRAINIAN
ParlaMint-UA_2007-03-22-m1.u62.p3.sent3	Він не хоче доповідати.	UKRAINIAN
ParlaMint-UA_2007-03-22-m1.u62.p3.sent4	Тоді ми попросимо голову Комітету з питань Регламенту, депутатської етики та забезпечення діяльності Верховної Ради.	UKRAINIAN
ParlaMint-UA_2007-03-22-m1.u62.p4.sent1	Єфремов Олександр Сергійович, будь ласка, яка думка комітету.	UKRAINIAN
ParlaMint-UA_2007-03-22-m1.u63.p1.sent1	Шановний Адаме Івановичу, шановні колеги.	UKRAINIAN
ParlaMint-UA_2007-03-22-m1.u63.p2.sent1	На засіданні комітету 14 березня проаналізовано ситуацію, що склалася з прийняттям Верховною Радою України четвертого скликання Закону України про тимчасові слідчі комісії, спеціальну тимчасову слідчу комісію і тимчасові спеціальні комісії Верховної Ради України за номером 3573 від 16.03.	UKRAINIAN
ParlaMint-UA_2007-03-22-m1.u63.p2.sent2	2006 року, який було прийнято 19 січня 2006 року.	UKRAINIAN
ParlaMint-UA_2007-03-22-m1.u63.p2.sent3	Потім Верховна Рада України два рази долала вето Президента України.	UKRAINIAN
ParlaMint-UA_2007-03-22-m1.u63.p2.sent4	Остаточна редакція від 16.03.	UKRAINIAN
ParlaMint-UA_2007-03-22-m1.u63.p2.sent5	2006 року.	UKRAINIAN
ParlaMint-UA_2007-03-22-m1.u63.p2.sent6	Але він не був підписаний Президента України і не був оприлюднений та опублікований за підписом Голови Верховної Ради України відповідно до частини другої та четвертої.	UKRAINIAN
ParlaMint-UA_2007-03-22-m1.u63.p2.sent7	статті 94 Конституції України, а тому не набрав чинності.	UKRAINIAN
ParlaMint-UA_2007-03-22-m1.u63.p3.sent1	Також за дорученням Голови Верховної Ради України від 25.12.2006 року розглянуто проект Закону України про тимчасові слідчі комісії, спеціальну тимчасову слідчу комісію і тимчасові спеціальні комісії Верховної Ради України, внесені народними депутатами України Мартинюком і Матвєєвим, реєстраційний номер 2815, та висновок Головного науково-експертного управління апарату Верховної Ради України на цей законопроект.	UKRAINIAN
ParlaMint-UA_2007-03-22-m1.u63.p4.sent1	Комітет зазначив, що цей законопроект є ідентичним за змістом до Закону України про тимчасові слідчі комісії, спеціальну тимчасову слідчу комісію і тимчасові спеціальні комісії Верховної Ради України, прийнятого Верховною Радою України 16 березня 2006 року, за винятком частини другої статті 29 закону, які викладені у новій редакції.	UKRAINIAN
ParlaMint-UA_2007-03-22-m1.u63.p5.sent1	Комітет зазначив, що рішення Верховної Ради України щодо прийняття Закону України про тимчасові слідчі комісії, спеціальну тимчасову слідчу комісію тимчасової спеціальної комісії Верховної Ради України скасувати неможливо, оскільки відповідно до частини першої статті 48 Регламенту Верховної Ради України рішення Верховної Ради України можуть бути скасовані до підписання відповідного акту Верховної Ради України Головою Верховної Ради України.	UKRAINIAN
ParlaMint-UA_2007-03-22-m1.u63.p6.sent1	Даний же закон вже підписаний Головою Верховної Ради України.	UKRAINIAN
ParlaMint-UA_2007-03-22-m1.u63.p6.sent2	А згідно з частиною другою статті 48 Регламенту Верховної Ради України закон можна визначити таким, що втратив чинність, а цей закон не набрав чинності.	UKRAINIAN
ParlaMint-UA_2007-03-22-m1.u63.p6.sent3	Враховуючи те, що ні Конституцією України, ні Регламентом Верховної Ради України не передбачено дій у випадках порушення вимог частини четвертої статті 94 Конституції України та статті 132 Регламенту Верховної Ради України щодо підписання закон України Президентом України та Верховною Радою України комітет прийняв рішення: рекомендувати Верховній Раді України проект Закону України про тимчасові слідчі комісії, спеціальну тимчасову слідчу комісію тимчасовій спеціальній комісії Верховної Ради України, внесений народними депутатами України Мартинюком та Матвєєвим, за номером 2815, прийняти за основу, відповідно до пункту першого частини першої статті 109 Регламенту Верховної Ради України та доручити комітету доопрацювати зазначений законопроект з урахуванням зауважень і пропозицій суб’єктів права законодавчої ініціативи та внести його на розгляд Верховної Ради у другому читанні.	UKRAINIAN
ParlaMint-UA_2007-03-22-m1.u63.p7.sent1	Додатково звертаю увагу, що до того, що було сказано, Головне науково-експертне управління Апарату Верховної Ради у своєму висновку від 31.01.2007 зазначає, що за результатами розгляду у першому читанні цей законопроект може бути прийнятий за основу з урахуванням висловлених зауважень і пропозицій.	UKRAINIAN
ParlaMint-UA_2007-03-22-m1.u63.p7.sent2	Прошу підтримати рішення комітету.	UKRAINIAN
ParlaMint-UA_2007-03-22-m1.u63.p7.sent3	Дякую за увагу.	UKRAINIAN
ParlaMint-UA_2007-03-22-m1.u64.p1.sent1	Дякую.	UKRAINIAN
ParlaMint-UA_2007-03-22-m1.u64.p1.sent2	Сідайте, будь ласка.	UKRAINIAN
ParlaMint-UA_2007-03-22-m1.u64.p2.sent1	Так, що будемо голосувати?	UKRAINIAN
ParlaMint-UA_2007-03-22-m1.u64.p2.sent2	Вернидубов хочуть сказати.	UKRAINIAN
ParlaMint-UA_2007-03-22-m1.u64.p2.sent3	Будь ласка, одну хвилину.	UKRAINIAN
ParlaMint-UA_2007-03-22-m1.u65.p1.sent1	Шановний Адаме Івановичу, шановні народні депутати!	UKRAINIAN
ParlaMint-UA_2007-03-22-m1.u65.p1.sent2	Сьогодні є унікальна можливість усунути ті сумніви, про які сьогодні говорили про те, що чи має право Президент неодноразово ветувати навіть ті закони, які приймались конституційною більшістю, а якраз це і стосується цього закону.	UKRAINIAN
ParlaMint-UA_2007-03-22-m1.u65.p1.sent3	Хочемо ми чи ні, але доповідачі сказали, що нема виходу з ситуації, закони прийняті.	UKRAINIAN
ParlaMint-UA_2007-03-22-m1.u65.p1.sent4	Щоб раз і назавжди покінчити з практикою повторного ветування, на мій погляд, незаконного, я вважаю, що ми могли би прийняти сьогодні таке рішення – направити той закон, уже прийнятий нами, але неоприлюднений, в Конституційний Суд, і щоб Конституційний Суд визначився, а ми обґрунтуємо неправомочність такого президентського кроку.	UKRAINIAN
ParlaMint-UA_2007-03-22-m1.u65.p1.sent5	Дякую за увагу.	UKRAINIAN
ParlaMint-UA_2007-03-22-m1.u66.p1.sent1	Іван Васильович, дуже.	UKRAINIAN
ParlaMint-UA_2007-03-22-m1.u66.p1.sent2	надзвичайно мудре рішення, але, мені здається, воно мертве.	UKRAINIAN
ParlaMint-UA_2007-03-22-m1.u66.p1.sent3	Тому що закону немає.	UKRAINIAN
ParlaMint-UA_2007-03-22-m1.u66.p1.sent4	Закон тоді, коли він підписаний, коли він це.	UKRAINIAN
ParlaMint-UA_2007-03-22-m1.u66.p1.sent5	Ми направимо те, що не стало законом.	UKRAINIAN
ParlaMint-UA_2007-03-22-m1.u66.p1.sent6	Ми потрапили з вами в ситуацію, якої ніхто, на жаль, не передбачив: ні в Конституції, з одного боку, бо наполовину сказали, що повинен бути обнародуваний за підписом Голови Верховної Ради, але не сказали а що далі, якщо не обнародуваний.	UKRAINIAN
ParlaMint-UA_2007-03-22-m1.u66.p1.sent7	Так як із цим законом.	UKRAINIAN
ParlaMint-UA_2007-03-22-m1.u66.p2.sent1	А з другого боку, нічого не передбачили в Регламенті, бо, вибачте, не могли додуматися до того, що така дуристика може бути, як ми зараз потрапили.	UKRAINIAN
ParlaMint-UA_2007-03-22-m1.u66.p2.sent2	Тому давайте хоч наполовину ми або хоча б якимось чином врегулювати це питання, щоб не було знову підстав у Президента, сказали, що і той закон є і ви ще один направляєте, бо той висить над нами, я пропоную, давайте ми спочатку приймемо Постанову Верховної Ради про скасування рішення Верховної Ради України про прийняття Закону України про тимчасові слідчі комісії, спеціальну тимчасову слідчу комісію і тимчасові спеціальні комісії Верховної Ради України.	UKRAINIAN
ParlaMint-UA_2007-03-22-m1.u66.p3.sent1	Верховна Рада постановляє: скасувати рішення Верховної Ради України від 16 березня 2006 року про прийняття Закону України про тимчасові слідчі комісії, спеціальну тимчасову слідчу комісію і тимчасові спеціальні комісії Верховної Ради України, - і зняти його з розгляду.	UKRAINIAN
ParlaMint-UA_2007-03-22-m1.u66.p3.sent2	Спочатку голосуємо цю постанову, а потім відкриємо дорогу до закону.	UKRAINIAN
ParlaMint-UA_2007-03-22-m1.u66.p3.sent3	Голосуємо.	UKRAINIAN
ParlaMint-UA_2007-03-22-m1.u66.p3.sent4	А БЮТ наполягає на цьому законі, Микола Володимирович.	UKRAINIAN
ParlaMint-UA_2007-03-22-m1.u66.p4.sent1	За-239	UKRAINIAN
ParlaMint-UA_2007-03-22-m1.u66.p5.sent1	Дякую.	UKRAINIAN
ParlaMint-UA_2007-03-22-m1.u66.p5.sent2	Закону вже немає.	UKRAINIAN
ParlaMint-UA_2007-03-22-m1.u66.p6.sent1	А тепер створимо новий закон.	UKRAINIAN
ParlaMint-UA_2007-03-22-m1.u66.p6.sent2	Шановні колеги, у ході обговорення і в доповіді Валентина Григоровича, і у доповіді представника комітету говорилося про те, і я як один з авторів цього закону і попереднього закону підтверджую, що практично це ідентичні закони, за виключенням того, що ми намагалися врахувати деякі моменти, які були висловлені у зауваженнях Президента.	UKRAINIAN
ParlaMint-UA_2007-03-22-m1.u66.p6.sent3	Це один момент.	RUSSIAN
ParlaMint-UA_2007-03-22-m1.u66.p7.sent1	Друге.	UKRAINIAN
ParlaMint-UA_2007-03-22-m1.u66.p7.sent2	Так, є тут зауваження Науково-експертного управління.	UKRAINIAN
ParlaMint-UA_2007-03-22-m1.u66.p7.sent3	Вони не настільки суттєві, щоб говорити про те, що в нас немає підстав прийняти в цілому як закон.	UKRAINIAN
ParlaMint-UA_2007-03-22-m1.u66.p7.sent4	Бо, ще раз повторюю, ми вже двічі подібний закон приймали.	UKRAINIAN
ParlaMint-UA_2007-03-22-m1.u66.p8.sent1	І тому, враховуючи життєву нагальність, враховуючи прагнення усіх, без виключення фракцій, правда, я не знаю лише позицію однієї фракції – „Наша Україна”, а, повірте, БЮТ постійно наголошує на необхідності прийняття цього закону, я пропоную: давайте ми проголосуємо в цілому як закон Закон про тимчасові слідчі комісії, спеціальну тимчасову слідчу комісію і тимчасові спеціальні комісії Верховної Ради України.	UKRAINIAN
ParlaMint-UA_2007-03-22-m1.u66.p8.sent2	Реєстраційний номер 2815.	UKRAINIAN
ParlaMint-UA_2007-03-22-m1.u66.p8.sent3	Прошу голосувати.	UKRAINIAN
ParlaMint-UA_2007-03-22-m1.u66.p9.sent1	За-245	UKRAINIAN
ParlaMint-UA_2007-03-22-m1.u66.p10.sent1	Дякую.	UKRAINIAN
ParlaMint-UA_2007-03-22-m1.u66.p10.sent2	Закон прийнято.	UKRAINIAN
ParlaMint-UA_2007-03-22-m1.u66.p11.sent1	Враховуючи те, що закон нашого колеги Фельдмана є альтернативним, зрозуміло, що здобув підтримку закон за номером 2815, тому 2815-1 ми це і не голосуємо.	UKRAINIAN
ParlaMint-UA_2007-03-22-m1.u66.p12.sent1	Переходимо до розгляду.	UKRAINIAN
ParlaMint-UA_2007-03-22-m1.u66.p12.sent2	Так, нам треба було б зараз розглянути проект Закону про валютне регулювання та валютний контроль в Україні, реєстраційний номер 3041.	UKRAINIAN
ParlaMint-UA_2007-03-22-m1.u66.p12.sent3	Але тут автори, оскільки заміна-перезаміна деяких сторінок, просять перенести його на наступний пленарний тиждень.	UKRAINIAN
ParlaMint-UA_2007-03-22-m1.u66.p13.sent1	Я ставлю на голосування про перенесення Закону про валютне регулювання та валютний контроль в Україні, реєстраційний номер 3041, на наступний пленарний тиждень.	UKRAINIAN
ParlaMint-UA_2007-03-22-m1.u66.p13.sent2	Голосуємо.	UKRAINIAN
ParlaMint-UA_2007-03-22-m1.u66.p14.sent1	За-242	UKRAINIAN
ParlaMint-UA_2007-03-22-m1.u66.p15.sent1	Прийнято рішення.	UKRAINIAN
ParlaMint-UA_2007-03-22-m1.u66.p15.sent2	Підійшли до розділу: за скороченою процедурою.	UKRAINIAN
ParlaMint-UA_2007-03-22-m1.u66.p15.sent3	Але нам для цього треба прийняти постанову, рішення.	UKRAINIAN
ParlaMint-UA_2007-03-22-m1.u66.p15.sent4	Прошу голосувати.	UKRAINIAN
ParlaMint-UA_2007-03-22-m1.u66.p16.sent1	За-241	UKRAINIAN
ParlaMint-UA_2007-03-22-m1.u66.p17.sent1	Прийнято рішення.	UKRAINIAN
ParlaMint-UA_2007-03-22-m1.u66.p18.sent1	Розглядаються закони за скороченою процедурою, 2 хвилини на доповідь, співдоповідь і так далі.	UKRAINIAN
ParlaMint-UA_2007-03-22-m1.u66.p18.sent2	Проект Закону про внесення змін до деяких законів України щодо опису та кодування товарів, реєстраційний номер 2800.	UKRAINIAN
ParlaMint-UA_2007-03-22-m1.u66.p18.sent3	Доповідає, це урядовий проект, доповідає голова Державної митної служби Єгоров Олександр Борисович, будь ласка.	UKRAINIAN
ParlaMint-UA_2007-03-22-m1.u66.p18.sent4	Мельничуку підготуватися.	UKRAINIAN
ParlaMint-UA_2007-03-22-m1.u67.p1.sent1	Шановний Адаме Івановичу, шановні народні депутати, зазначеним законом передбачається привести у відповідність до міжнародної конвенції про гармонізовану систему опису та кодування товарів, договірною стороною якої є Україна, класифікацію та текстовий описи законів про митний тариф України та про єдиний митний тариф.	UKRAINIAN
ParlaMint-UA_2007-03-22-m1.u67.p2.sent1	Проект носить технічний характер і передбачає наступне, перше, в законі України про митний тариф України зміни вносяться з метою ви правлення неточностей перекладу оригінального тексту, а також технічних помилок, які на цей час існують, митному тарифі України.	UKRAINIAN
ParlaMint-UA_2007-03-22-m1.u67.p3.sent1	І друге.	UKRAINIAN
ParlaMint-UA_2007-03-22-m1.u67.p3.sent2	У Законі України "Про єдиний митний тариф” зміни вносяться для забезпечення реалізації податкового законодавства шляхом внесення редакційних правок та виправлень помилок до товарних кодів пункту статті 19 закону, яким передбачено звільнення від оподаткування ввізним митом товарів, які не виробляються в Україні, імпортуються для використання видавничої діяльності та діяльності з виготовлення книжкової продукції.	UKRAINIAN
ParlaMint-UA_2007-03-22-m1.u67.p4.sent1	Шановні народні депутати, просимо підтримати даний законопроект.	UKRAINIAN
ParlaMint-UA_2007-03-22-m1.u67.p5.sent1	Дякую.	UKRAINIAN
ParlaMint-UA_2007-03-22-m1.u68.p1.sent1	Дякую.	UKRAINIAN
ParlaMint-UA_2007-03-22-m1.u68.p1.sent2	Сідайте, будь ласка.	UKRAINIAN
ParlaMint-UA_2007-03-22-m1.u68.p2.sent1	Михайло Васильович Мельничук, прошу.	UKRAINIAN
ParlaMint-UA_2007-03-22-m1.u68.p2.sent2	Член Комітету з питань фінансів і банківської діяльності.	UKRAINIAN
ParlaMint-UA_2007-03-22-m1.u69.p1.sent1	Михайло Мельничук, фракція Соціалістичної партії України, Чернівецька область.	UKRAINIAN
ParlaMint-UA_2007-03-22-m1.u69.p2.sent1	Шановний Адаме Івановичу, шановні колеги.	UKRAINIAN
ParlaMint-UA_2007-03-22-m1.u69.p2.sent2	Законопроект про внесення змін до деяких законів України щодо опису та кодування товарів був розглянутий на засіданні Комітету з питань фінансів та банківської діяльності 13 березня.	UKRAINIAN
ParlaMint-UA_2007-03-22-m1.u69.p3.sent1	Безумовно, що комітет, скажімо, мав зауваження, і народні депутати, які приймали участь в обговоренні, мали зауваження.	UKRAINIAN
ParlaMint-UA_2007-03-22-m1.u69.p3.sent2	Але в той же час під час обговорення про внесення змін до деяких законів України, що стосуються цього законопроекту, члени комітету висловили, як я говорив, ряд технічних зауважень.	UKRAINIAN
ParlaMint-UA_2007-03-22-m1.u69.p4.sent1	Головне науково-експертне управління Апарату Верховної Ради України у своєму висновку від 14 лютого цього року зазначає, що за результатами розгляду у першому читанні законопроект може бути взятий за основу з урахуванням висловлених зауважень і пропозицій.	UKRAINIAN
ParlaMint-UA_2007-03-22-m1.u69.p4.sent2	Комітет прийняв рішення підтримати даний законопроект та рекомендувати його для прийняття за основу.	UKRAINIAN
ParlaMint-UA_2007-03-22-m1.u69.p4.sent3	Прошу підтримати даний законопроект.	UKRAINIAN
ParlaMint-UA_2007-03-22-m1.u69.p5.sent1	Дякую за увагу.	UKRAINIAN
ParlaMint-UA_2007-03-22-m1.u70.p1.sent1	Так, дякую.	UKRAINIAN
ParlaMint-UA_2007-03-22-m1.u70.p1.sent2	Сідайте, Михайло Васильович.	UKRAINIAN
ParlaMint-UA_2007-03-22-m1.u70.p2.sent1	Я думаю, давайте погодимося із пропозицією про прийняття його за основу у першому читанні.	UKRAINIAN
ParlaMint-UA_2007-03-22-m1.u70.p3.sent1	Зараз, зараз, Катерина Семенівна.	UKRAINIAN
ParlaMint-UA_2007-03-22-m1.u70.p4.sent1	Ставлю на голосування про прийняття за основу в першому читанні Закон про внесення змін до деяких законів України щодо опису та кодування товарів, реєстраційний номер 2800.	UKRAINIAN
ParlaMint-UA_2007-03-22-m1.u70.p4.sent2	Прошу голосувати.	UKRAINIAN
ParlaMint-UA_2007-03-22-m1.u70.p5.sent1	За-239	UKRAINIAN
ParlaMint-UA_2007-03-22-m1.u70.p6.sent1	Прийнято.	UKRAINIAN
ParlaMint-UA_2007-03-22-m1.u70.p7.sent1	Розглядається проект Закону про внесення змін до Закону України "Про порядок ввезення в Україну, митного оформлення й оподаткування особистих речей, товарів та транспортних засобів, що ввозяться громадянами на митну територію України".	UKRAINIAN
ParlaMint-UA_2007-03-22-m1.u70.p7.sent2	Реєстраційний номер 2818.	UKRAINIAN
ParlaMint-UA_2007-03-22-m1.u70.p7.sent3	Голова Державної митної служби Єгоров Олександр Борисович.	UKRAINIAN
ParlaMint-UA_2007-03-22-m1.u70.p7.sent4	Будь ласка, підготуватися Мельничуку.	UKRAINIAN
ParlaMint-UA_2007-03-22-m1.u71.p1.sent1	Дякую.	UKRAINIAN
ParlaMint-UA_2007-03-22-m1.u71.p2.sent1	Шановний Адам Івановичу, шановні народні депутати!	UKRAINIAN
ParlaMint-UA_2007-03-22-m1.u71.p2.sent2	Проектом передбачається регулювання питання визначення бази оподаткування до товарів, які надходять на митну територію України у міжнародних поштових відправленнях.	UKRAINIAN
ParlaMint-UA_2007-03-22-m1.u71.p3.sent1	Користуючись неврегульованістю законодавства щодо оподаткування міжнародних поштових відправлень, що надійшли в один день від одного відправника на адресу одного одержувача у значних обсягах, фізичні особи мають можливість дробити товарну партію до обсягів неоподаткованого мінімуму – 200 євро з подальшим використанням каналів поштового зв’язку за поставок товарів на внутрішній ринок України без сплати податків.	UKRAINIAN
ParlaMint-UA_2007-03-22-m1.u71.p4.sent1	Прийняття зазначеного законопроекту передбачає можливість оподаткування міжнародних поштових відправлень на загальних підставах.	UKRAINIAN
ParlaMint-UA_2007-03-22-m1.u71.p4.sent2	Прийняття закону призведе до скасування схеми ухилення від оподаткування та збільшенню надходжень до Державного бюджету України.	UKRAINIAN
ParlaMint-UA_2007-03-22-m1.u71.p5.sent1	Прохання підтримати законопроект.	UKRAINIAN
ParlaMint-UA_2007-03-22-m1.u71.p5.sent2	Дякую.	UKRAINIAN
ParlaMint-UA_2007-03-22-m1.u72.p1.sent1	Дякую, Олександр Борисович, сідайте.	UKRAINIAN
ParlaMint-UA_2007-03-22-m1.u72.p2.sent1	Михайло Васильович Мельничук, будь ласка, член Комітету з питань фінансів і банківської діяльності.	UKRAINIAN
ParlaMint-UA_2007-03-22-m1.u72.p2.sent2	Підготуватися Зваричу.	UKRAINIAN
ParlaMint-UA_2007-03-22-m1.u73.p1.sent1	Михайло Мельничук, фракція Соціалістичної партії України, Чернівецька область.	UKRAINIAN
ParlaMint-UA_2007-03-22-m1.u73.p2.sent1	Шановний Адам Іванович, шановні народні депутати!	UKRAINIAN
ParlaMint-UA_2007-03-22-m1.u73.p3.sent1	Комітет з питань фінансів і банківської діяльності на своєму засіданні 13 березня 2007 року розглянув поданий Кабінетом Міністрів України даний законопроект.	UKRAINIAN
ParlaMint-UA_2007-03-22-m1.u73.p3.sent2	Норми даного законопроекту, спрямовані на вдосконалення механізму визначення бази оподаткування товарів, які надходять у міжнародних поштових відправленнях в частині визначення сумарної митної вартості товарів, що надходять на митну територію України на адреси фізичних осіб.	UKRAINIAN
ParlaMint-UA_2007-03-22-m1.u73.p4.sent1	Народні депутати України, члени комітету під час обговорення даного законопроекту на засіданні комітету підтримали необхідність його прийняття та зауважили, що дозволить унеможливити зловживання, які мають місце щодо оподаткування міжнародних поштових відправлень, що надійшли в один день від одного відправника на адресу одного одержувача в зазначених обсягах.	UKRAINIAN
ParlaMint-UA_2007-03-22-m1.u73.p5.sent1	Головне науково-експертне управління апарату Верховної Ради України в своєму висновку від 15 лютого цього року зазначає, що за результатами розгляду у першому читанні законопроект може бути взятий за основу з урахуванням висловлених зауважень і пропозицій.	UKRAINIAN
ParlaMint-UA_2007-03-22-m1.u73.p6.sent1	Комітет пропонує підтримати даний законопроект.	UKRAINIAN
ParlaMint-UA_2007-03-22-m1.u74.p1.sent1	Дякую, Михайло Васильович.	UKRAINIAN
ParlaMint-UA_2007-03-22-m1.u75.p1.sent1	Дякую.	UKRAINIAN
ParlaMint-UA_2007-03-22-m1.u76.p1.sent1	Сідайте, будь ласка.	UKRAINIAN
ParlaMint-UA_2007-03-22-m1.u76.p1.sent2	Представник Президента Роман Михайлович Зварич.	UKRAINIAN
ParlaMint-UA_2007-03-22-m1.u76.p1.sent3	Прошу.	UKRAINIAN
ParlaMint-UA_2007-03-22-m1.u77.p1.sent1	Шановний Адаме Івановичу, шановні народні депутати України!	UKRAINIAN
ParlaMint-UA_2007-03-22-m1.u77.p1.sent2	Я теж скористаюся можливістю, що нас слухає український народ, звернутися до громадян України стосовно цього законопроекту, бо не все так насправді як тут подається.	UKRAINIAN
ParlaMint-UA_2007-03-22-m1.u77.p2.sent1	Президент України, вважає, якраз за необхідне висловити свою позицію щодо внесеного урядом на розгляд Верховної Ради України цього закону, оскільки цей закон безпосередньо стосується прав і свобод наших громадян.	UKRAINIAN
ParlaMint-UA_2007-03-22-m1.u77.p3.sent1	Законопроектом пропонується запровадити більш жорсткий механізм оподаткування товарів, що надходять на адресу громадянами міжнародних поштових відправленнях.	UKRAINIAN
ParlaMint-UA_2007-03-22-m1.u77.p3.sent2	При цьому уряд аргументує таку необхідність тим, що окремі фізичні особи, користуючись не урегульованістю законодавства України щодо оподаткування міжнародних поштових відправлень, що надійшли в один день від одного відправника на адресу одного одержувача в значних обсягах мають потенційну можливість використовувати канали поштового зв’язку для комерційної діяльності на внутрішньому ринку України.	UKRAINIAN
ParlaMint-UA_2007-03-22-m1.u77.p4.sent1	Проте, супровідні матеріали до законопроекту не містять переконливих, на думку, Президента України аргументів та доказів того, що зазначені операції, які здійснюються, нагадую, в межах від 200 до 1000 євро.	UKRAINIAN
ParlaMint-UA_2007-03-22-m1.u77.p5.sent1	Хотів би це повторити, від 200 до тисячі євро.	UKRAINIAN
ParlaMint-UA_2007-03-22-m1.u77.p5.sent2	Дійсно носять системний характер і завдають суттєвої шкоди економічним інтересам держави.	UKRAINIAN
ParlaMint-UA_2007-03-22-m1.u77.p5.sent3	Не наведено також даних щодо того, як вплине запровадження цієї законодавчої інновації на наповнення доходної частини державного бюджету України.	UKRAINIAN
ParlaMint-UA_2007-03-22-m1.u77.p6.sent1	Президент України також звертає увагу на те, що проект за предметом правового регулювання належить до пріоритетних сфер адаптації законодавства України до законодавства ЄЕС.	UKRAINIAN
ParlaMint-UA_2007-03-22-m1.u77.p6.sent2	Між тим, законодавство ЄЕС не передбачає подібного механізму оподаткування міжнародних поштових відправлень.	UKRAINIAN
ParlaMint-UA_2007-03-22-m1.u77.p7.sent1	Слід звернути увагу і на те, що і довідка щодо відповідності проекту Акі Комюнітер не містить посилання на відповідні акти Європейського Союзу.	UKRAINIAN
ParlaMint-UA_2007-03-22-m1.u77.p7.sent2	Враховуючи викладене, Президент України не може підтримати зазначений законопроект.	UKRAINIAN
ParlaMint-UA_2007-03-22-m1.u78.p1.sent1	Дякую, Роман Михайлович.	UKRAINIAN
ParlaMint-UA_2007-03-22-m1.u78.p1.sent2	Будем голосувати?	UKRAINIAN
ParlaMint-UA_2007-03-22-m1.u78.p1.sent3	Будем.	UKRAINIAN
ParlaMint-UA_2007-03-22-m1.u78.p2.sent1	Я ставлю на голосування про прийняття за основу в першому читанні Закону про внесення змін до Закону України про порядок ввезення, пересилання в Україну, митного оформлення і оподаткування особистих речей, товарів та транспортних засобів, що ввозяться, пересилаються громадянами на митну територію України.	UKRAINIAN
ParlaMint-UA_2007-03-22-m1.u78.p2.sent2	Реєстраційний номер 2818.	UKRAINIAN
ParlaMint-UA_2007-03-22-m1.u78.p2.sent3	Прошу підтримати.	UKRAINIAN
ParlaMint-UA_2007-03-22-m1.u78.p3.sent1	За-243	UKRAINIAN
ParlaMint-UA_2007-03-22-m1.u78.p4.sent1	Прийнято.	UKRAINIAN
ParlaMint-UA_2007-03-22-m1.u78.p5.sent1	Будь ласка, при доопрацюванні до другого читання прошу звернути увагу на пропозиції, які висловив представник Президента.	UKRAINIAN
ParlaMint-UA_2007-03-22-m1.u78.p6.sent1	Продовжую засідання на 15 хвилин.	UKRAINIAN
ParlaMint-UA_2007-03-22-m1.u78.p6.sent2	Розглядається.	UKRAINIAN
ParlaMint-UA_2007-03-22-m1.u78.p6.sent3	Шановні колеги, ми трохи сьогодні більшу ж перерву мали на півгодини, то на 15 пізніше попрацюєм.	UKRAINIAN
ParlaMint-UA_2007-03-22-m1.u78.p6.sent4	А?	UKRAINIAN
ParlaMint-UA_2007-03-22-m1.u78.p6.sent5	Було важке голосування?	UKRAINIAN
ParlaMint-UA_2007-03-22-m1.u78.p7.sent1	Проект Закону про внесення змін до Закону України "Про Єдиний митний тариф" .	UKRAINIAN
ParlaMint-UA_2007-03-22-m1.u78.p7.sent2	Реєстраційний номер 2841.	UKRAINIAN
ParlaMint-UA_2007-03-22-m1.u78.p7.sent3	Голова Державної митної служби Олександр Борисович Єгоров, будь ласка.	UKRAINIAN
ParlaMint-UA_2007-03-22-m1.u78.p7.sent4	Підготуватись Мельничуку.	UKRAINIAN
ParlaMint-UA_2007-03-22-m1.u79.p1.sent1	Шановний Адаме Івановичу, шановні народні депутати!	UKRAINIAN
ParlaMint-UA_2007-03-22-m1.u79.p1.sent2	Проектом передбачається внесення зміни до статей 8-ї та 19-ї Закону України про єдиний митний тариф.	UKRAINIAN
ParlaMint-UA_2007-03-22-m1.u79.p1.sent3	Зокрема, стаття 8 чинного закону доповнюється нормою щодо оподаткування товарів українського походження, які імпортуються на митну територію України за пільговими ставками ввізного мита.	UKRAINIAN
ParlaMint-UA_2007-03-22-m1.u79.p1.sent4	Чому?	UKRAINIAN
ParlaMint-UA_2007-03-22-m1.u79.p2.sent1	Законом України „Про операцію з давальницькою сировиною” в зовнішньоекономічних відносинах готова продукція, що вироблена з давальницької сировини може реалізувати на митній території України за умови сплати ввізного мита за пільговими ставками митного тарифу в України.	UKRAINIAN
ParlaMint-UA_2007-03-22-m1.u79.p3.sent1	В той же час відповідно до статті 19 Закону України „Про єдиний митний тариф” не обкладаються митом товари та інші предмети, які походять з митної території України і ввозяться назад на цю територію без обробки або переробки.	UKRAINIAN
ParlaMint-UA_2007-03-22-m1.u79.p4.sent1	Таким чином, існує схема ухилення від плати податків шляхом вивезення продукції виробленої з давальницької сировини з наступним зворотнім ввезенням на митну територію без обкладення ввізним митом.	UKRAINIAN
ParlaMint-UA_2007-03-22-m1.u79.p5.sent1	Так протягом останніх чотирьох років в Україну було ввезено таких товарів українського походження на суму 112 мільйонів доларів США з наданням пільг обкладенні ввізним митом.	UKRAINIAN
ParlaMint-UA_2007-03-22-m1.u79.p6.sent1	Найбільші суми звільнень припадають на цукор та вироби з нього, м’яса, м’ясопродукти, продукти переробки овочів, алкогольні, безалкогольні напої.	UKRAINIAN
ParlaMint-UA_2007-03-22-m1.u79.p6.sent2	Саме на ці товари встановлені високі ставки ввізного мита.	UKRAINIAN
ParlaMint-UA_2007-03-22-m1.u79.p6.sent3	Розмір щорічних надходжень до державних та місцевих бюджетів і державних цільових фондів пов’язаних із введенням в дію акта, передбачається тільки по ввізному миту на рівні до 28 мільйонів гривень.	UKRAINIAN
ParlaMint-UA_2007-03-22-m1.u79.p7.sent1	Враховуючи вище зазначене, просимо підтримати законопроект.	UKRAINIAN
ParlaMint-UA_2007-03-22-m1.u79.p7.sent2	Дякую	UKRAINIAN
ParlaMint-UA_2007-03-22-m1.u80.p1.sent1	Дякую.	UKRAINIAN
ParlaMint-UA_2007-03-22-m1.u80.p1.sent2	Сідайте, будь ласка.	UKRAINIAN
ParlaMint-UA_2007-03-22-m1.u80.p2.sent1	Мельничук Михайло Васильович від комітету, підготуватися Зваричу.	UKRAINIAN
ParlaMint-UA_2007-03-22-m1.u81.p1.sent1	Михайло Мельничук, фракція Соціалістичної партії України, Чернівецька область.	UKRAINIAN
ParlaMint-UA_2007-03-22-m1.u81.p2.sent1	Шановний Адаме Івановичу, шановні колеги.	UKRAINIAN
ParlaMint-UA_2007-03-22-m1.u81.p2.sent2	Комітет Верховної Ради України з питань фінансів і банківської діяльності на своє засіданні 13 березня цього року розглянув поданий Кабінетом Міністрів України проект Закону про внесення змін до Закону України „Про єдиний митний тариф”.	UKRAINIAN
ParlaMint-UA_2007-03-22-m1.u81.p2.sent3	І прийняв рішення рекомендувати Верховній Раді прийняти його за основу.	UKRAINIAN
ParlaMint-UA_2007-03-22-m1.u81.p3.sent1	В процесі обговорення даного законопроекту на засіданні комітету народні депутати України члени комітету висловили одностайну підтримку щодо розгляду даного проекту закону на засіданні Верховної Ради України та зауважили, що його прийняття сприятиме наповненню доходної частини державного бюджету України за рахунок сплати ввізного мита та дозволить запобігти використанню схем щодо ухилення від сплати податків.	UKRAINIAN
ParlaMint-UA_2007-03-22-m1.u81.p4.sent1	Головне науково-експертне управління апарату Верховної Ради України у своєму висновку від 19 лютого цього року зазначає, що за результатами розгляду у першому читанні законопроект може бути взятий за основу з врахуванням висловлених зауважень і пропозицій.	UKRAINIAN
ParlaMint-UA_2007-03-22-m1.u81.p5.sent1	Прошу підтримати.	UKRAINIAN
ParlaMint-UA_2007-03-22-m1.u81.p5.sent2	Дякую за увагу.	UKRAINIAN
ParlaMint-UA_2007-03-22-m1.u82.p1.sent1	Дякую, Михайло Васильович.	UKRAINIAN
ParlaMint-UA_2007-03-22-m1.u82.p1.sent2	Сідайте.	UKRAINIAN
ParlaMint-UA_2007-03-22-m1.u82.p2.sent1	Роман Михайлович Зварич, представник Президента.	UKRAINIAN
ParlaMint-UA_2007-03-22-m1.u83.p1.sent1	Шановний Адаме Івановичу, шановні народні депутати України.	UKRAINIAN
ParlaMint-UA_2007-03-22-m1.u83.p2.sent1	Президента України загалом позитивно оцінює внесений Кабінетом Міністрів України на розгляд Верховної Ради України цей проект закону.	UKRAINIAN
ParlaMint-UA_2007-03-22-m1.u83.p3.sent1	Законопроект, з одного боку, має на меті захистити вітчизняного товаровиробника шляхом усунення існуючої дискримінації українських товарів на власному ринку, до яких на сьогодні застосовуються повні ставки ввізного мита.	UKRAINIAN
ParlaMint-UA_2007-03-22-m1.u83.p3.sent2	З іншого, запобігти схемам ухилення від сплати ввізного мита при зворотному ввезенні на митну територію України окремих товарів українського походження.	UKRAINIAN
ParlaMint-UA_2007-03-22-m1.u83.p4.sent1	Принагідно Президента України зауважує, що попри часті заяви з критикою роботи попередніх уряд, чинний уряд, особливо у частині, що стосується законопроектної роботи, активно використовує якраз напрацювання своїх попередників.	UKRAINIAN
ParlaMint-UA_2007-03-22-m1.u83.p5.sent1	Зокрема, майже аналогічний законопроект за реєстраційним номером 9082 вносився на розгляд парламенту урядом Юрія Єханурова у лютому 2006 року.	UKRAINIAN
ParlaMint-UA_2007-03-22-m1.u83.p5.sent2	Однак, не був розглянутий Верховною Радою України з об’єктивних причин.	UKRAINIAN
ParlaMint-UA_2007-03-22-m1.u83.p6.sent1	Положення цього законопроекту, який є предметом вашого розгляду, шановні народні депутати, повністю знайшли своє відображення в запропонованому Кабінетом Міністрів України проекті законів, власне, практично не змін.	UKRAINIAN
ParlaMint-UA_2007-03-22-m1.u83.p7.sent1	Разом з тим Президента України висловлює окремі зауваження до цього законопроекту, звертаючи увагу зокрема Кабінету Міністрів України і Міністерства фінансів на наступну обставини.	UKRAINIAN
ParlaMint-UA_2007-03-22-m1.u83.p7.sent2	Законопроектом, який не зазнав жодних змін з 2006 року, передбачається набрання ним чинності з дня опублікування, що не узгоджується з частиною восьмої статті першої Закону України про систему оподаткування та статтею 27-ю Бюджетного кодексу, відповідно до яких зміни і доповнення до цього закону, інших законів про оподаткування стосовно надання пільг, зміни податків, зборів, механізми їх сплати вносяться не пізніше, ніж за шість місяців до початку нового бюджетного року і набирає чинності з початку нового бюджетного року.	UKRAINIAN
ParlaMint-UA_2007-03-22-m1.u83.p7.sent3	Слідувало б Міністерству фінансів та Кабінету Міністрів України якраз на цю обставину.	UKRAINIAN
ParlaMint-UA_2007-03-22-m1.u84.p1.sent1	Тобто це одне, найсерйозніше зауваження.	UKRAINIAN
ParlaMint-UA_2007-03-22-m1.u84.p1.sent2	Зрозуміло.	UKRAINIAN
ParlaMint-UA_2007-03-22-m1.u84.p2.sent1	Шановні колеги, тоді ми з вами маємо можливість прийняти закон у першому читанні, але я просив би, коли будемо до другого готувати, дійсно, врахувати це побажання Президента, що закон вводиться в дію з першого січня 2008 року.	UKRAINIAN
ParlaMint-UA_2007-03-22-m1.u84.p2.sent2	Але це вже буде при другому читанні.	UKRAINIAN
ParlaMint-UA_2007-03-22-m1.u84.p2.sent3	Голосується законопроект за номером 2841 про внесення змін до Закону України „Про Єдиний митний тариф”.	UKRAINIAN
ParlaMint-UA_2007-03-22-m1.u84.p2.sent4	Прошу голосувати в першому читанні.	UKRAINIAN
ParlaMint-UA_2007-03-22-m1.u84.p3.sent1	За-242	UKRAINIAN
ParlaMint-UA_2007-03-22-m1.u84.p4.sent1	Прийнято.	UKRAINIAN
ParlaMint-UA_2007-03-22-m1.u84.p5.sent1	Шановні колеги, коли ми з вами сьогодні розглядали проект Постанови про утворення спільної парламентсько-урядової комісії з інтеграції України до Європейського Союзу, ми прийняли цю постанову за основу і домовилися, якщо буде внесений персональний склад парламентської частини спільної парламентсько-урядової комісії, то ми приймемо цю постанову і в цілому.	UKRAINIAN
ParlaMint-UA_2007-03-22-m1.u84.p6.sent1	Підготували цей склад.	UKRAINIAN
ParlaMint-UA_2007-03-22-m1.u84.p6.sent2	Я вас ознайомлю з ним: Вечерко Володимир Миколайович – голова комісії , Ларін Сергій Миколайович , Орлов Андрій Вікторович , Плотніков Олексій Віталійович , Романюк Микола Прокопович , Фалько Володимир Іванович , Гасюк Петро Петрович , Кириленко Євген Григорович , Шевчук Сергій Володимирович і Шкіль Андрій Васильович - також представники „Блоку Тимошенко”, Білозір Оксана Володимирівна, Лановий Володимир Тимофійович, Ляпіна Ксенія Михайлівна , Мендусь Ярослав Петрович і Алексєєв Ігор Вікторович .	UKRAINIAN
ParlaMint-UA_2007-03-22-m1.u84.p7.sent1	Підтвердження всіх фракцій за виключенням фракції соціалістів, але я думаю, вони дадуть таке підтвердження є.	UKRAINIAN
ParlaMint-UA_2007-03-22-m1.u84.p7.sent2	я тоді ставлю із урахуванням цих прізвищ щодо складу нашої парламентської частини спільної парламентсько-урядової комісії прийняти в цілому постанову про утворення спільної парламентсько-урядової комісії з інтеграції України до Європейського Союзу.	UKRAINIAN
ParlaMint-UA_2007-03-22-m1.u84.p8.sent1	Реєстраційний номер 2878. прошу голосувати.	UKRAINIAN
ParlaMint-UA_2007-03-22-m1.u84.p9.sent1	Рухаємось до Європи швидше.	UKRAINIAN
ParlaMint-UA_2007-03-22-m1.u84.p10.sent1	За-240	UKRAINIAN
ParlaMint-UA_2007-03-22-m1.u84.p11.sent1	Створено комісію.	UKRAINIAN
ParlaMint-UA_2007-03-22-m1.u84.p11.sent2	Постанова прийнята в цілому.	UKRAINIAN
ParlaMint-UA_2007-03-22-m1.u84.p12.sent1	Розглядається проект Закону про внесення змін до Закону України "Про об’єднання співвласників багатоквартирного будинку".	UKRAINIAN
ParlaMint-UA_2007-03-22-m1.u84.p12.sent2	Реєстраційний номер 2855.	UKRAINIAN
ParlaMint-UA_2007-03-22-m1.u84.p13.sent1	Орлов Анатолій Олексійович, перший заступник міністра будівництва.	UKRAINIAN
ParlaMint-UA_2007-03-22-m1.u84.p13.sent2	ну важко сказати якого, але перший заступник міністра.	UKRAINIAN
ParlaMint-UA_2007-03-22-m1.u84.p13.sent3	Будь ласка, бо ми вже розділили ці міністерства.	UKRAINIAN
ParlaMint-UA_2007-03-22-m1.u84.p13.sent4	Прошу.	UKRAINIAN
ParlaMint-UA_2007-03-22-m1.u85.p1.sent1	Шановний Адаме Івановичу, шановні народні депутати!	UKRAINIAN
ParlaMint-UA_2007-03-22-m1.u85.p1.sent2	Законопроект, який представлено на розгляд Верховної Ради, стосується такої форми організації населення, як об’єднання співвласників багатоквартирного будинку і спрямований на активізацію їх створення.	UKRAINIAN
ParlaMint-UA_2007-03-22-m1.u85.p2.sent1	Виконання такої форми управління житлом, фондом є притаманним для країн з ринковою економікою і довело свою ефективність.	UKRAINIAN
ParlaMint-UA_2007-03-22-m1.u85.p2.sent2	Обов’язковість створення таких об’єднань запроваджено у Норвегії, Данії, Німеччині, Нідерландах та інших країнах Європи.	UKRAINIAN
ParlaMint-UA_2007-03-22-m1.u85.p3.sent1	Саме такий підхід до утримання та управління багатоквартирним будинком дозволяє визначати реального власника будинку.	UKRAINIAN
ParlaMint-UA_2007-03-22-m1.u85.p3.sent2	Широке запровадження об’єднань в Україні дозволить вирішити цілу низку проблем.	UKRAINIAN
ParlaMint-UA_2007-03-22-m1.u85.p3.sent3	Зокрема, співвласники багатоквартирного будинку, створивши таке об’єднання, отримують статус юридичної особи, яка може здійснювати реальний вплив на ефективність управління спільного майна, можливість вибору підрядних організацій для виконання ремонтних робіт та надання послуг, вигоду від отримання приміщень спільного користування, якими є городища, підвали і інші господарські приміщення, розташовані в будинках, можливість зменшення адміністративних витрат з утримання будинку та здійснення заходів щодо підвищення його енергоефективності.	UKRAINIAN
ParlaMint-UA_2007-03-22-m1.u85.p4.sent1	З метою врегулювання порушеного питання законопроектом передбачено обов’язкове створення об’єднань в новозбудованих будинках, які з моменту введення в експлуатацію перебувають у спільній власності власників жилих та нежилих приміщень будинку; набуття членства в об’єднанні одночасно з набуттям права власності на житло у будинку, де вже створено СББ, оскільки всіх власників жилих і нежилих приміщень будинку об’єднує майно, що є їх спільною власністю; призначення управителів у випадку неприйняття рішення про створення об’єднання співвласників багатоквартирного будинку, створення об’єднання на декілька будинків.	UKRAINIAN
ParlaMint-UA_2007-03-22-m1.u86.p1.sent1	Анатолій Олексійович, дякую.	UKRAINIAN
ParlaMint-UA_2007-03-22-m1.u86.p1.sent2	Я так зрозумів, що ви просите підтримати.	UKRAINIAN
ParlaMint-UA_2007-03-22-m1.u86.p1.sent3	Добре.	RUSSIAN
ParlaMint-UA_2007-03-22-m1.u86.p2.sent1	Будь ласка, Олексій Юрійович Кучеренко, голова підкомітету Комітету з питань будівництва, містобудування і житлово-комунального господарства.	UKRAINIAN
ParlaMint-UA_2007-03-22-m1.u86.p2.sent2	Він продовжить ваші думки.	UKRAINIAN
ParlaMint-UA_2007-03-22-m1.u86.p2.sent3	Прошу.	UKRAINIAN
ParlaMint-UA_2007-03-22-m1.u87.p1.sent1	Дякую.	UKRAINIAN
ParlaMint-UA_2007-03-22-m1.u87.p1.sent2	Шановний Адаме Івановичу, шановні народні депутати!	UKRAINIAN
ParlaMint-UA_2007-03-22-m1.u87.p1.sent3	Олексій Кучеренко, голова підкомітету житлово-комунального господарства, а також за сумісництвом голова Спілки власників житла України, всеукраїнської спілки.	UKRAINIAN
ParlaMint-UA_2007-03-22-m1.u87.p2.sent1	Дійсно, ця тема є дуже актуальна для подальшого процесу реформування житлово-комунального господарства, законопроект про який йдеться мова.	UKRAINIAN
ParlaMint-UA_2007-03-22-m1.u87.p2.sent2	Було розглянуто на засіданні комітету з питань будівництва, містобудування, житлово-комунального господарства і ми прийняли рішення рекомендувати Верховній Раді прийняти його в першому читанні за основу.	UKRAINIAN
ParlaMint-UA_2007-03-22-m1.u87.p3.sent1	Але я не хотів би зараз нахвалювати цей законопроект.	UKRAINIAN
ParlaMint-UA_2007-03-22-m1.u87.p3.sent2	Безумовно, з одного боку він потребує і суттєвої доробки, з іншого боку, на жаль, він, практично, не вирішує основної проблеми, тобто він не заважає подальшому процесу, але він, це не той закон, який, дійсно, дозволить нам з вами зробити якісний крок в ході реформування ЖКХ і створення ОСББ.	UKRAINIAN
ParlaMint-UA_2007-03-22-m1.u87.p4.sent1	Я, користуючись нагодою, хочу звернути вашу увагу на те, що на сьогодні ми маємо, майже, 85 відсотків приватизованого житлового фонду, але, на жаль, тільки 5 відсотків будинків сьогодні змінили форму власності і стали ось цими ОСББ, як на западі вони називаються кондомініуми.	UKRAINIAN
ParlaMint-UA_2007-03-22-m1.u87.p5.sent1	Я переконаний, що саме тут зарита основна проблема, яка не дозволяє далі нам рухатися в плані реформування, не дозволяє створювати ефективного власника і споживача послуг, не дозволяє, дійсно, зробити прорив в сфері реформування ЖКХ.	UKRAINIAN
ParlaMint-UA_2007-03-22-m1.u87.p6.sent1	Тому прошу підтримати від комітету цей законопроект, ми будемо його доопрацьовувати у другому читанні, враховуючи інші законопроекти, які подані шановним колегою Мельничуком і іншими колегами.	UKRAINIAN
ParlaMint-UA_2007-03-22-m1.u87.p6.sent2	І думаю, що цього року і, користуючись тим, що створене нове Міністерство і новий міністр, ми з вами зробимо якісний прорив в сфері реформування житлово-комунального господарства.	UKRAINIAN
ParlaMint-UA_2007-03-22-m1.u87.p6.sent3	Дякую за увагу.	UKRAINIAN
ParlaMint-UA_2007-03-22-m1.u88.p1.sent1	Дякую, Олексій Юрієвич.	UKRAINIAN
ParlaMint-UA_2007-03-22-m1.u88.p1.sent2	Будь ласка, Чорноморов хоче виступити з приводу цього закону, прошу і будемо визначатися.	UKRAINIAN
ParlaMint-UA_2007-03-22-m1.u89.p1.sent1	Александр Черноморов, фракция Регионов, Крым.	RUSSIAN
ParlaMint-UA_2007-03-22-m1.u89.p2.sent1	Уважаемые коллеги, я хотел бы сказать несколько слов о том эффективном споживаче, прокоторого сейчас только было сказано несколько ранее.	RUSSIAN
ParlaMint-UA_2007-03-22-m1.u89.p3.sent1	Я хочу привести тот факт, что сегодня с объединения спиввласников жилья как с юридических лиц тариф на потребление газа не 31 копейка, а 68.	RUSSIAN
ParlaMint-UA_2007-03-22-m1.u89.p3.sent2	И это распространяется через «Нефтегаз Украины».	RUSSIAN
ParlaMint-UA_2007-03-22-m1.u89.p3.sent3	Как говорится, господин Ивченко ушел, а наследники остались.	RUSSIAN
ParlaMint-UA_2007-03-22-m1.u89.p3.sent4	Дома, которые оборудованы крышными котельными, тоже по этому тарифу пускаются – 68 копеек.	RUSSIAN
ParlaMint-UA_2007-03-22-m1.u89.p4.sent1	Так у меня вопрос.	RUSSIAN
ParlaMint-UA_2007-03-22-m1.u89.p4.sent2	Мы этим законом куда граждан зовем?	RUSSIAN
ParlaMint-UA_2007-03-22-m1.u89.p4.sent3	Мы их зовем вместо 31 копейки платить 68?	RUSSIAN
ParlaMint-UA_2007-03-22-m1.u89.p4.sent4	Кстати, письма рассылает из «Нафтогаза Украины», по странному стечению обстоятельств, человек с фамилией великого вождя наших друзей коммунистов, чтобы знали.	RUSSIAN
ParlaMint-UA_2007-03-22-m1.u89.p5.sent1	Я предложил бы вообще разобраться с этим вопросом.	RUSSIAN
ParlaMint-UA_2007-03-22-m1.u89.p5.sent2	Прежде, чем граждан затягивать в тариф 68 копеек, почему такое происходит, а потом уже принимать данный законопроект.	RUSSIAN
ParlaMint-UA_2007-03-22-m1.u89.p5.sent3	Потому что тогда будет нелогично, кто же будет идти, и что стоят разговоры о тех же энергосберегающих технологиях, люди объединяются.	RUSSIAN
ParlaMint-UA_2007-03-22-m1.u89.p6.sent1	Здесь тоже в этом законе сказано про управление неподильным та загальным майном житлового комплекса.	RUSSIAN
ParlaMint-UA_2007-03-22-m1.u89.p6.sent2	А в результате, повторяю, вместо 31 копейки 68.	RUSSIAN
ParlaMint-UA_2007-03-22-m1.u89.p6.sent3	Кто это придумал?	RUSSIAN
ParlaMint-UA_2007-03-22-m1.u89.p6.sent4	Пожалуйста, разберитесь с этим.	RUSSIAN
ParlaMint-UA_2007-03-22-m1.u89.p6.sent5	И тогда, наверное, можно будет принимать этот закон.	RUSSIAN
ParlaMint-UA_2007-03-22-m1.u89.p6.sent6	Спасибо.	RUSSIAN
ParlaMint-UA_2007-03-22-m1.u90.p1.sent1	Дякую.	UKRAINIAN
ParlaMint-UA_2007-03-22-m1.u90.p1.sent2	Ну, ми ще у першому читанні приймаємо, а потім приймемо у цілому.	UKRAINIAN
ParlaMint-UA_2007-03-22-m1.u90.p2.sent1	Обговорення питання завершено.	UKRAINIAN
ParlaMint-UA_2007-03-22-m1.u90.p2.sent2	Я ставлю на голосування про прийняття за основу проекту Закону про внесення змін до Закону України "Про об’єднання співвласників багатоквартирного будинку”, реєстраційний номер 2855.	UKRAINIAN
ParlaMint-UA_2007-03-22-m1.u90.p2.sent3	Прошу голосувати.	UKRAINIAN
ParlaMint-UA_2007-03-22-m1.u90.p2.sent4	У першому читанні.	UKRAINIAN
ParlaMint-UA_2007-03-22-m1.u90.p3.sent1	За-241	UKRAINIAN
ParlaMint-UA_2007-03-22-m1.u90.p4.sent1	Прийнято.	UKRAINIAN
ParlaMint-UA_2007-03-22-m1.u90.p5.sent1	Розглядається проект Закону про внесення зміни до статті 52 Закону України "Про загальнообов’язкове державне пенсійне страхування”.	UKRAINIAN
ParlaMint-UA_2007-03-22-m1.u90.p5.sent2	3050 - номер законопроекту.	UKRAINIAN
ParlaMint-UA_2007-03-22-m1.u90.p5.sent3	Лавринович Олександр Володимирович – міністр юстиції.	UKRAINIAN
ParlaMint-UA_2007-03-22-m1.u91.p1.sent1	Шановний Адам Іванович, шановні народні депутати!	UKRAINIAN
ParlaMint-UA_2007-03-22-m1.u91.p2.sent1	Проблема, яка порушуються в цьому законі, є дуже простою, але водночас соціально значимою.	UKRAINIAN
ParlaMint-UA_2007-03-22-m1.u92.p1.sent1	Матюха, не буяньте там.	UKRAINIAN
ParlaMint-UA_2007-03-22-m1.u93.p1.sent1	Мова йде про те, що є у нас сьогодні розбіжності між Цивільним кодексом і законом про пенсійне забезпечення.	UKRAINIAN
ParlaMint-UA_2007-03-22-m1.u93.p1.sent2	Відповідно Закону про пенсійне забезпечення сьогодні, якщо людина поминає і є нарахована її пенсія, вона не включається до спадщини.	UKRAINIAN
ParlaMint-UA_2007-03-22-m1.u93.p2.sent1	Цивільний кодекс передбачає, що все, в тому числі і неотримана пенсія померлого, може бути зарахована до спадщина.	UKRAINIAN
ParlaMint-UA_2007-03-22-m1.u93.p3.sent1	Пропонуємо привести це у відповідність, і окрім можливості виплати близьким членам сім’ї, що передбачені у пенсійному законі, включити також норму, що в разі неотримання ними цієї суми пенсії вона має зараховуватися до спадщини, і як і все інше майно, яке належало померлому, може бути успадковане спадкоємцями, які передбачені законом.	UKRAINIAN
ParlaMint-UA_2007-03-22-m1.u93.p4.sent1	Прошу підтримати.	UKRAINIAN
ParlaMint-UA_2007-03-22-m1.u94.p1.sent1	Дякую, сідайте, будь ласка.	UKRAINIAN
ParlaMint-UA_2007-03-22-m1.u94.p2.sent1	Мостіпан.	UKRAINIAN
ParlaMint-UA_2007-03-22-m1.u94.p2.sent2	не бачу.	UKRAINIAN
ParlaMint-UA_2007-03-22-m1.u94.p2.sent3	Співдоповідач.	UKRAINIAN
ParlaMint-UA_2007-03-22-m1.u94.p3.sent1	Я думаю, треба підтримати.	UKRAINIAN
ParlaMint-UA_2007-03-22-m1.u94.p3.sent2	Можливо, ми одразу проголосуємо його і як закон?	UKRAINIAN
ParlaMint-UA_2007-03-22-m1.u94.p3.sent3	Тут все зрозуміло, житейське питання.	UKRAINIAN
ParlaMint-UA_2007-03-22-m1.u94.p3.sent4	Я думаю, що.	UKRAINIAN
ParlaMint-UA_2007-03-22-m1.u94.p4.sent1	Голосуємо як Закон про внесення зміни до статті 52 Закону України „Про загальнообов’язкове державне пенсійне страхування” .	UKRAINIAN
ParlaMint-UA_2007-03-22-m1.u94.p4.sent2	Реєстраційний номер 3050.	UKRAINIAN
ParlaMint-UA_2007-03-22-m1.u94.p4.sent3	Прошу голосувати як закон в цілому.	UKRAINIAN
ParlaMint-UA_2007-03-22-m1.u94.p5.sent1	За-241	UKRAINIAN
ParlaMint-UA_2007-03-22-m1.u94.p6.sent1	Закон прийнято.	UKRAINIAN
ParlaMint-UA_2007-03-22-m1.u94.p6.sent2	Дякую.	UKRAINIAN
ParlaMint-UA_2007-03-22-m1.u94.p7.sent1	Наступний в нас закон за номером 2666 про внесення змін до Господарсько-процесуального кодексу України щодо використання української мови та визначення статусу перекладача в господарському судочинстві, але немає автора доповідача, Оніщук ігнорує наше засідання, тому не розглядаємо.	UKRAINIAN
ParlaMint-UA_2007-03-22-m1.u94.p8.sent1	Те ж саме стосується Проекту Закону про внесення змін до статті 36 Кримінального кодексу України , 2084, тут Яворівський доповідач, можливо, співдоповідач, Петрик, є?	UKRAINIAN
ParlaMint-UA_2007-03-22-m1.u94.p9.sent1	Будь ласка.	UKRAINIAN
ParlaMint-UA_2007-03-22-m1.u94.p9.sent2	Петро Пантелеймонович, прошу думку комітету з приводу цього закону 2084.	UKRAINIAN
ParlaMint-UA_2007-03-22-m1.u94.p9.sent3	Ні, ні, ще не голосуємо.	UKRAINIAN
ParlaMint-UA_2007-03-22-m1.u94.p9.sent4	Співдоповідь комітету.	UKRAINIAN
ParlaMint-UA_2007-03-22-m1.u95.p1.sent1	Петрик Петро, Партія регіонів, Одеса.	UKRAINIAN
ParlaMint-UA_2007-03-22-m1.u95.p2.sent1	Шановний голова!	UKRAINIAN
ParlaMint-UA_2007-03-22-m1.u95.p2.sent2	Шановні народні депутати!	UKRAINIAN
ParlaMint-UA_2007-03-22-m1.u95.p2.sent3	Захист конституційних прав наших співгромадян є безумно однією з найважливіших цілей за для, досягнення яких працюють усі гілки влади, в тому числі і в першу чергу законодавча.	UKRAINIAN
ParlaMint-UA_2007-03-22-m1.u95.p2.sent4	Це природно випливає з вимог Конституції та логіки діяльності Верховної Ради.	UKRAINIAN
ParlaMint-UA_2007-03-22-m1.u95.p3.sent1	Мені приємно визнати, що народні депутати постійно звертаються до цієї проблематики в межах кримінального права, намагаючись вдосконалити положення Кримінального кодексу.	UKRAINIAN
ParlaMint-UA_2007-03-22-m1.u95.p3.sent2	Логіка цього законопроекту полягає в наступному.	UKRAINIAN
ParlaMint-UA_2007-03-22-m1.u95.p4.sent1	Сьогодні відповідно до Кримінального кодексу є правомірним заподіяння шкоди будь-якої тяжкості особі у трьох випадках: напад озброєної особи, груповий напад та насильницьке протиправне вторгнення в житло.	UKRAINIAN
ParlaMint-UA_2007-03-22-m1.u95.p4.sent2	При цьому навіть не ставиться питання про перевищення необхідної оборони.	UKRAINIAN
ParlaMint-UA_2007-03-22-m1.u95.p4.sent3	Тобто кримінальна відповідальність за такі дії виключається.	UKRAINIAN
ParlaMint-UA_2007-03-22-m1.u95.p4.sent4	Це положення є одним з фундаментальних, принципових у кримінальному законі.	UKRAINIAN
ParlaMint-UA_2007-03-22-m1.u95.p4.sent5	Воно напрацьовано десятками років аналізу судової практики.	UKRAINIAN
ParlaMint-UA_2007-03-22-m1.u95.p4.sent6	Фактично в наведених випадках ми звільняємо особу від будь-яких обмежень з боку держави.	UKRAINIAN
ParlaMint-UA_2007-03-22-m1.u95.p4.sent7	Тому при використанні наведеної норми слід бути вкрай обережними, оскільки межа тут надзвичайно тонка.	UKRAINIAN
ParlaMint-UA_2007-03-22-m1.u95.p4.sent8	Можемо, не бажаючи цього, стимулювати вал необгрунтованого насильства, яке, тим не менш, буде правомірним.	UKRAINIAN
ParlaMint-UA_2007-03-22-m1.u95.p5.sent1	Передбачені законопроектом положення про викладання частини 5-ї статті 36-ї Кримінального Кодексу України в новій редакції направлені на усунення обмеження конституційних прав осіб, які можуть знаходитись у стані необхідної оборони при відверненні ними протиправного насильницького вторгнення не тільки у житло.	UKRAINIAN
ParlaMint-UA_2007-03-22-m1.u96.p1.sent1	Так, дякую.	UKRAINIAN
ParlaMint-UA_2007-03-22-m1.u96.p1.sent2	Сідайте.	UKRAINIAN
ParlaMint-UA_2007-03-22-m1.u97.p1.sent1	Комітет пропонує підтримати в першому читанні.	UKRAINIAN
ParlaMint-UA_2007-03-22-m1.u98.p1.sent1	Підтримати.	UKRAINIAN
ParlaMint-UA_2007-03-22-m1.u98.p1.sent2	Добре.	RUSSIAN
ParlaMint-UA_2007-03-22-m1.u98.p1.sent3	Комітет пропонує підтримати.	UKRAINIAN
ParlaMint-UA_2007-03-22-m1.u98.p1.sent4	Науково-експертне управління – відхилити.	UKRAINIAN
ParlaMint-UA_2007-03-22-m1.u98.p1.sent5	Але ми будем визначатись.	UKRAINIAN
ParlaMint-UA_2007-03-22-m1.u98.p2.sent1	Ставлю на голосування про прийняття за основу в першому читанні Закону про внесення змін до статті 36-ої Кримінального кодексу України щодо необхідної оборони.	UKRAINIAN
ParlaMint-UA_2007-03-22-m1.u98.p2.sent2	2084 Законопроект.	UKRAINIAN
ParlaMint-UA_2007-03-22-m1.u98.p2.sent3	Прошу визначатись.	UKRAINIAN
ParlaMint-UA_2007-03-22-m1.u98.p3.sent1	За-2	UKRAINIAN
ParlaMint-UA_2007-03-22-m1.u98.p4.sent1	Закон відхилено.	UKRAINIAN
ParlaMint-UA_2007-03-22-m1.u98.p5.sent1	Так, шановні колеги, потерпіть трошки.	UKRAINIAN
ParlaMint-UA_2007-03-22-m1.u98.p5.sent2	У нас є закон, який нам треба обов’язково розглянути.	UKRAINIAN
ParlaMint-UA_2007-03-22-m1.u98.p5.sent3	Проект Закону про внесення змін до статті 12 Закону України "Про плату за землю" .	UKRAINIAN
ParlaMint-UA_2007-03-22-m1.u98.p6.sent1	Реєстраційний номер 2891.	UKRAINIAN
ParlaMint-UA_2007-03-22-m1.u98.p6.sent2	Будь ласка, Сафіуллін Рахіль Сафович, прошу.	UKRAINIAN
ParlaMint-UA_2007-03-22-m1.u99.p1.sent1	Уважаемый Адам Иванович, уважаемые коллеги.	RUSSIAN
ParlaMint-UA_2007-03-22-m1.u99.p2.sent1	Законопроект, который я хочу представить вашему вниманию разработан группой депутатов в составе Томенко, Волков, Филиндаш, Тедеев и Сафиуллин.	RUSSIAN
ParlaMint-UA_2007-03-22-m1.u99.p3.sent1	Он предусматривает освобождение от платы за землю организации физической культуры и спорта, спортивных сооружений предприятий и организаций , которые используют их по целевому назначению.	RUSSIAN
ParlaMint-UA_2007-03-22-m1.u99.p3.sent2	Так.	UKRAINIAN
ParlaMint-UA_2007-03-22-m1.u99.p4.sent1	Далее, баз олимпийских и параолимпийской подготовки.	RUSSIAN
ParlaMint-UA_2007-03-22-m1.u99.p4.sent2	Критерии льготного налогообложения и перечень таких учреждений утверждается Кабинетом Министров.	RUSSIAN
ParlaMint-UA_2007-03-22-m1.u99.p4.sent3	До сегодняшнего дня все эти учреждения , организации базы они были освобождены.	RUSSIAN
ParlaMint-UA_2007-03-22-m1.u99.p5.sent1	Но, принятие одного определенного закона 12 декабря минувшего года приводит к тому, что вынуждены будем платить, но это приведет к тому, что указанныеучреждения, ну, практически погибнут.	RUSSIAN
ParlaMint-UA_2007-03-22-m1.u99.p5.sent2	Средства, которые выделяются государством, их не хватает не то, то для развития, для модернизации, реконструкции, но для поддержания их недостаточно.	RUSSIAN
ParlaMint-UA_2007-03-22-m1.u99.p6.sent1	Поэтому у меня убедительнейшая просьба поддержать данный законопроект.	RUSSIAN
ParlaMint-UA_2007-03-22-m1.u100.p1.sent1	Дякую.	UKRAINIAN
ParlaMint-UA_2007-03-22-m1.u100.p2.sent1	Васильєв Олександр Андрійович – член Комітету з питань фінансів і банківської діяльності.	UKRAINIAN
ParlaMint-UA_2007-03-22-m1.u100.p2.sent2	Оперативно думку комітету, Олександр Андрійович.	UKRAINIAN
ParlaMint-UA_2007-03-22-m1.u101.p1.sent1	Уважаемый Адам Иванович, уважаемые коллеги.	RUSSIAN
ParlaMint-UA_2007-03-22-m1.u101.p1.sent2	Данный законопроект рассматривался в профильном Комитете по финансово-банковской деятельности.	RUSSIAN
ParlaMint-UA_2007-03-22-m1.u101.p1.sent3	Комитет этот законопроект рекомендует принять в первом чтении и принять его за основу.	RUSSIAN
ParlaMint-UA_2007-03-22-m1.u101.p1.sent4	Спасибо.	RUSSIAN
ParlaMint-UA_2007-03-22-m1.u102.p1.sent1	Дякую.	UKRAINIAN
ParlaMint-UA_2007-03-22-m1.u102.p2.sent1	Я ставлю на голосування про прийняття за основу законопроекту за номером 2891 щодо внесення змін до статті 12 Закону України "Про плату за землю" .	UKRAINIAN
ParlaMint-UA_2007-03-22-m1.u102.p3.sent1	Прошу голосувати.	UKRAINIAN
ParlaMint-UA_2007-03-22-m1.u102.p4.sent1	За-243	UKRAINIAN
ParlaMint-UA_2007-03-22-m1.u102.p5.sent1	Прийнято.	UKRAINIAN
ParlaMint-UA_2007-03-22-m1.u102.p6.sent1	Прошу.	UKRAINIAN
ParlaMint-UA_2007-03-22-m1.u102.p6.sent2	Ще одна хвилинка.	UKRAINIAN
ParlaMint-UA_2007-03-22-m1.u102.p7.sent1	Прошу авторів рахувати, що коли до другого читання, що вводиться він у дію не з моменту опублікування, а з нового бюджетного року, тобто з 1 січня.	UKRAINIAN
ParlaMint-UA_2007-03-22-m1.u102.p8.sent1	І послухайте, будь ласка, оголошення.	UKRAINIAN
ParlaMint-UA_2007-03-22-m1.u102.p8.sent2	Я повідомляю, що "Наша Україна" подала новий протокол і тому роблю оголошення.	UKRAINIAN
ParlaMint-UA_2007-03-22-m1.u102.p8.sent3	Згідно з протоколом засідання депутатської фракції "Наша Україна" та відповідно до пункту третього статті 60-ої Регламенту Верховної Ради України повідомляю про виключення народного депутата України Кінаха Анатолія Кириловича зі складу депутатської фракції "Наша Україна".	UKRAINIAN
ParlaMint-UA_2007-03-22-m1.u102.p9.sent1	На підставі пункту чотири статті 59-ої Регламенту Верховної Ради України інформую, що народний депутат України Кінах Анатолій Кирилович є позафракційним.	UKRAINIAN
ParlaMint-UA_2007-03-22-m1.u102.p10.sent1	І ще одне оголошення.	UKRAINIAN
ParlaMint-UA_2007-03-22-m1.u102.p10.sent2	На підстав особистих заяв народних депутатів України Федуна Олексія Леонідовича – члена депутатської фракції блоку "Наша Україна" та Єдіна Олександра Йосиповича – члена депутатської фракції „Блок Юлії Тимошенко” інформую про їх входження до антикризової коаліції, створеної депутатськими фракціями Партії регіонів, Соціалістичної партії України та Комуністичної партії України.	UKRAINIAN
ParlaMint-UA_2007-03-22-m1.u102.p11.sent1	На цій оптимістичній ноті дозвольте оголосити вечірнє засідання Верховної Ради закритим.	UKRAINIAN
ParlaMint-UA_2007-03-22-m1.u102.p11.sent2	Початок роботи завтра о 10 годині.	UKRAINIAN
