id	text
ParlaMint-UA_2019-11-15-m0.u1.p1.sent1	Шановні колеги, будь ласка, підготуйтесь до реєстрації!
ParlaMint-UA_2019-11-15-m0.u1.p1.sent2	Шановні колеги, будь ласка, підготуйтесь до реєстрації.
ParlaMint-UA_2019-11-15-m0.u1.p2.sent1	Шановні колеги, готові реєструватись?
ParlaMint-UA_2019-11-15-m0.u1.p2.sent2	Добре.
ParlaMint-UA_2019-11-15-m0.u1.p3.sent1	Доброго ранку ще раз, шановні народні депутати, шановні представники ЗМІ, гості Верховної Ради України!
ParlaMint-UA_2019-11-15-m0.u1.p4.sent1	Прошу реєструватися.
ParlaMint-UA_2019-11-15-m0.u1.p4.sent2	Реєстрація відбувається шляхом натискання кнопки "за", прошу реєструватися.
ParlaMint-UA_2019-11-15-m0.u1.p5.sent1	В залі зареєстровано 330 народних депутатів України.
ParlaMint-UA_2019-11-15-m0.u1.p5.sent2	Ранкове засідання Верховної Ради України оголошую відкритим.
ParlaMint-UA_2019-11-15-m0.u1.p6.sent1	Шановні колеги, я хотів вам зазначити, що сьогодні в нашого колеги Михайла Новікова день народження.
ParlaMint-UA_2019-11-15-m0.u1.p6.sent2	Я вітаю, бажаю наснаги, вітаю від всієї Верховної Ради України!
ParlaMint-UA_2019-11-15-m0.u1.p6.sent3	Здоров’я, сімейного благополуччя, затишку і досягнення успіхів.
ParlaMint-UA_2019-11-15-m0.u1.p7.sent1	Шановні колеги, 20 листопада весь світ буде святкувати Всесвітній день дитини та відзначати тридцятирічну конвенцію.
ParlaMint-UA_2019-11-15-m0.u2.p1.sent1	Можна я дітям дам виступити?
ParlaMint-UA_2019-11-15-m0.u2.p1.sent2	Я.
ParlaMint-UA_2019-11-15-m0.u2.p1.sent3	Колеги, давайте, ну, ми ж для дітей працюємо!
ParlaMint-UA_2019-11-15-m0.u2.p1.sent4	Я дам вам з мотивів.
ParlaMint-UA_2019-11-15-m0.u2.p2.sent1	Тридцятиріччя Конвенції ООН з прав дитини, яка була ратифікована Україною 1991 року.
ParlaMint-UA_2019-11-15-m0.u2.p2.sent2	Ми маємо можливість дати нашим молодим колегам виступити сьогодні на засіданні українського парламенту.
ParlaMint-UA_2019-11-15-m0.u2.p2.sent3	Для них, я сподіваюсь, це буде нагода відчути себе залученими до важливих процесів парламентаризму в державі, а також привернути увагу до питань захисту.
ParlaMint-UA_2019-11-15-m0.u2.p3.sent1	Прошу на трибуну, Лідія Давидова.
ParlaMint-UA_2019-11-15-m0.u3.p1.sent1	Доброго дня, народні депутати України!
ParlaMint-UA_2019-11-15-m0.u3.p1.sent2	Щиро вдячна вам за можливість сьогодні виступити у цьому залі.
ParlaMint-UA_2019-11-15-m0.u3.p1.sent3	Цього року я відвідала Міжнародну конференцію ЮНІСЕФ для міст, дружніх до дітей та молоді, на якій ми обговорювали питання участі молоді та дітей у життя міст та громад.
ParlaMint-UA_2019-11-15-m0.u3.p2.sent1	Багато представників влади є готовими радитись з дітьми у прийнятті важливих рішень.
ParlaMint-UA_2019-11-15-m0.u3.p2.sent2	І наша країна також активно долучається до цього.
ParlaMint-UA_2019-11-15-m0.u3.p2.sent3	Ми пропонуємо створювати платформи та майданчики, де діти могли б вільно висловлювати свою думку, розвивати дитяче самоврядування на всіх рівнях.
ParlaMint-UA_2019-11-15-m0.u3.p2.sent4	Перш за все, це є реалізація права дитини бути почутою, яка закладена в Конвенції ООН про права дитини.
ParlaMint-UA_2019-11-15-m0.u3.p3.sent1	Також це є користю для країни, це покращення життя самих дітей, даючи дітям можливість брати участь у житті міста.
ParlaMint-UA_2019-11-15-m0.u3.p3.sent2	Ми сприяємо зростанню активних та небайдужих громадян нашої країни, а цим збільшуємо шанси на щасливе майбутнє.
ParlaMint-UA_2019-11-15-m0.u3.p4.sent1	Дякую.
ParlaMint-UA_2019-11-15-m0.u4.p1.sent1	Дякую, Лідо.
ParlaMint-UA_2019-11-15-m0.u4.p1.sent2	Я думаю, що ви виступали набагато краще, ніж деякі народні депутати України, і по суті.
ParlaMint-UA_2019-11-15-m0.u4.p1.sent3	Я вам дуже дякую.
ParlaMint-UA_2019-11-15-m0.u4.p2.sent1	Я хотів би подякувати нашим молодим колегам.
ParlaMint-UA_2019-11-15-m0.u4.p2.sent2	Я думаю, що це гарна зміна, яка зростає, мабуть, і нам так само.
ParlaMint-UA_2019-11-15-m0.u4.p2.sent3	Дякую і успіхів вашому.
ParlaMint-UA_2019-11-15-m0.u4.p3.sent1	Ліда, Лідія Давидова.
ParlaMint-UA_2019-11-15-m0.u4.p3.sent2	Да, Давидова.
ParlaMint-UA_2019-11-15-m0.u4.p3.sent3	Бачите, ви змогли навіть об’єднати зал навколо свого виступу.
ParlaMint-UA_2019-11-15-m0.u4.p3.sent4	Дякую.
ParlaMint-UA_2019-11-15-m0.u4.p4.sent1	Колеги, я думаю, що в першу чергу не з мотивів.
ParlaMint-UA_2019-11-15-m0.u4.p4.sent2	З мотивів ми можемо виступати кожен день, а діти – наше майбутнє - приходять до цієї зали не завжди.
ParlaMint-UA_2019-11-15-m0.u4.p5.sent1	Я даю вам слово з мотивів.
ParlaMint-UA_2019-11-15-m0.u4.p5.sent2	Ірина Володимирівна Геращенко.
ParlaMint-UA_2019-11-15-m0.u4.p5.sent3	Хвилина – з мотивів.
ParlaMint-UA_2019-11-15-m0.u5.p1.sent1	Дякую.
ParlaMint-UA_2019-11-15-m0.u5.p2.sent1	Дорогі школярі, дозвольте вибачитися перед вами за спікера Верховної Ради України, за парламент, що ви двадцять п’ять хвилин чекали на ваш виступ.
ParlaMint-UA_2019-11-15-m0.u5.p2.sent2	І я хочу також перед урядом вибачитися, які прийшли на "годину запитань до Уряду", чекали, так само "слуг" двадцять п’ять хвилин.
ParlaMint-UA_2019-11-15-m0.u5.p3.sent1	І хочу нагадати, що "слуги" прийняли закон, яким рівно о 10 ранку має розпочатися реєстрація шляхом натискання зеленої кнопочки.
ParlaMint-UA_2019-11-15-m0.u5.p3.sent2	Всі "старі", як вони нас називають, депутати прийшли вчасно.
ParlaMint-UA_2019-11-15-m0.u5.p3.sent3	Рівно о 10 ранку тут були діти, уряд, "Європейська солідарність", "Голос", "Батьківщина", позафракційні, "За майбутнє" і "Опозиційна платформа - За життя".
ParlaMint-UA_2019-11-15-m0.u5.p3.sent4	25 хвилин ми чекали "слуг", всі з вами, для того, щоби розпочалася робота парламенту.
ParlaMint-UA_2019-11-15-m0.u5.p3.sent5	Ми просимо сьогодні вирахувати гроші за зарплату всіх "слуг" і перерахувати її на ЮНІСЕФ, на дитячі потреби.
ParlaMint-UA_2019-11-15-m0.u5.p4.sent1	Дякую.
ParlaMint-UA_2019-11-15-m0.u6.p1.sent1	Дякую, Ірина Володимирівна.
ParlaMint-UA_2019-11-15-m0.u6.p2.sent1	Я думаю, що, да, треба починати ходити на роботу вчасно, і я радий, що деякі народні депутати це вже роблять.
ParlaMint-UA_2019-11-15-m0.u6.p3.sent1	Окремо хотів би все ж таки зазначити, що, шановні колеги, незважаючи на корки, проблеми в місті Києві, треба раніше приїжджати на роботу.
ParlaMint-UA_2019-11-15-m0.u6.p3.sent2	Це теж правда.
ParlaMint-UA_2019-11-15-m0.u6.p3.sent3	Тому.
ParlaMint-UA_2019-11-15-m0.u6.p4.sent1	Тому, шановні колеги, переходимо до розгляду питань порядку денного.
ParlaMint-UA_2019-11-15-m0.u6.p4.sent2	Шановні колеги, відповідно до статті 229 Регламенту Верховної Ради України у п’ятницю проводиться "година запитань до Уряду".
ParlaMint-UA_2019-11-15-m0.u6.p4.sent3	У засіданні Верховної Ради України бере участь Прем’єр-міністр України Олексій Валерійович Гончарук та члени Кабінету Міністрів України.
ParlaMint-UA_2019-11-15-m0.u6.p5.sent1	На Погоджувальній раді було визначено тему "години запитань до Уряду".
ParlaMint-UA_2019-11-15-m0.u6.p5.sent2	Члени Кабінету Міністрів України будуть відповідати на запитання про реформування системи охорони здоров’я та сучасний стан фінансового забезпечення охорони здоров’я в України.
ParlaMint-UA_2019-11-15-m0.u6.p6.sent1	Згідно статті 129 регламент пропонується наступний: виступи - відвести 30 хвилин на виступ міністра охорони здоров’я України; для відповіді на письмові та усні запитання від депутатів та депутатських фракцій і груп, на запитання народних депутатів відвести до 30 хвилин; надавати по 1 хвилині на кожне усне запитання та 2 по хвилини на відповідь.
ParlaMint-UA_2019-11-15-m0.u6.p6.sent2	та 2 хвилини на відповідь на нього відповідно до розгляду запитань до уряду від депутатських фракцій і груп.
ParlaMint-UA_2019-11-15-m0.u6.p7.sent1	Шановні колеги, я запрошую на трибуну міністра охорони здоров’я України Зоряну Степанівну Скалецьку.
ParlaMint-UA_2019-11-15-m0.u6.p7.sent2	Пані міністр, пані міністр, прошу відповідати на одне письмове або усне питання від кожної фракції і групи, або письмове запитання, зачитувати обов’язково, від якої політичної сили це питання надійшло до вас.
ParlaMint-UA_2019-11-15-m0.u6.p8.sent1	Дякую.
ParlaMint-UA_2019-11-15-m0.u7.p1.sent1	Доброго дня, шановний спікер, шановні народні депутати!
ParlaMint-UA_2019-11-15-m0.u7.p1.sent2	Міністерство охорони здоров’я як частина уряду абсолютно готове до комунікації і до співпраці, і в тому числі до звітування і відповіді на ваші запитання, котрі надійшли.
ParlaMint-UA_2019-11-15-m0.u7.p2.sent1	Я би хотіла почати з запитання, котре до сьогодні досить багато в медіа звучить, і, власне, це питання було подано від депутатської фракції політичної партії "Опозиційна платформа - За життя", "Всеукраїнського об’єднання "Батьківщина" та інших теж озвучувалось.
ParlaMint-UA_2019-11-15-m0.u7.p2.sent2	Це питання було щодо того, як уряд планує вирішити проблему заборгованості по зарплаті медичним працівникам.
ParlaMint-UA_2019-11-15-m0.u7.p3.sent1	Я би хотіла поінформувати, що всі кошти, котрі були закладені в Державному бюджеті цього року на медичну субвенцію, яка в себе включала в тому числі оплату праці медичним працівникам, були повністю виплачені, перераховані до коштів, до бюджетів місцевої влади.
ParlaMint-UA_2019-11-15-m0.u7.p3.sent2	Згідно законодавства України і Бюджетного кодексу, Закону про місцеве самоврядування місцева влада також повинна займатися збалансуванням бюджету, а отже, додатково дофінансовувати заклади охорони здоров’я.
ParlaMint-UA_2019-11-15-m0.u7.p4.sent1	Станом на сьогодні, в зв’язку з не до кінця відповідальним ставленням місцевої влади до організації роботи закладів охорони здоров’я, до наповненості кадровим складом, до організації і оптимізації всіх ресурсів, які належать до комунальної власності, відбулась, дійсно, на жаль, заборгованість по зарплаті в окремих закладах охорони здоров’я в регіонах України, не у всіх.
ParlaMint-UA_2019-11-15-m0.u7.p4.sent2	І на сьогодні уряд.
ParlaMint-UA_2019-11-15-m0.u7.p4.sent3	І сьогодні уряд на засіданні.
ParlaMint-UA_2019-11-15-m0.u7.p4.sent4	буде проголосовано виділення додаткових 700 мільйонів гривень на дофінансування медичної субвенції на регіони для дофінансування заборгованості покриття, заборгованості зарплат.
ParlaMint-UA_2019-11-15-m0.u7.p5.sent1	Однак, наголошую і прошу всіх депутатів, особливо мажоритарників, в регіонах також працювати з місцевою владою, щоб вона також дофінансовувала те, що вона повинна дійсно здійснювати як власник закладів охорони здоров’я в регіонах.
ParlaMint-UA_2019-11-15-m0.u7.p6.sent1	Також хочу наголосити і поінформувати народних депутатів, що ця проблема, сподіваюсь, цього року буде останньою.
ParlaMint-UA_2019-11-15-m0.u7.p6.sent2	Насправді вона була кожного року.
ParlaMint-UA_2019-11-15-m0.u7.p6.sent3	І кожного року у нас була заборгованість по зарплатах, і кожного року міністерство вишукувало додаткові кошти.
ParlaMint-UA_2019-11-15-m0.u7.p7.sent1	Наступного року в зв’язку зі зміною фінансування надання медичної допомоги в Україні з 1 квітня заклади охорони здоров’я здійснюватимуть свою господарську діяльність за інших законодавчих підстав, а отже насправді заборгованість уже повністю буде зліквідована, а залежатиме лише від управлінських навичок керівника закладу охорони здоров’я.
ParlaMint-UA_2019-11-15-m0.u7.p7.sent2	Також насправді, це сьогодні буде рішення уряду проголосоване про 700 мільйонів гривень, а також я думаю, що до кінця року ми ще знайдемо дофінансування ще з наших економій коштів і інших статей бюджету для того, щоб дофінансувати ще порядку 300 мільйонів гривень в місцеві бюджети, додати для покриття потреб, котрі на сьогодні виникли в регіонах.
ParlaMint-UA_2019-11-15-m0.u7.p8.sent1	Також питання надійшло.
ParlaMint-UA_2019-11-15-m0.u7.p8.sent2	Також від Всеукраїнського об’єднання "Батьківщина", політичної партії "Опозиційна платформа – За життя" та інших депутатських груп щодо.
ParlaMint-UA_2019-11-15-m0.u7.p8.sent3	як уряд вживає заходів щодо стабілізації епідемічної ситуації в Україні?
ParlaMint-UA_2019-11-15-m0.u7.p9.sent1	Власне, на сьогодні на слуху у всіх, і Міністерство охорони здоров’я вживає всіх необхідних заходів щодо стабілізації ситуації, пов’язаної із кором та дифтерією.
ParlaMint-UA_2019-11-15-m0.u7.p9.sent2	На сьогодні ситуація щодо забезпечення вакцинами населення згідно календаря щеплень, тобто дитячого населення, є закупленою і вистачає, і плюс те, що необхідно там через 3 місяці, де буде вистачати.
ParlaMint-UA_2019-11-15-m0.u7.p9.sent3	потрібно буде ще, здійснюється поступова робота з поставщиками, в тому числі ЮНІСЕФ.
ParlaMint-UA_2019-11-15-m0.u7.p9.sent4	І на сьогодні робота щодо поставок вакцин здійснюється.
ParlaMint-UA_2019-11-15-m0.u7.p10.sent1	Одна з ключових проблем, котра пов’язана з епідемічною ситуацією, полягає у недостатньому відсотковому покриттю населення провакцинованими дітьми, зокрема, і найчастіше.
ParlaMint-UA_2019-11-15-m0.u7.p10.sent2	Однак за останній місяць ми має хороший зріст завдяки роботи з регіонами, департаментами охорони здоров’я обласних державних адміністрацій, лікарями, свідомою медичною спільнотою.
ParlaMint-UA_2019-11-15-m0.u7.p10.sent3	І на сьогодні ми маємо в півтора рази збільшення кількості вакцинацій порівняно з минулим роком, таким самим періодом, покриттям вакцинації щодо дітей до року, до півтора року.
ParlaMint-UA_2019-11-15-m0.u7.p10.sent4	Це хороший показник, який свідчить про те, що насправді і батьки розуміють, і медичні працівники сприяють розумінню необхідності підвищення вакцинації на сьогодні населення України.
ParlaMint-UA_2019-11-15-m0.u7.p11.sent1	Щодо дифтерії.
ParlaMint-UA_2019-11-15-m0.u7.p11.sent2	Я хотіла би надати роз’яснення щодо ситуації з сироватками, котрі турбують також дуже багатьох, і багато хто звертається з запитанням, чи їх достатньо.
ParlaMint-UA_2019-11-15-m0.u7.p11.sent3	На сьогодні їх було закуплено, поставлено в Україну, вірніше, 200 і розвезено по всіх регіонах по 8 ампул.
ParlaMint-UA_2019-11-15-m0.u7.p11.sent4	Але це не є вакцинація, це є той препарат, котрий вводиться лише в підтверджених випадках, коли діагностично, лабораторно доведено, що має місце дифтерія.
ParlaMint-UA_2019-11-15-m0.u7.p11.sent5	Насправді ми ще маємо на сьогодні ще поставлених 100 в Україну і 150 ще домовлено, що буде поставлено.
ParlaMint-UA_2019-11-15-m0.u7.p11.sent6	Цього є насправді достатньо, оскільки підтверджених фактів на сьогодні в Україні ми маємо лише два десятки.
ParlaMint-UA_2019-11-15-m0.u7.p12.sent1	Минулого року для непідтверджених випадків просто про всяк випадок використали 140, а насправді підтверджених випадків було в межах 10.
ParlaMint-UA_2019-11-15-m0.u7.p12.sent2	Цього року та сама історія.
ParlaMint-UA_2019-11-15-m0.u7.p12.sent3	Тобто ми розуміємо, що їх непотрібно так, як вакцин, тисячі, їх потрібно насправді незначну кількість.
ParlaMint-UA_2019-11-15-m0.u7.p12.sent4	Ми на сьогодні маємо хорошу підтримку міжнародних організацій, котрі будуть ще постачати.
ParlaMint-UA_2019-11-15-m0.u7.p12.sent5	Тому з сироватками тримаємо руку на пульсі.
ParlaMint-UA_2019-11-15-m0.u7.p12.sent6	Зразу скажу, що є регіони, котрі в паніці починають застосовувати там, де непотрібно, сироватку і там, де вже вони використали.
ParlaMint-UA_2019-11-15-m0.u7.p12.sent7	Ми маємо.
ParlaMint-UA_2019-11-15-m0.u7.p12.sent8	налагоджуємо взаємодію між регіонам, щоб вони один одному передавали, для того щоб не було такого, що в когось лежить і непотрібно, а в інших насправді необхідність виникла.
ParlaMint-UA_2019-11-15-m0.u7.p13.sent1	Питання наступне.
ParlaMint-UA_2019-11-15-m0.u7.p13.sent2	Політична партія "Європейська солідарність", було запитання: "Коли будуть представлені відповідні зміни до законодавства щодо запровадження страхової медицини?"
ParlaMint-UA_2019-11-15-m0.u7.p14.sent1	Закон України "Про державні фінансові гарантії медичного обслуговування населення" передбачає існування в Україні із наступного, 1 квітня наступного року, власне, це вже буде фінансуватися затвердженим бюджетом, на 72 мільярди пакет медичних послуг, медичної допомоги, котра буде гарантованою всім громадянам України згідно статті Конституції 49.
ParlaMint-UA_2019-11-15-m0.u7.p14.sent2	Це означає, що громадяни вже на сьогодні.
ParlaMint-UA_2019-11-15-m0.u7.p14.sent3	буде профінансовано за рахунок державного бюджету той набір медичної допомоги, котрий на сьогодні всі, власне, очікують, щоб він був профінансований.
ParlaMint-UA_2019-11-15-m0.u7.p15.sent1	Пріоритетно буде профінансований за підвищеним тарифом, повністю фактично закривши потребу закладів охорони здоров’я, це є серцево-судинні, це гострі інфаркти, інсульти, пологи і неонотальна допомога.
ParlaMint-UA_2019-11-15-m0.u7.p15.sent2	Це ті види медичної допомоги, котрі на сьогодні найчастіше призводять або до смертності, наприклад інсульти, інвалідизації, або в складних випадках ризиків для здоров’я.
ParlaMint-UA_2019-11-15-m0.u7.p15.sent3	І на сьогодні ми починаємо переводити фінансування закладів охорони здоров’я лише просто з медичної субвенції на, власне, їхню діяльність, на ту діяльність, яку вони, власне, надають пацієнтам, котрі до них звертаються за медичною допомогою.
ParlaMint-UA_2019-11-15-m0.u7.p16.sent1	Щодо, власне, впровадження моделі медичного страхування, тобто збору певних страхових платежів і потім виплату страхового фонду.
ParlaMint-UA_2019-11-15-m0.u7.p16.sent2	Я думаю, що наступного року, власне, буде запропоновано, для обговорення, в тому числі з парламентарями, для уряду, з медичною громадськістю, з громадськістю України загалом, модель та, котра може бути додатковою до програми медичних гарантій, для того, щоб допокрити всі потреби, котрі на сьогодні в громадян виникають, для підвищення, можливо, їхніх очікувань, покриття їхніх очікувань.
ParlaMint-UA_2019-11-15-m0.u7.p17.sent1	В наступному році, я думаю, що цей законопроект може бути і прийнятий, і розглянутий для того, щоб ми могли запускати, хоча би в пілотному режимі страхову систему додатково до програми медичних гарантій.
ParlaMint-UA_2019-11-15-m0.u7.p17.sent2	А програма медичних гарантій буде, власне, тим, що ми з бюджету напряму будемо фінансувати, щоб громадяни не переживали про втрату страховки, чи якихось ризиків, пов’язаних зі страховою системою.
ParlaMint-UA_2019-11-15-m0.u7.p18.sent1	Яким чином міністерство планує заохочувати випускників учбових медичних закладів, медпрацівників працювати на селі в маленьких містах.
ParlaMint-UA_2019-11-15-m0.u7.p18.sent2	Власне, я би хотіла в цьому питанні зупинитися на більш важливому аспекті.
ParlaMint-UA_2019-11-15-m0.u7.p18.sent3	Що заклади охорони здоров’я на сьогодні, які в Україні надають медичну допомогу в більшості випадків для населення України, належать до комунальної власності, а отже, власником є місцева влада, міська рада, обласна рада.
ParlaMint-UA_2019-11-15-m0.u7.p18.sent4	Отже, і питання кадрового забезпечення лежить також в частині їхньої відповідальності.
ParlaMint-UA_2019-11-15-m0.u7.p19.sent1	Наприклад, є хороші приклади в регіонах, тоді коли місцева влада купляє кілька квартир і каже: "Ці квартири ми даємо для тих, хто приїде працювати в нашу лікарню".
ParlaMint-UA_2019-11-15-m0.u7.p19.sent2	Це є той стимул, котрий може бути набагато дієвішим для забезпечення кадрового потенціалу в лікарнях.
ParlaMint-UA_2019-11-15-m0.u7.p19.sent3	З позиції Міністерства охорони здоров’я, ми на сьогодні можемо лише працювати над розробкою, і, я думаю, що ми будемо розглядати такі можливості, розробкою певних програм, котрі можуть бути запропоновані в підтримку молодих фахівців.
ParlaMint-UA_2019-11-15-m0.u7.p19.sent4	Але на сьогодні це є питання взаємодії, в тому числі, з бюджетом, можливостями бюджету, можливостями парламентарів також підтримати ці ініціативи.
ParlaMint-UA_2019-11-15-m0.u7.p19.sent5	Але це є вже, скажімо так, допоміжна роль, важливіша роль - це є питання того, як власник, місцева влада готова працювати над кадровим наповненням своїх заходів охорони здоров’я.
ParlaMint-UA_2019-11-15-m0.u7.p20.sent1	Децентралізація на сьогодні, яка відбувається в Україні, а особливо в охороні здоров’я, є досить важливим фактором, який впливає на те, як громадяни на сьогодні в закладах охорони здоров’я отримують медичну допомогу, наскільки вчасно, чи у них будуть черги.
ParlaMint-UA_2019-11-15-m0.u7.p20.sent2	А від Міністерства охорони здоров’я, від парламентарів і від уряду більш важливо є визначити правила гри, правила надання допомоги, контролю за якістю, контролю доступності, але це є командна гра місцевої влади і центральної влади.
ParlaMint-UA_2019-11-15-m0.u7.p21.sent1	Програмою Кабінету Міністрів передбачено зменшення кількості випадків серцево-судинних захворювань у пацієнтів працездатного віку на 10 відсотків, серед заходів у цьому напрямку зазначено боротьбу з тютюнопалінням.
ParlaMint-UA_2019-11-15-m0.u7.p21.sent2	Які конкретні кроки планують для скорочення тютюнопаління серед населення в Україні?
ParlaMint-UA_2019-11-15-m0.u7.p21.sent3	Щодо цього питання, хочу наголосити, що у нас є Угода про асоціацію, котрою передбачено імплементацію норм директив відповідних Європейського Союзу, також вже розроблено є проект Закону України про внесення змін до деяких законів України про адаптацію законодавства до вимог директиви 40 Європейського парламенту, власне, про охорону населення України, населення від шкідливого впливу тютюну.
ParlaMint-UA_2019-11-15-m0.u7.p21.sent4	Власне, цей документ вже пройшов погодження в центральних органах виконавчої влади і буде скоро подаватися на парламент.
ParlaMint-UA_2019-11-15-m0.u7.p22.sent1	Конкретні кроки, які пропонуються цим законопроектом: регламентація електронних сигарет та новітніх тютюнових виробів, заборони їх вживання у громадських місцях та продажу неповнолітнім, збільшення відсотків медичних попереджень на упаковках тютюнових виробів, заборона виробництва та продажу тютюнових виробів зі смако-ароматичними добавками, публічна звітність тютюнових корпорацій про склад тютюнової продукції, повна заборона реклама тютюну в Інтернеті.
ParlaMint-UA_2019-11-15-m0.u7.p22.sent2	Це ті зобов’язання, які Україна взяла на себе вже п’ять років назад, і на сьогодні ще вони досі на етапі підготовки і узгодження, але не прийняті.
ParlaMint-UA_2019-11-15-m0.u7.p23.sent1	Чи буде відновлено роботу санітарно-епідемічної служби відповідно до реальної суспільної потреби?
ParlaMint-UA_2019-11-15-m0.u7.p23.sent2	Власне, хотіла би сказати, що в 14-му році постановою Кабінету Міністрів було створено Державну службу безпечності харчових продуктів та захисту споживачів, на яку поклали, серед іншого, і функцію контролю за санітарно-епідемічною ситуацією.
ParlaMint-UA_2019-11-15-m0.u7.p23.sent3	Власне, в цьому році і було скасовано санітарно-епідемічну службу.
ParlaMint-UA_2019-11-15-m0.u7.p24.sent1	Після ліквідації санітарно-епідемічної служби в Україні функція проведення лабораторних та інструментальних досліджень і випробувань була покладена на Міністерство охорони здоров’я.
ParlaMint-UA_2019-11-15-m0.u7.p24.sent2	Але при цьому не відбувалися зміни в підходах до фінансування цих установ, які здійснювали ці лабораторні дослідження і брали участь в санітарно-епідемічних розслідуваннях.
ParlaMint-UA_2019-11-15-m0.u7.p25.sent1	Незважаючи на те, що лабораторна мережа і оснащення лабораторних закладів є переважно застарілим, система контролю якості досліджень теж недосконала, і відбувається те, що на сьогодні вона не відповідає всім сучасним вимогам.
ParlaMint-UA_2019-11-15-m0.u7.p26.sent1	Власне, зазначені всі проблеми, котрі накопичились, особливо після 14-го року, привели до того, що у нас є необхідність змінити систему механізмів фінансування забезпечення епідемічного контролю і нагляду, і діяльність закладів громадського здоров’я.
ParlaMint-UA_2019-11-15-m0.u7.p27.sent1	Власне, було передбачено концепцію розвитку системи громадського здоров’я, а також і законопроектом, котрий буде поданий вам щодо Закону про систему громадського здоров’я, необхідність створення нової мережі закладів, котрі будуть здійснювати епідемічний контроль, епідемічний нагляд.
ParlaMint-UA_2019-11-15-m0.u7.p27.sent2	Це, власне, є перегляд всієї системи тих закладів, котрі на сьогодні існують.
ParlaMint-UA_2019-11-15-m0.u7.p28.sent1	Скажу зразу, що є досить рутинна робота з регіонами щодо лабораторних центрів, як їх реорганізувати, оптимізувати, оскільки на сьогодні вони не виконують належно свою функцію для держави, з другої сторони, там теж працюють люди і ці заклади існують.
ParlaMint-UA_2019-11-15-m0.u7.p28.sent2	Ця робота на сьогодні систематизується, для того щоб регіони знали, як їм діяти в питанні оптимізації мереж і лабораторій, і вони будуть передаватися до органів місцевого самоврядування.
ParlaMint-UA_2019-11-15-m0.u7.p28.sent3	А зміна фінансування полягає в тому, що ми будемо не фінансувати заклади лабораторій, а ми будемо закуповувати в них послугу по проведенню лабораторних досліджень, і тоді вже буде питання місцевої влади, як вона організує роботу таких лабораторних центрів.
ParlaMint-UA_2019-11-15-m0.u7.p29.sent1	Ще одне з запитань, котре задавалося і партіями, і фракціями ,стосувалося програми медичних гарантій, наскільки.
ParlaMint-UA_2019-11-15-m0.u7.p29.sent2	як вона буде організована і профінансована.
ParlaMint-UA_2019-11-15-m0.u7.p30.sent1	Я би хотіла сказати, що програма медичних гарантій, проголосована в бюджеті в 72 мільярди гривень, включає в себе 19 мільярдів на фінансування "первинки".
ParlaMint-UA_2019-11-15-m0.u7.p30.sent2	Це, власне, "первинка", котру ще необхідно закінчити її формування у вигляді додавання, можливо, мобільних амбулаторій, щоб покрити населення, ті території, котра на сьогодні не покрита стаціонарними амбулаторіями чи центрами первинної допомоги, там, де важко, де населення проживає 400 людей в населеному пункті, і там важко знайти лікаря, який там буде працювати, допокрити іншими способами контакту з лікарем "первинки", доповнити критеріями якості і індикаторами якості надання первинної медичної допомоги.
ParlaMint-UA_2019-11-15-m0.u7.p31.sent1	На сьогодні "на первинці" середня зважена ставка, котра була 370, підвищена до 600 гривень.
ParlaMint-UA_2019-11-15-m0.u7.p31.sent2	Це те, власне, на що так досить багато говорили і переживали лікарі "первинки" – про фінансування.
ParlaMint-UA_2019-11-15-m0.u7.p32.sent1	По "вторинці".
ParlaMint-UA_2019-11-15-m0.u7.p32.sent2	По "вторинці" на сьогодні згідно Державного бюджету, прийнятого вчора, програма медичних гарантій, а отже, деталізація видів медичних послуг котрі будуть фінансуватися і входити в програму медичних гарантій, буде затверджено Кабінетом Міністрів України.
ParlaMint-UA_2019-11-15-m0.u7.p32.sent3	В найближчому місяці ми плануємо прийняти 20 різних постанов Кабінету Міністрів для, власне, налаштування в наступному році всієї.
ParlaMint-UA_2019-11-15-m0.u7.p32.sent4	надання медичної допомоги і програми медичних гарантій.
ParlaMint-UA_2019-11-15-m0.u7.p33.sent1	Зразу скажу, що входити в програму медичних гарантії, крім чотирьох пріоритетних послуг, також будуть і реабілітація, і паліативна допомога (мобільна і стаціонарна), і стаціонарна амбулаторна допомога (терапевтична, хірургічна).
ParlaMint-UA_2019-11-15-m0.u7.p33.sent2	Насправді на сьогодні вся.
ParlaMint-UA_2019-11-15-m0.u7.p33.sent3	наступний рік фінансування надання спеціалізованої вторинної допомоги буде здійснюватися за контрактом, який буде укладатися закладами охорони здоров’я і Національною службою здоров’я.
ParlaMint-UA_2019-11-15-m0.u7.p33.sent4	І ці контракти передбачатимуть ті види медичної допомоги, котрі заклад буде готовий надавати.
ParlaMint-UA_2019-11-15-m0.u7.p33.sent5	І, власне, за звітами які, скільки пацієнтів обслужили, яку допомогу надали, стільки-то коштів і буде перераховано Національною службою здоров’я.
ParlaMint-UA_2019-11-15-m0.u7.p34.sent1	Єдине, хочу наголосити для тих особливо депутатів-мажоритарників, які працювали вже в регіонах, спілкувалися з лікарями, основне – головними лікарями, наступний рік і та вартість медичних послуг, котра закладається в програмі медичних гарантій, не є тарифом в розумінні собівартості, вона є тарифом в тому, як ми може розподілити наші кошти настільки ефективно, щоб ті заклади, котрі дійсно здійснюють медичну діяльність, могли дійсно бути профінансовані за свою діяльність Національною службою здоров’я.
ParlaMint-UA_2019-11-15-m0.u7.p35.sent1	Цей і наступний рік є швидше перехідним при формуванні, власне, більш точнішого формування тарифів надання медичних послуг.
ParlaMint-UA_2019-11-15-m0.u7.p35.sent2	Зразу скажу, щоб нормально порахувати тарифи, один з ключових даних, які нам потрібно, це необхідна достовірна кількість потреби в тих чи інших видах медичної послуги по Україні.
ParlaMint-UA_2019-11-15-m0.u7.p35.sent3	Власне, наступний рік дасть нам можливість через контакти з Національною службою здоров’я, через електронне здоров’я, електронну систему звітності отримати достовірні дані, із них, власне, виходи на більш уже очікувану медичними працівниками, закладами ту вартість медичної послуги, котру вони, власне би, хотіли отримувати за свою.
ParlaMint-UA_2019-11-15-m0.u7.p35.sent4	за надані послуги.
ParlaMint-UA_2019-11-15-m0.u7.p36.sent1	Наступний рік є перехідним, складним, але на сьогодні регіони, більшість регіонів України на сьогодні або вже завершили, або завершують етап автономізації закладів охорони здоров’я, тобто переходу з бюджетної установи на некомерційне комунальне підприємство, а отже, стають, отримують можливість укладати контракти з Національною службою здоров’я.
ParlaMint-UA_2019-11-15-m0.u7.p37.sent1	Другою умовою для того, щоб лікарні могли укласти контракти і отримати кошти, – це є комп’ютеризація, тобто наявність хоча би одного комп’ютера в відділенні.
ParlaMint-UA_2019-11-15-m0.u7.p37.sent2	На сьогодні рівень комп’ютеризації теж досить значний і він інтенсифіковується.
ParlaMint-UA_2019-11-15-m0.u7.p37.sent3	Ця динаміка настільки є позитивною, що я думаю, що навіть на 1 січня у нас уже буде картина.
ParlaMint-UA_2019-11-15-m0.u7.p38.sent1	Ще одне по програмі медичних гарантій.
ParlaMint-UA_2019-11-15-m0.u7.p38.sent2	Місцева влада, згідно законодавства дійсно повинна дофінансовувати заклади охорони здоров’я і взагалі дофінансовувати певними місцевими програмами.
ParlaMint-UA_2019-11-15-m0.u7.p38.sent3	Вже в грудні заклади охорони здоров’я зможуть укласти, зробити такий певний попередній розрахунок, скільки грошей вони отримують від Національної служби здоров’я, враховуючи цю попередню статистику наданих послуг.
ParlaMint-UA_2019-11-15-m0.u7.p38.sent4	Це означає, що ще в грудні вони побачать, скільки грошей до них прийде.
ParlaMint-UA_2019-11-15-m0.u7.p38.sent5	І за нашими розрахунками, ті заклади, котрі дійсно здійснювали діяльність, де дійсно приходили громадяни, чи там жінки народжували дітей, кошти перейдуть навіть дуже часто більше, ніж приходили раніше.
ParlaMint-UA_2019-11-15-m0.u7.p39.sent1	І в даній ситуації для місцевої влади вже в грудні заклади охорони здоров’я зможуть показати свої потенційні доходи.
ParlaMint-UA_2019-11-15-m0.u7.p39.sent2	Якщо будуть заклади, котрі зрозуміють, що вони неспроможні, місцева влада ще зможе до 1 квітня перепрофілювати, допрофілювати, доповнити лікарями.
ParlaMint-UA_2019-11-15-m0.u7.p39.sent3	Наприклад, у нас не вистачає реабілітаційних відділень, у нас дуже багато де в регіонах не вистачає тих чи інших відділень.
ParlaMint-UA_2019-11-15-m0.u7.p39.sent4	І місцева влада, координуючись, і ми на сьогодні маємо хорошу взаємодію з Департаментом охорони здоров’я, з губернаторами, з вами готові настільки, скільки потрібно пропрацювати, щоб ми могли всі разом допомогти головним лікарям подивитись на свої заклади охорони здоров’я максимально щодо ефективності використання ресурсів, щодо використання тих можливостей і лікарів, котрі на сьогодні у них є.
ParlaMint-UA_2019-11-15-m0.u7.p40.sent1	Було також запитання щодо будівництва амбулаторій.
ParlaMint-UA_2019-11-15-m0.u7.p40.sent2	Ці кошти, власне, були виділені, і в Мінрегіонбуді є більше одного мільярда гривень, і ці залишки коштів з минулих років надалі можуть використовуватися для будівництва амбулаторій.
ParlaMint-UA_2019-11-15-m0.u7.p40.sent3	Але регіони повинні, власне, самі визначити, де їм потрібні ці амбулаторії, скільки і, власне, самим подавати цю заявку.
ParlaMint-UA_2019-11-15-m0.u7.p41.sent1	Щодо телемедицини.
ParlaMint-UA_2019-11-15-m0.u7.p41.sent2	Телемедицина в певних регіонах на сьогодні розвивається набагато інтенсивніше.
ParlaMint-UA_2019-11-15-m0.u7.p41.sent3	В нас є хороші, такі вже зразкові області, є, в яких ще досить мало на це звернули увагу.
ParlaMint-UA_2019-11-15-m0.u7.p41.sent4	На сьогодні в МОЗ ми розробляємо єдині правила в рамках децентралізації, тобто те, що на сьогодні регіони можуть зробити, певні алгоритми дій, певні методичні рекомендації, як найкраще всього організувати цю допомогу на місцях.
ParlaMint-UA_2019-11-15-m0.u7.p42.sent1	Я можу ще продовжити, можу не продовжити.
ParlaMint-UA_2019-11-15-m0.u7.p42.sent2	Нікому не цікаво.
ParlaMint-UA_2019-11-15-m0.u7.p42.sent3	Давайте, все.
ParlaMint-UA_2019-11-15-m0.u8.p1.sent1	Дякую, пані міністр.
ParlaMint-UA_2019-11-15-m0.u8.p2.sent1	Шановні колеги.
ParlaMint-UA_2019-11-15-m0.u8.p2.sent2	Вибачте.
ParlaMint-UA_2019-11-15-m0.u8.p2.sent3	Розгляд питань до уряду від депутатських фракцій і груп завершено.
ParlaMint-UA_2019-11-15-m0.u8.p2.sent4	Переходимо до запитань до уряду від народних депутатів України з визначеної теми.
ParlaMint-UA_2019-11-15-m0.u8.p2.sent5	Прошу записатись народних депутатів на запитання.
ParlaMint-UA_2019-11-15-m0.u8.p3.sent1	Дмитрієва Оксана Олександрівна.
ParlaMint-UA_2019-11-15-m0.u9.p1.sent1	Доброго дня.
ParlaMint-UA_2019-11-15-m0.u9.p1.sent2	Пані Зоряна, як створюється сьогодні трансплантація в Україні, щоб наші громадяни, які потребують трансплантації, робили її в Україні і їм не треба було використовувати величезні кошти за операцію за кордоном?
ParlaMint-UA_2019-11-15-m0.u9.p2.sent1	Дякую.
ParlaMint-UA_2019-11-15-m0.u10.p1.sent1	То надовго, а 2 хвилини не вистачить.
ParlaMint-UA_2019-11-15-m0.u10.p1.sent2	В Україні насправді за 28 років були поодинокі випадки, де хороші лікарі в лікарні були ініціаторами певних чи інших дій.
ParlaMint-UA_2019-11-15-m0.u10.p1.sent3	На сьогодні ми говоримо про те, що необхідно систематизувати цю роботу.
ParlaMint-UA_2019-11-15-m0.u10.p1.sent4	В нас є.
ParlaMint-UA_2019-11-15-m0.u10.p1.sent5	Систематизація цієї роботи полягає, зокрема, в підготовці законопроекту і я, ми допомагали настільки, скільки могли, народним депутатам в її підготовці.
ParlaMint-UA_2019-11-15-m0.u10.p1.sent6	Але зразу говорю, що в нас є 2 блоки по трансплантології.
ParlaMint-UA_2019-11-15-m0.u10.p1.sent7	Один – це є пересадка органів і тканин: фахівці, обладнання, систему забору, розмова з населенням про необхідність давати органи, бути донорами.
ParlaMint-UA_2019-11-15-m0.u10.p1.sent8	Це серйозний шмат, котрий на сьогодні, ми вже розуміємо, як ми можемо його організувати, і на наступний рік виділено 120 мільйонів гривень, і ми можемо цю систему запускати, в першу чергу створення логістично-координаційного центру розподілу інформації, це є донори, де є реципієнти, і як ми це повинні організувати.
ParlaMint-UA_2019-11-15-m0.u10.p2.sent1	Але є другий, не менш важливий, і для України більш затратний на сьогодні – це є пересадка кісткового мозку, заради якого ми відправляємо за кордон значну кількість наших особливо дітей і дорослих.
ParlaMint-UA_2019-11-15-m0.u10.p2.sent2	Ця частина трансплантації в Україні також, насправді, має великі шанси бути ще швидше запущеною, ніж навіть трансплантація органів.
ParlaMint-UA_2019-11-15-m0.u10.p2.sent3	На сьогодні ми ведемо перемовини з міжнародними організаціями, котрі на сьогодні можуть нам допомогти в отриманні необхідних матеріалів і налаштуванні внутрішніх сьогодні регуляцій, в тому числі виявлення закладів, де ми можемо проводити таку трансплантацію.
ParlaMint-UA_2019-11-15-m0.u10.p3.sent1	На сьогодні дуже вдячна буду парламенту, якщо парламент підтримає внесення змін і, власне, підтримку цього процесу по трансплантології в Україні.
ParlaMint-UA_2019-11-15-m0.u10.p4.sent1	Дякую.
ParlaMint-UA_2019-11-15-m0.u11.p1.sent1	Шахов Сергій Володимирович.
ParlaMint-UA_2019-11-15-m0.u12.p1.sent1	Сергій Шахов, Луганщина.
ParlaMint-UA_2019-11-15-m0.u12.p1.sent2	Скажіть, будь ласка, буквально у вашої попередниці було багато питань до спалаху кору, сьогодні спалах дифтерії в країні.
ParlaMint-UA_2019-11-15-m0.u12.p1.sent3	Чому немає сьогодні вакцинації по лікарням?
ParlaMint-UA_2019-11-15-m0.u12.p2.sent1	Друге питання.
ParlaMint-UA_2019-11-15-m0.u12.p2.sent2	80 мільйонів доларів, які ідуть від іноземних наших партнерів, як вони будуть і коли будуть направлені?
ParlaMint-UA_2019-11-15-m0.u12.p3.sent1	І третє питання.
ParlaMint-UA_2019-11-15-m0.u12.p3.sent2	Чому сьогодні МОЗ закуповує ліки за українські гроші і через "прокладки"?
ParlaMint-UA_2019-11-15-m0.u12.p4.sent1	Далі.
ParlaMint-UA_2019-11-15-m0.u12.p4.sent2	Є багато історій, коли сьогодні швидка не виїжджає взагалі на виклик до людей!
ParlaMint-UA_2019-11-15-m0.u12.p4.sent3	Коли це закінчиться?
ParlaMint-UA_2019-11-15-m0.u12.p5.sent1	Далі.
ParlaMint-UA_2019-11-15-m0.u12.p5.sent2	Поясніть, що отримають люди, коли запрацює програма медичних гарантій?
ParlaMint-UA_2019-11-15-m0.u12.p5.sent3	Наступного року чи коли вона взагалі запрацює?
ParlaMint-UA_2019-11-15-m0.u12.p6.sent1	Дякую.
ParlaMint-UA_2019-11-15-m0.u12.p6.sent2	Сергій Шахов, Луганщина.
ParlaMint-UA_2019-11-15-m0.u13.p1.sent1	Дякую.
ParlaMint-UA_2019-11-15-m0.u13.p2.sent1	У мене дві хвилини на все чи на кожне з п’яти питань?
ParlaMint-UA_2019-11-15-m0.u13.p2.sent2	Дві на все?
ParlaMint-UA_2019-11-15-m0.u13.p2.sent3	Тоді так.
ParlaMint-UA_2019-11-15-m0.u13.p3.sent1	Гроші Світового банку.
ParlaMint-UA_2019-11-15-m0.u13.p3.sent2	Ми плануємо провести перемовини і пустити на розробку інсулін.
ParlaMint-UA_2019-11-15-m0.u13.p3.sent3	створення системи боротьби з інсультами, оскільки на сьогодні у нас нормальної мережі немає.
ParlaMint-UA_2019-11-15-m0.u13.p4.sent1	По дифтерії.
ParlaMint-UA_2019-11-15-m0.u13.p4.sent2	Вакцини достатньо є, ви, напевно, мали на увазі сироватки, але я вже сьогодні сказала, що сироватки потрібні тільки тоді, коли є підтверджений лабораторно випадок дифтерії, а їх насправді в Україні не так багато.
ParlaMint-UA_2019-11-15-m0.u13.p5.sent1	Про міжнародні закупівельні організації.
ParlaMint-UA_2019-11-15-m0.u13.p5.sent2	Наступного року, з 1 січня, власне, нами будуть внесені необхідні зміни до законів для того, щоб запрацювала українська закупівельна організація і ліки закуповувалися безпосередньо в Україні і допомагали це робити максимально і для лікарень, і для міністерства, і для уряду.
ParlaMint-UA_2019-11-15-m0.u13.p6.sent1	Швидкі на сьогодні, власне.
ParlaMint-UA_2019-11-15-m0.u13.p6.sent2	Одне з питань організації.
ParlaMint-UA_2019-11-15-m0.u13.p6.sent3	Одна з цілей уряду є рятування життя.
ParlaMint-UA_2019-11-15-m0.u13.p6.sent4	І рятування життя – це не тільки трансплантологія, а також і налагодження роботи екстреної медичної допомоги.
ParlaMint-UA_2019-11-15-m0.u13.p6.sent5	Екстрена медична допомога – це є кілька компонентів, це не лише машини закуплені, але ми теж їх наступного року заклали в бюджет і дуже дякую, що ми їх зберегли цю суму, але також це є питання диспетчеризації, налаштування роботи диспетчерської служби.
ParlaMint-UA_2019-11-15-m0.u13.p6.sent6	На сьогодні ми маємо етап.
ParlaMint-UA_2019-11-15-m0.u13.p6.sent7	З 12-го року реформування екстреної медичної допомоги і не завершилась робота побудови нормальної диспетчерської служби.
ParlaMint-UA_2019-11-15-m0.u13.p6.sent8	На сьогодні ми маємо певні рішення і сподіваюсь до кінця року ми їх зробимо.
ParlaMint-UA_2019-11-15-m0.u13.p6.sent9	І машини знову ж таки.
ParlaMint-UA_2019-11-15-m0.u13.p7.sent1	Ще одне.
ParlaMint-UA_2019-11-15-m0.u13.p7.sent2	Наступне, 20 секунд.
ParlaMint-UA_2019-11-15-m0.u13.p7.sent3	У нас є.
ParlaMint-UA_2019-11-15-m0.u13.p7.sent4	Коли виїжджає екстрена медична допомога – це є виняткові випадки, наприклад, ДТП і гострі стани.
ParlaMint-UA_2019-11-15-m0.u13.p7.sent5	У всіх інших випадках нам на сьогодні необхідно налаштувати роботу так, щоб люди отримали медичну допомоги, можливо, хоча б як підтримку сімейного лікаря.
ParlaMint-UA_2019-11-15-m0.u13.p7.sent6	І ми на цим теж будемо працювати і розробляти цей порядок.
ParlaMint-UA_2019-11-15-m0.u13.p7.sent7	Ну, і програма медичних гарантій буде затверджена постановою Кабміну, де буде описаний весь цей перелік, про що я раніше сказала.
ParlaMint-UA_2019-11-15-m0.u14.p1.sent1	Рущишин Ярослав Іванович.
ParlaMint-UA_2019-11-15-m0.u15.p1.sent1	Прошу передати слово Ользі Стефанишиній.
ParlaMint-UA_2019-11-15-m0.u16.p1.sent1	Ольга Стефанишина.
ParlaMint-UA_2019-11-15-m0.u17.p1.sent1	Доброго дня, пані Зоряно!
ParlaMint-UA_2019-11-15-m0.u17.p1.sent2	У мене питання до вас, яке хвилює дуже велику кількість тяжкохворих українців.
ParlaMint-UA_2019-11-15-m0.u17.p1.sent3	Міністерство охорони здоров’я станом на 15 листопада не підписало низку угод на закупівлю ліків для дітей з гемофілією, з гепатитами, для дорослих з гемофілією, з легеневою гіпертензією та іншими тяжкими захворюваннями.
ParlaMint-UA_2019-11-15-m0.u17.p2.sent1	Станом на 15 листопада не розпочаті закупівлі на 2019 рік.
ParlaMint-UA_2019-11-15-m0.u17.p2.sent2	Ми залишилися в півтора місяці до кінця року, коли ці кошти просто згорять, кошти – більше мільярда гривень.
ParlaMint-UA_2019-11-15-m0.u17.p3.sent1	І я дуже прошу вас з цієї трибуни пообіцяти всім пацієнтам, що ці кошти будуть використані і вони не залишаться без ліків наступного року.
ParlaMint-UA_2019-11-15-m0.u17.p4.sent1	Дякую.
ParlaMint-UA_2019-11-15-m0.u18.p1.sent1	Насправді я скажу так, що, і поділюся своїми, скажімо так, з депутатами своїми переживаннями.
ParlaMint-UA_2019-11-15-m0.u18.p1.sent2	Коли я прийшла в міністерство, я думала, що за 3 роки існування міжнародних закупівель ми маємо налагоджену роботу, алгоритм і системну роботу міністерства з цього питання.
ParlaMint-UA_2019-11-15-m0.u18.p1.sent3	На жаль, так сталося, що виявилось, що це абсолютно є в ручному режимі, який має дуже хаотичний і несистематизований характер.
ParlaMint-UA_2019-11-15-m0.u18.p2.sent1	На сьогодні за неповних 3 місяці, провівши низку перемовин, низку робочих груп, низку збору інформації, на сьогодні ми є на фінальній стадії визначення всіх необхідних інформацій для того, щоб всі необхідні угоди були підписані.
ParlaMint-UA_2019-11-15-m0.u18.p2.sent2	Кожного тижня відбуваються зустрічі з міжнародними організаціями працівників міністерства для налаштування всієї цієї роботи, пов’язаної з закупівлею.
ParlaMint-UA_2019-11-15-m0.u18.p3.sent1	На сьогодні гроші, коли були виведені з.
ParlaMint-UA_2019-11-15-m0.u18.p3.sent2	І за попередньою проплатою за 2017-2018 роки, а не тільки 2019-й, на сьогодні також поставки, нормальні закупівлі не проведені, і ми ними теж займаємося, оскільки ми не можемо собі дозволити, щоб ті гроші теж не були використані належним чином для громадян України.
ParlaMint-UA_2019-11-15-m0.u18.p4.sent1	Тому на сьогодні ми займаємося всіма грошима, котрі були виділені для закупівлі ліків за всі роки, і налагоджуємо роботу з міжнародними організаціями.
ParlaMint-UA_2019-11-15-m0.u18.p4.sent2	Зі сторони МОЗУ, звичайно, будуть зроблені всі необхідні кроки.
ParlaMint-UA_2019-11-15-m0.u18.p4.sent3	І я сподіваюсь, що і партнери, і всі інші, хто пов’язані в цьому процесі, будуть також нам в цьому допомагати.
ParlaMint-UA_2019-11-15-m0.u19.p1.sent1	Яценко Антон Володимирович.
ParlaMint-UA_2019-11-15-m0.u20.p1.sent1	Шановна пані міністр, у мене декілька запитань до вас є.
ParlaMint-UA_2019-11-15-m0.u20.p2.sent1	Перше запитання – трансплантологія, 133 людини зараз очікують фінансування.
ParlaMint-UA_2019-11-15-m0.u20.p2.sent2	Чи буде це в 19-му році, чи люди просто знову будуть чекати і між життям і смертю бути?
ParlaMint-UA_2019-11-15-m0.u20.p3.sent1	Друге.
ParlaMint-UA_2019-11-15-m0.u20.p3.sent2	Ми сьогодні вітали дітей тут і буде День захисту дітей.
ParlaMint-UA_2019-11-15-m0.u20.p3.sent3	У нас на сьогоднішній день Україна єдина країна в Європі, яка, на жаль, не відповідає стандартам і не повністю фінансуються дитячі захворювання.
ParlaMint-UA_2019-11-15-m0.u20.p3.sent4	Тому я питаю: перше – слухові апарати звичайні, чи будуть, чи не будуть для дітей?
ParlaMint-UA_2019-11-15-m0.u20.p3.sent5	Друге - це кохлеарна імплантація, що з нею сьогодні?
ParlaMint-UA_2019-11-15-m0.u20.p3.sent6	Третє - це оклюдери.
ParlaMint-UA_2019-11-15-m0.u20.p3.sent7	І четверте – взагалі питання, що стосується орфанних захворювань.
ParlaMint-UA_2019-11-15-m0.u20.p3.sent8	Дайте, будь ласка, чітку відповідь по кожному питанню, бо люди чекають.
ParlaMint-UA_2019-11-15-m0.u20.p4.sent1	І зазначимо, що нема більшого багатства в країні, ніж наші діти.
ParlaMint-UA_2019-11-15-m0.u20.p4.sent2	Тому дуже хотілося б, щоб ми перейшли від бюджету, який сьогодні збільшує зарплати суддям, правоохоронцям і іншим, а не фінансує дітей.
ParlaMint-UA_2019-11-15-m0.u20.p4.sent3	Треба навпаки робити.
ParlaMint-UA_2019-11-15-m0.u20.p5.sent1	Дякую.
ParlaMint-UA_2019-11-15-m0.u21.p1.sent1	Абсолютно підтримую вашу думку щодо турботи про майбутні українські покоління.
ParlaMint-UA_2019-11-15-m0.u21.p1.sent2	Щодо ролі Міністерства охорони здоров’я в контексті материнства та дитинства.
ParlaMint-UA_2019-11-15-m0.u21.p1.sent3	Однозначно на сьогодні вся діяльність, котра стосується дітей і фінансування, в тому числі орфанні захворювання, і дуже вдячна можливості уряду, і парламенту в тому числі, в бюджеті збільшити кількість на закупівлі, центральні закупівлі ліків, в тому числі на дитячі орфанні захворювання, в необхідній кількості, щоб ми покрили цю потребу.
ParlaMint-UA_2019-11-15-m0.u21.p1.sent4	Те ж саме стосується і оклюдерів, так само.
ParlaMint-UA_2019-11-15-m0.u21.p2.sent1	Наступного року ми маємо зробити дві речі.
ParlaMint-UA_2019-11-15-m0.u21.p2.sent2	З однієї сторони, збільшивши фінансування; з другої сторони, змінити так механізми витрат цих коштів, щоб вони були для нас максимально ефективними і ми могли навіть зекономити і забезпечити всіх, кому це потрібно.
ParlaMint-UA_2019-11-15-m0.u21.p3.sent1	На жаль, на сьогодні, також скажу, що є дуже сумнівною і не відпрацьованою, і не до кінця точною, система розподілу того, що ми закуповуємо на центральному рівні, оскільки просто приходить потреба з регіонів, ми її сумуємо, закуповуємо і роздаємо.
ParlaMint-UA_2019-11-15-m0.u21.p3.sent2	Ми не маємо чіткого контакту, чи дійсно та особа, котра потребувала.
ParlaMint-UA_2019-11-15-m0.u21.p4.sent1	Я не почула.
ParlaMint-UA_2019-11-15-m0.u21.p4.sent2	Яка трансплантація?
ParlaMint-UA_2019-11-15-m0.u22.p1.sent1	Не кричіть, будь ласка.
ParlaMint-UA_2019-11-15-m0.u22.p2.sent1	Мікрофон Яценка, включіть.
ParlaMint-UA_2019-11-15-m0.u22.p2.sent2	10 секунд.
ParlaMint-UA_2019-11-15-m0.u23.p1.sent1	Шановний пане Голово, ще раз питання.
ParlaMint-UA_2019-11-15-m0.u23.p1.sent2	Кохлеарна імплантація і слухові апарати.
ParlaMint-UA_2019-11-15-m0.u23.p1.sent3	Дайте, будь ласка, чітку відповідь, що саме там коїться.
ParlaMint-UA_2019-11-15-m0.u23.p1.sent4	Тобто це два питання: є дешеві слухові апарати і є кохлеарна імплантація, яка, якщо дитині не зробити операцію до.
ParlaMint-UA_2019-11-15-m0.u24.p1.sent1	Так, я знаю цю історію про те, що ми повинні максимально в перинатальних центрах зробити належну діагностику - раз.
ParlaMint-UA_2019-11-15-m0.u24.p1.sent2	І зробити потім необхідне втручання – два.
ParlaMint-UA_2019-11-15-m0.u24.p1.sent3	На сьогодні один з чотирьох пріоритетних напрямків, котрі виведено в НСЗУ для підвищеного фінансування, є перинатальна допомога.
ParlaMint-UA_2019-11-15-m0.u24.p2.sent1	Щодо слухових апаратів - це є питання вже до, наскільки мені відомо, до Міністерства соціальної політики.
ParlaMint-UA_2019-11-15-m0.u24.p2.sent2	Але давайте так, я це питання окремо собі зафіксую для того, щоб це питання взяти на контроль.
ParlaMint-UA_2019-11-15-m0.u24.p3.sent1	Щодо черги на трансплантацію, ми ще знайшли з певної економії коштів 200 мільйонів для того, щоб профінансувати лікування за кордоном ще сотні наших пацієнтів, котрі стоять в черзі.
ParlaMint-UA_2019-11-15-m0.u25.p1.sent1	Бардіна Марина Олегівна.
ParlaMint-UA_2019-11-15-m0.u26.p1.sent1	Прошу передати слово Ладі Булах.
ParlaMint-UA_2019-11-15-m0.u27.p1.sent1	Ще раз, кому?
ParlaMint-UA_2019-11-15-m0.u28.p1.sent1	Лада Булах.
ParlaMint-UA_2019-11-15-m0.u29.p1.sent1	Лада Булах, включіть, будь ласка, мікрофон.
ParlaMint-UA_2019-11-15-m0.u30.p1.sent1	Зоряна Степанівна, хочу сказати, що ми в вас віримо і дуже вас підтримуємо.
ParlaMint-UA_2019-11-15-m0.u30.p1.sent2	І моє питання, воно непросте, тому що ми, звісно, переймаємося екстреною допомогою, першою медичною допомогою для рятування життя, і це перша ціль вашої команди і нового міністерства.
ParlaMint-UA_2019-11-15-m0.u30.p2.sent1	У мене питання щодо паліативної допомоги, тому що людина з обмеженим прогнозом життя також має право на її гідність і якість.
ParlaMint-UA_2019-11-15-m0.u30.p2.sent2	Як ви намагаєтеся в режимі реформи "вторинки" все ж таки народити, побудувати паліативну допомогу в Україні?
ParlaMint-UA_2019-11-15-m0.u31.p1.sent1	Щодо паліативної допомоги, скажу зразу, що цього року, наступного року в бюджеті закладено фінансування двох окремих видів медичної послуги: паліативна допомога стаціонарна і паліативна допомога - надання мобільною бригадою на дому.
ParlaMint-UA_2019-11-15-m0.u31.p1.sent2	Станом на сьогодні в Україні мобільні бригади є більш затребувані, оскільки більшість громадян хочуть бути дома або батьки хочуть опікуватися своїми родичами вдома.
ParlaMint-UA_2019-11-15-m0.u31.p1.sent3	І на сьогодні це одна з таких базових змін, оскільки раніше вони фінансувалися лише з зарплати або місцевої програми.
ParlaMint-UA_2019-11-15-m0.u31.p1.sent4	Це є значне зрушення вперед у наданні паліативної допомоги українським громадянам.
ParlaMint-UA_2019-11-15-m0.u31.p2.sent1	Ще одна річ, котра буде ще наступного року нами вивчатися і розглядатися, - це власне можливість отримання знеболюючих препаратів через окремі програми: або реімбурсацію, або електронний рецепт.
ParlaMint-UA_2019-11-15-m0.u31.p2.sent2	Це те, що буде напрацьовуватися, оскільки ми розуміємо, що одна з найбільших проблем - це є доступність до знеболення, і максимальна наша структурна відповідь на це питання повинна бути зроблена, і вона ведеться.
ParlaMint-UA_2019-11-15-m0.u31.p3.sent1	Окремо готується зараз внесення змін до постанови про надання паліативної допомоги, власне, корегування тих речей, котрі на сьогодні на практиці виявилося, що їх необхідно відкоригувати.
ParlaMint-UA_2019-11-15-m0.u32.p1.sent1	Ковальов Олександр Іванович.
ParlaMint-UA_2019-11-15-m0.u33.p1.sent1	Ковалев Александр.
ParlaMint-UA_2019-11-15-m0.u33.p1.sent2	Передаю слово Сергею Шахову.
ParlaMint-UA_2019-11-15-m0.u34.p1.sent1	Сергій Володимирович Шахов.
ParlaMint-UA_2019-11-15-m0.u35.p1.sent1	Сергій Шахов, Луганщина.
ParlaMint-UA_2019-11-15-m0.u35.p1.sent2	Ви вибачте, подумаєте, що я на вас нападаю, ви тільки працюєте два місяці.
ParlaMint-UA_2019-11-15-m0.u35.p1.sent3	Я просто хочу вас застережити з того, щоб ви не наробили таких помилок, як попередники.
ParlaMint-UA_2019-11-15-m0.u35.p2.sent1	Скажіть, будь ласка, и ви знаєте, що на Луганщині немає сьогодні онкологічного центру, поставили його на ремонт, 18 лікарів, які працювали сьогодні, не працюють.
ParlaMint-UA_2019-11-15-m0.u35.p2.sent2	І люди йдуть з Великої Луганщини йдуть до Луганська лікуватися.
ParlaMint-UA_2019-11-15-m0.u35.p2.sent3	18 тисяч онкохворих сьогодні не отримують допомогу.
ParlaMint-UA_2019-11-15-m0.u35.p2.sent4	В моїй приймальній кожен місяць додається по 40 людей, які захворіли на рак.
ParlaMint-UA_2019-11-15-m0.u35.p2.sent5	Це страшна хвороба, яка сьогодні захопила нашу державу взагалі.
ParlaMint-UA_2019-11-15-m0.u35.p2.sent6	В кожній області такі є проблеми.
ParlaMint-UA_2019-11-15-m0.u35.p2.sent7	Онкологічні захворювання – це, в принципі, екологія нашої держави.
ParlaMint-UA_2019-11-15-m0.u35.p3.sent1	І, по-друге, скажіть, будь ласка, чи ви контролюєте проблему сьогоднішню, що торгують в аптеках крейдою, і коли це закінчиться?
ParlaMint-UA_2019-11-15-m0.u35.p3.sent2	І ви не відповіли на запитання, коли закінчаться сьогодні закупівлі через "прокладки".
ParlaMint-UA_2019-11-15-m0.u36.p1.sent1	Давайте ще раз, про закупівлю ліків.
ParlaMint-UA_2019-11-15-m0.u36.p1.sent2	Закупівля ліків, з 1 січня ми зараз робимо всі необхідні законодавчі зміни і підзаконні акти теж, для того, щоб закупівля здійснювалася. (знов будете потім перепитувати, ну добре), закупівля здійснювалась через Централізовану українську закупівельну організацію, а отже, більшість ліків пройшло через українську бюджетну систему.
ParlaMint-UA_2019-11-15-m0.u36.p2.sent1	Єдине, що є можливо, і ми мусимо визначити також урядом, які види медичних препаратів або вакцин ми будемо здійснювати через міжнародні організації наступного року, оскільки не все ще в Україні зареєстроване і може бути закуплено.
ParlaMint-UA_2019-11-15-m0.u36.p2.sent2	Але це є питання зараз налаштування роботи Централізованої закупівельної організації.
ParlaMint-UA_2019-11-15-m0.u36.p3.sent1	Щодо онкології.
ParlaMint-UA_2019-11-15-m0.u36.p3.sent2	Власне, по онкології зміна з 1 квітня фінансування закладів охорони здоров’я, власне, до цього приведе, що нам не треба буде фінансувати заклад, куди ніхто не приходить, або фінансувати заклад, куди приходять люди з іншого закладу.
ParlaMint-UA_2019-11-15-m0.u36.p4.sent1	Наступного року в заклад, якщо прийшло пацієнтів більше, ніж заплановано було по медичній субвенції в 19-му році, на 20 відсотків чи на 100 відсотків, туди прийде і грошей на сто відсотків більше, і цей заклад зможе розвиватися і піднімати зарплати, стимулювати працівників, наймати ще працівників, і, власне, ставати тим центром, більш посиленим, і кваліфікованої допомоги по онкології, в тому числі.
ParlaMint-UA_2019-11-15-m0.u36.p5.sent1	Щодо, власне, якості ліків.
ParlaMint-UA_2019-11-15-m0.u36.p5.sent2	Щодо якості ліків, один з інструментів, котрий на сьогодні розвивається, і ми будемо його відбудовувати на далі, це є, власне, запровадження оцінки якості ліків, запровадження певних інструментів, що дасть можливість контролювати на етапі реєстрації, а також використання їх в системі для того, щоб ми мали.
ParlaMint-UA_2019-11-15-m0.u36.p5.sent3	І це питання - одне з наших завдань: контроль якості медичної допомоги, медичних послуг і контроль якості ліків.
ParlaMint-UA_2019-11-15-m0.u36.p5.sent4	На сьогодні ми знаємо, що можна такий інструменти в Україні запровадити, і, власне, над ними зараз працюємо.
ParlaMint-UA_2019-11-15-m0.u37.p1.sent1	Макаренко Михайло Васильович.
ParlaMint-UA_2019-11-15-m0.u38.p1.sent1	Макаренко.
ParlaMint-UA_2019-11-15-m0.u38.p1.sent2	Шановна пані міністре, скажіть мені, будь ласка, з 2015 року з 2 тисячі 200 лікарень осталось 1 тисяча 700 лікарень, з 217 тисяч лікарів на даний момент 186 тисяч.
ParlaMint-UA_2019-11-15-m0.u38.p2.sent1	І третє запитання таке.
ParlaMint-UA_2019-11-15-m0.u38.p2.sent2	Як ви мені відповісте мені, яке ваше бачення страхової медицини?
ParlaMint-UA_2019-11-15-m0.u38.p2.sent3	Будь ласка.
ParlaMint-UA_2019-11-15-m0.u39.p1.sent1	У дві хвилини?
ParlaMint-UA_2019-11-15-m0.u39.p1.sent2	Добре.
ParlaMint-UA_2019-11-15-m0.u39.p2.sent1	Значить, зменшення кількості медичних працівників на сьогодні в Україні відбувається з кількох аспектів.
ParlaMint-UA_2019-11-15-m0.u39.p2.sent2	Перший - це те, що, дійсно, досить багато у нас медичних працівників є передпенсійного і пенсійного віку, і вони звільняються, а заклади належним чином не наповнюються.
ParlaMint-UA_2019-11-15-m0.u39.p2.sent3	Але друга, і більш системна, відповідь на цю проблему: в Україні за 28 років нормально не була жодного разу напрацьована державна стратегія, чи то політика, чи то програма кадрового забезпечення закладів охорони здоров’я.
ParlaMint-UA_2019-11-15-m0.u39.p2.sent4	І відсутність цієї кадрової політики привело до того, що все відбувалось хаотично, хто як визначав спеціальності, хто як визначав кількість і так далі.
ParlaMint-UA_2019-11-15-m0.u39.p2.sent5	Я на сьогодні за цих два місяці.
ParlaMint-UA_2019-11-15-m0.u39.p2.sent6	три місяці досить багато вела перемовин з фахівцями, котрі готові взятися до розробки такої політики, після чого ми будемо бачити трьох-, п’яти-, п’ятнадцятирічну програму, як ми будемо забезпечувати наші заклади лікарями.
ParlaMint-UA_2019-11-15-m0.u39.p3.sent1	В даній ситуації Міністерство охорони здоров’я має лише питання у визначенні державних замовлень на навчання в лікарнях, в медичних університетах.
ParlaMint-UA_2019-11-15-m0.u39.p3.sent2	На сьогодні все решта – це є питання зони відповідальності органів місцевої влади, котрі є власниками закладів охорони здоров’я і котрі можуть як приваблювати, мотивувати медпрацівників з точки.
ParlaMint-UA_2019-11-15-m0.u39.p3.sent3	З 1 квітня наступного року тарифна сітка не буде працювати для закладів охорони здоров’я.
ParlaMint-UA_2019-11-15-m0.u39.p3.sent4	З наступного року ми не зможемо вказувати, як і що повинно відбуватися, це все буде відповідальність органів місцевої влади і керівника закладу охорону здоров’я і, власне.
ParlaMint-UA_2019-11-15-m0.u39.p3.sent5	Забула, забула останнє.
ParlaMint-UA_2019-11-15-m0.u40.p1.sent1	Кулініч Олег Іванович.
ParlaMint-UA_2019-11-15-m0.u41.p1.sent1	А, страхування.
ParlaMint-UA_2019-11-15-m0.u41.p1.sent2	Тобто страхування, на сьогодні ми можемо обговорювати, що це може бути комбінована модель, тоді, коли ми маємо програму медичних гарантій, котру ми профінансували, всім точно гарантували, населення точно знає, що воно отримає набір діагностики, медичних послуг, медичної допомоги.
ParlaMint-UA_2019-11-15-m0.u41.p1.sent3	І додатково до цього я думаю, що ми спроможні створити систему страхування, медичного страхування, котра зможе дофінансовуватися державою для певних категорій громадян або громадянами.
ParlaMint-UA_2019-11-15-m0.u41.p1.sent4	Все це ми розробимо і, власне, представимо вам, і разом з вами будемо приймати це рішення.
ParlaMint-UA_2019-11-15-m0.u42.p1.sent1	Кулініч Олег Іванович.
ParlaMint-UA_2019-11-15-m0.u43.p1.sent1	Пані Зоряна, скажіть, будь ласка, зараз існує величезна проблема із залученням молодих спеціалістів-лікарів у сільську місцевість.
ParlaMint-UA_2019-11-15-m0.u43.p1.sent2	Ви у своїй доповіді зупинилися на цьому і бачите вирішення цієї проблематики через допомогу місцевих громад.
ParlaMint-UA_2019-11-15-m0.u43.p1.sent3	Так я от вам скажу як депутат-мажоритарник, я представляю Полтавщину, місцеві громади готові фінансувати житло, але хто поїде в сільську місцевість, коли іде масове скорочення в районних лікарнях за рахунок того, що фінансування, яке було через Національну службу здоров’я, в тому числі на Полтавщину, через пілотний проект, його вистачає ледь-ледь на заробітну плату і на енергоносії?
ParlaMint-UA_2019-11-15-m0.u43.p1.sent4	Хто поїде працювати у ФАП, коли там абсолютно відсутнє фінансування?
ParlaMint-UA_2019-11-15-m0.u43.p1.sent5	От як виходити з цієї ситуації?
ParlaMint-UA_2019-11-15-m0.u43.p1.sent6	Як ми будемо залучати молодих спеціалістів і чи є взагалі якась програма і у вас бачення як у міністра, як це вирішувати?
ParlaMint-UA_2019-11-15-m0.u43.p1.sent7	Тому що, якщо зараз ми не відновимо фінансування, ми втратимо районні лікарні, втратимо ФАПи і втратимо молодих спеціалістів у сільській місцевості.
ParlaMint-UA_2019-11-15-m0.u43.p2.sent1	Прокоментуйте, будь ласка.
ParlaMint-UA_2019-11-15-m0.u44.p1.sent1	Дякую.
ParlaMint-UA_2019-11-15-m0.u44.p1.sent2	Власне, давайте просто подивимося, як особи, котрі приймають державницькі рішення для всіх громадян.
ParlaMint-UA_2019-11-15-m0.u44.p1.sent3	Ми хочемо, гроші щоб витрачались на надання медичної допомоги, для того, щоб люди дійсно отримували лікування чи для того, щоб просто фінансувати заклади?
ParlaMint-UA_2019-11-15-m0.u44.p1.sent4	На сьогодні ми змінюємо модель: тоді, коли гроші будуть там, де надається медична допомога.
ParlaMint-UA_2019-11-15-m0.u44.p1.sent5	Тому ми не врізаємо фінансування закладів.
ParlaMint-UA_2019-11-15-m0.u44.p1.sent6	Якщо якась місцева влада вважає за необхідне, щоб заклад існував, де медична допомога не надається, – це є рішення місцевої влади.
ParlaMint-UA_2019-11-15-m0.u44.p2.sent1	Центральна влада, Міністерство охорони здоров’я фінансують надання медичної допомоги.
ParlaMint-UA_2019-11-15-m0.u44.p2.sent2	Там, де є медична допомога в районній лікарні, де люди отримують медичну допомогу, де вони приходять до лікарів, там гроші будуть, їм ніхто не врізає жодного фінансування.
ParlaMint-UA_2019-11-15-m0.u44.p2.sent3	Але якщо лікарня не хоче надавати медичну допомогу, не проводить лікування, а лише просто приходять на роботу попити чай, а на жаль, у нас є такі лікарні, і кожен приходив і бачив десь колись за своє життя, – то давайте ми такі лікарні, не будемо розказувати, що ми будемо далі їх утримувати.
ParlaMint-UA_2019-11-15-m0.u44.p3.sent1	Ми фінансуємо нашим громадянам отримання медичної допомоги.
ParlaMint-UA_2019-11-15-m0.u44.p3.sent2	І це ключова зміна для того, щоб ми мали можливість наші ресурси, які ми маємо в бюджеті, витрачати ефективно, в наступному році починаючи.
ParlaMint-UA_2019-11-15-m0.u44.p3.sent3	І давайте ми будемо думати про громадян, а не просто про утримання самих закладів.
ParlaMint-UA_2019-11-15-m0.u45.p1.sent1	Павленко Ростислав Миколайович.
ParlaMint-UA_2019-11-15-m0.u46.p1.sent1	Прошу передати слово Марії Іоновій.
ParlaMint-UA_2019-11-15-m0.u47.p1.sent1	Ще раз, якщо можна.
ParlaMint-UA_2019-11-15-m0.u47.p2.sent1	Марія Миколаївна Іонова.
ParlaMint-UA_2019-11-15-m0.u48.p1.sent1	Дуже дякую.
ParlaMint-UA_2019-11-15-m0.u48.p1.sent2	Шановна пані міністр, ви в цьому році, у вересні місяці, спільно з Прем’єр-міністром відвідати ОХМАТДИТ і на власні очі побачили, що з 7 блоків 2 блоки вже введено в експлуатацію, вірніше, 3 блоки введено в експлуатацію, 2 блоки завершено на 95 відсотків.
ParlaMint-UA_2019-11-15-m0.u48.p1.sent3	А на 2 блоки, де планується до кінця ІІІ кварталу відкрити 4 онкогематологічних відділення і центр трансплантації кісткового мозку потрібно 660 мільйонів гривень, на що і було закладено в бюджеті.
ParlaMint-UA_2019-11-15-m0.u48.p1.sent4	На жаль, виділили тільки 500.
ParlaMint-UA_2019-11-15-m0.u48.p2.sent1	Ми вас дуже просимо закликаємо вас знайти ці 160 мільйонів, щоб до кінця року відкрити ці 4 відділення і центр костного мозга трансплантації, щоб максимальна кількість дітей могла отримувати максимальну допомогу.
ParlaMint-UA_2019-11-15-m0.u48.p2.sent2	Дуже шкода, що не було виділено відразу стільки.
ParlaMint-UA_2019-11-15-m0.u48.p3.sent1	Дякую.
ParlaMint-UA_2019-11-15-m0.u49.p1.sent1	Скажу так, сьогодні в мене вже двічі за цей тиждень в пів шостої прийде знов будівельна організація і все, що стосується "Охматдиту", з документами для того, щоб ми розуміли більш детальний, деталізований план всіх етапів будівництва, для того, щоб ми зрозуміли, на якому етапі кожного місяця скільки грошей нам потрібно і для того, щоб зрозуміти як і де, і коли ми додаткове фінансування знайдемо.
ParlaMint-UA_2019-11-15-m0.u49.p1.sent2	Але точно це буде, я сподіваюся, це буде швидше ніж навіть ІІІ квартал 20-го року.
ParlaMint-UA_2019-11-15-m0.u49.p2.sent1	Оскільки нам після здачі будівництва ще треба зробити необхідні кроки, щоб провести хоча би в наступному році таке, щоб це зробити, це не ІІІ квартал, це треба раніше.
ParlaMint-UA_2019-11-15-m0.u49.p2.sent2	На сьогодні в нас, я беру на особистий контроль і кожного тижня в нас точно будуть звітні з ними зустрічі по тому, як рухається будівництво і це точно не буде ІІІ квартал, це буде набагато раніше.
ParlaMint-UA_2019-11-15-m0.u49.p2.sent3	Можливо, найближчим часом ми покажемо новий графік і покажемо те, як ми будемо це дофінансовувати, і де ми знайдемо додаткові кошти.
ParlaMint-UA_2019-11-15-m0.u50.p1.sent1	Івченко Вадим.
ParlaMint-UA_2019-11-15-m0.u50.p1.sent2	Іван Григорович Крулько.
ParlaMint-UA_2019-11-15-m0.u50.p1.sent3	Кириленко, вибачте.
ParlaMint-UA_2019-11-15-m0.u50.p1.sent4	Іван Григорович Кириленко.
ParlaMint-UA_2019-11-15-m0.u51.p1.sent1	Пані міністр, хочу вам, щоб ви протягом 2 хвилин дуже чітко, внятно відповіли українському суспільству.
ParlaMint-UA_2019-11-15-m0.u51.p1.sent2	Як ви організуєте в умовах реформи і адміністративно-територіальної, і медичної реформи організуєте якісне і оперативне медичне обслуговування сільських жителів, яких сьогодні в Україні 40 відсотків?
ParlaMint-UA_2019-11-15-m0.u51.p1.sent3	Це раз.
ParlaMint-UA_2019-11-15-m0.u51.p1.sent4	70 відсотків із них пенсійного віку – два.
ParlaMint-UA_2019-11-15-m0.u51.p1.sent5	І 80 відсотків проживає у відділених населених пунктах.
ParlaMint-UA_2019-11-15-m0.u51.p1.sent6	Чому віддалені?
ParlaMint-UA_2019-11-15-m0.u51.p1.sent7	Бо об’єднані територіальні громади.
ParlaMint-UA_2019-11-15-m0.u51.p1.sent8	2 хвилини – чітко, внятно, як це буде зроблено.
ParlaMint-UA_2019-11-15-m0.u51.p1.sent9	Будь ласка.
ParlaMint-UA_2019-11-15-m0.u52.p1.sent1	Аналогічно мали ту саму задачу перед собою, тільки з вересня приступила до роботи.
ParlaMint-UA_2019-11-15-m0.u52.p1.sent2	На сьогодні з регіонами була проведена вся необхідна робота, з’ясування інформації ,як багато в нас є таких відділених регіонів і що кожен регіон бачить, як він це може зробити, оскільки забезпечення надання допомоги здійснюється комунальними закладами охорони здоров’я.
ParlaMint-UA_2019-11-15-m0.u52.p2.sent1	З точки зору міністерства на сьогодні ми з ними обговорюємо кілька шляхів, котрі вони можуть застосувати для покриття сільського населення наданням первинної медичної допомоги.
ParlaMint-UA_2019-11-15-m0.u52.p2.sent2	Один з варіантів, котрий на сьогодні ми розглядаємо, це можливість існування мобільних амбулаторій.
ParlaMint-UA_2019-11-15-m0.u52.p3.sent1	Другий варіант, котрий на сьогодні може бути, це, власне, є створення певних виїздів самих лікарів або перевезення до амбулаторій, або до центрів первинної медико-санітарної допомоги.
ParlaMint-UA_2019-11-15-m0.u52.p3.sent2	Для мене є важливим допокриття всього населення України первинною медичною допомогою в першу чергу в сільській місцевості.
ParlaMint-UA_2019-11-15-m0.u52.p3.sent3	У нас є кілька різних шляхів, котрі можуть бути використані в різних регіонах, залежно від того, як місцева влада вирішить це для себе в більш прийнятний спосіб.
ParlaMint-UA_2019-11-15-m0.u52.p4.sent1	На сьогодні, з нашої точки зору, з нашої позиції, буде в тому числі питання пошуку коштів для, наприклад, цих самих мобільних амбулаторій, котрі могли би обслуговувати кілька населених пунктів.
ParlaMint-UA_2019-11-15-m0.u52.p4.sent2	Вони на сьогодні технологічно, такі варіанти, існують.
ParlaMint-UA_2019-11-15-m0.u52.p5.sent1	Щодо фінансування.
ParlaMint-UA_2019-11-15-m0.u52.p5.sent2	Щодо фінансування, власне, Національна служба здоров’я, визначаючи ставки надання первинної медичної допомоги, має там різні на сьогодні розрахунки, як ці коефіцієнти повинні бути застосовані.
ParlaMint-UA_2019-11-15-m0.u52.p5.sent3	Але чіткої єдиної програми.
ParlaMint-UA_2019-11-15-m0.u52.p5.sent4	власне, ми на сьогодні напрацьовуємо і доопрацьовуємо.
ParlaMint-UA_2019-11-15-m0.u52.p5.sent5	І я думаю, будуть вноситись зміни до нормативних актів, котрі регулюють надання первинної медичної допомоги.
ParlaMint-UA_2019-11-15-m0.u52.p5.sent6	Щоб максимально стимулювати надання первинної медичної допомоги медичними працівниками в тому числі в сільській місцевості.
ParlaMint-UA_2019-11-15-m0.u53.p1.sent1	Знову?
ParlaMint-UA_2019-11-15-m0.u53.p1.sent2	Цимбалюк Михайло Михайлович.
ParlaMint-UA_2019-11-15-m0.u54.p1.sent1	Михайло Цимбалюк, "Батьківщина".
ParlaMint-UA_2019-11-15-m0.u54.p1.sent2	Шановна пані міністерка!
ParlaMint-UA_2019-11-15-m0.u54.p1.sent3	Я, насамперед, хочу вважати великою перемогою цього уряду, що, нарешті, за багато років ми маємо міністра охорони здоров’я, а не в.о.
ParlaMint-UA_2019-11-15-m0.u54.p1.sent4	Це дуже важливо.
ParlaMint-UA_2019-11-15-m0.u54.p2.sent1	Питання по суті.
ParlaMint-UA_2019-11-15-m0.u54.p2.sent2	Візьміть, будь ласка, на контроль об’єднання у Львові "Охматдиту" і Обласного центру надання допомоги дітям.
ParlaMint-UA_2019-11-15-m0.u54.p2.sent3	Місцева влада хоче їх об’єднати, а насправді це ліквідувати.
ParlaMint-UA_2019-11-15-m0.u54.p2.sent4	Ці центри, що один, що інший, надають допомогу дітям не тільки Львівщини, а й сусідніх областей.
ParlaMint-UA_2019-11-15-m0.u54.p2.sent5	І дуже сумно, що департамент охорони здоров’я Львівської ОДА обґрунтуванням каже, що це сприятиме надання кваліфікованої медичної допомоги дітям в одному тільки центрі, а інші ліквідують, де є тисяча фахівців.
ParlaMint-UA_2019-11-15-m0.u54.p2.sent6	Складається враження, що питання тільки в приміщенні.
ParlaMint-UA_2019-11-15-m0.u55.p1.sent1	Дякую.
ParlaMint-UA_2019-11-15-m0.u55.p1.sent2	Я знаю цю ситуацію у Львові, я знаю, я знайома, ми розмовляли з губернатором, ми розмовляли з департаментом охорони здоров’я.
ParlaMint-UA_2019-11-15-m0.u55.p1.sent3	І на сьогодні я знаю, що губернатор сам тримає на контролі ситуацію з тим, щоб отримання медичної допомоги дитячому населенню Львівської області було забезпечено належним чином і ніякого зменшення доступу до медичної допомоги і до лікарів, котрі працюють в закладах охорони здоров’я Львівської області, не відбулося.
ParlaMint-UA_2019-11-15-m0.u55.p1.sent4	Тому дякую, але я знаю і тримаю на контролі.
ParlaMint-UA_2019-11-15-m0.u55.p2.sent1	Я би хотіла ще скористатись півтора хвилинами, сказати, що вам на столах було роздано коротку презентацію, котра ляже в основу напрацювання стратегії, якої так давно всі очікують, оскільки ми маємо лише стратегію зміни фінансування охорони здоров’я, а не всієї.
ParlaMint-UA_2019-11-15-m0.u55.p2.sent2	Тут є певні моменти, котрими, наприклад, сьогодні ми керуємося, але вона ляже в основу розширеного документу, котрий ми однозначно з вами всіма обговоримо.
ParlaMint-UA_2019-11-15-m0.u55.p3.sent1	І друге.
ParlaMint-UA_2019-11-15-m0.u55.p3.sent2	Я би хотіла сказати, що Міністерство охорони здоров’я готове провести з будь-ким чи з групами, чи з фракціями, чи з депутатами зустрічі щодо роз’яснення, щодо інформування, оскільки охорона здоров’я насправді є дуже складною і мало поінформованою для українських громадян сферою.
ParlaMint-UA_2019-11-15-m0.u55.p3.sent3	Якщо такі запити будуть, звертайтеся, будь ласка, ми відкриті до комунікації, до роз’яснення, а можливо до напрацювань.
ParlaMint-UA_2019-11-15-m0.u55.p4.sent1	Дякую.
ParlaMint-UA_2019-11-15-m0.u56.p1.sent1	Дякую.
ParlaMint-UA_2019-11-15-m0.u56.p2.sent1	Качура Олександр Анатолійович.
ParlaMint-UA_2019-11-15-m0.u57.p1.sent1	Олександр Качура, фракція "Слуга народу".
ParlaMint-UA_2019-11-15-m0.u57.p1.sent2	Прошу передати слово колезі Максиму Бужанському.
ParlaMint-UA_2019-11-15-m0.u58.p1.sent1	Максим Аркадійович Бужанський.
ParlaMint-UA_2019-11-15-m0.u59.p1.sent1	Шановні колеги, маю питання до нашого Прем’єр-міністра Олексія Гончарука, який, на жаль, зневажає депутатів та вийшов наразі із залу.
ParlaMint-UA_2019-11-15-m0.u59.p1.sent2	Я маю питання щодо того, чому він, сприяючи проходженню до Верховної Ради пана В’ятровича, вступив у змову з фракцією "ЄС" та надав можливість члену списку ЄС Наталії Бойко працювати в себе радником.
ParlaMint-UA_2019-11-15-m0.u59.p2.sent1	Я хочу нагадати пану Гончаруку, що на виборах ми зробили разом саме їх.
ParlaMint-UA_2019-11-15-m0.u59.p2.sent2	І неприпустимо використовувати своє службове положення щодо сприяння якимось діям фракції "ЄС" та колишнього Президента Петра Порошенка.
ParlaMint-UA_2019-11-15-m0.u59.p3.sent1	Дякую.
ParlaMint-UA_2019-11-15-m0.u60.p1.sent1	Шановні колеги, давайте притримуватись Регламенту і рухатись в рамках запитань.
ParlaMint-UA_2019-11-15-m0.u60.p2.sent1	Згадали Петра Олексійовича.
ParlaMint-UA_2019-11-15-m0.u60.p2.sent2	Він є?
ParlaMint-UA_2019-11-15-m0.u60.p2.sent3	Хто.
ParlaMint-UA_2019-11-15-m0.u60.p2.sent4	Геращенко, з мотивів, хвилину.
ParlaMint-UA_2019-11-15-m0.u60.p3.sent1	Дякую, пані міністр.
ParlaMint-UA_2019-11-15-m0.u60.p3.sent2	Час вичерпано.
ParlaMint-UA_2019-11-15-m0.u61.p1.sent1	Шановні колеги, чим "Європейська солідарність" відрізняється від інших фракцій, зокрема від монобільшості?
ParlaMint-UA_2019-11-15-m0.u61.p1.sent2	Наші депутати – це особистості, вони самодостатні люди, так само як і кандидати в депутати, і весь наш список - вони не раби, не кріпаки, вони професіонали, і вони мають повне право обирати самі місце своєї роботи.
ParlaMint-UA_2019-11-15-m0.u61.p1.sent3	Ми пишаємося нашим списком і тими, хто працює депутатами, і тими, хто йде далі в списку, і хочемо порадити так само всім колегам по парламенту з повагою ставитися до своїх ідеологічних опонентів.
ParlaMint-UA_2019-11-15-m0.u61.p2.sent1	А до Голови Верховної Ради України ми хочемо звернутися з вимогою.
ParlaMint-UA_2019-11-15-m0.u61.p2.sent2	Уже надійшли документи на зареєстрованого народним депутатом України пана В’ятровича.
ParlaMint-UA_2019-11-15-m0.u61.p2.sent3	Ми вимагаємо, щоб сьогодні.
ParlaMint-UA_2019-11-15-m0.u61.p2.sent4	(Голова Верховної Ради, відірвіться, будь ласка, від вашого колеги і послухайте "Європейську солідарність").
ParlaMint-UA_2019-11-15-m0.u61.p2.sent5	Ми звертаємося до вас, щоб сьогодні пан В’ятрович прийняв присягу народного депутата України.
ParlaMint-UA_2019-11-15-m0.u61.p2.sent6	Пане Разумков, сьогодні!
ParlaMint-UA_2019-11-15-m0.u62.p1.sent1	Дякую.
ParlaMint-UA_2019-11-15-m0.u62.p2.sent1	Шановні колеги, переходимо до наступного.
ParlaMint-UA_2019-11-15-m0.u62.p2.sent2	Я хотів би подякувати уряду, тому що "година запитань до Уряду" завершена.
ParlaMint-UA_2019-11-15-m0.u62.p2.sent3	І дякую міністру за відповіді на запитання і сподіваюсь на подальшу плідну роботу між урядом та парламентом.
ParlaMint-UA_2019-11-15-m0.u62.p2.sent4	Дякую, пан Прем’єр-міністр та шановні колеги.
ParlaMint-UA_2019-11-15-m0.u62.p3.sent1	Шановні колеги, відповідно до статті 25 Регламенту Верховної Ради України в п’ятницю ми маємо до 30 хвилин для оголошення запитів.
ParlaMint-UA_2019-11-15-m0.u62.p4.sent1	Слово надається заступнику Голови Верховної Ради України Кондратюк Олені Костянтинівні.
ParlaMint-UA_2019-11-15-m0.u63.p1.sent1	Дякую.
ParlaMint-UA_2019-11-15-m0.u63.p2.sent1	Доброго дня, шановні колеги!
ParlaMint-UA_2019-11-15-m0.u63.p2.sent2	Отже, до нас надійшли два запити на ім’я Президента України.
ParlaMint-UA_2019-11-15-m0.u63.p2.sent3	Ми маємо проголосувати про підтримку запиту не менше ніж однією третиною народних депутатів від конституційного складу Верховної Ради України.
ParlaMint-UA_2019-11-15-m0.u63.p3.sent1	Тому ставлю на голосування запит Соломії Бобровської до Президента України щодо звільнення з ув’язнення з Нігерії українських моряків.
ParlaMint-UA_2019-11-15-m0.u63.p4.sent1	Прошу визначатися і голосувати.
ParlaMint-UA_2019-11-15-m0.u63.p5.sent1	За-178
ParlaMint-UA_2019-11-15-m0.u63.p6.sent1	Дякую.
ParlaMint-UA_2019-11-15-m0.u63.p6.sent2	За - 178.
ParlaMint-UA_2019-11-15-m0.u63.p6.sent3	Отже, запит набрав необхідних 150 голосів.
ParlaMint-UA_2019-11-15-m0.u63.p7.sent1	Тепер ставиться на голосування рішення про направлення попередньо підтриманого депутатського запиту до Президента України.
ParlaMint-UA_2019-11-15-m0.u63.p8.sent1	Прошу визначатися і голосувати.
ParlaMint-UA_2019-11-15-m0.u63.p9.sent1	За-204
ParlaMint-UA_2019-11-15-m0.u63.p10.sent1	На жаль, запит не набрав необхідних 226 голосів.
ParlaMint-UA_2019-11-15-m0.u63.p11.sent1	Ставлю на голосування наступний запит: від групи народних депутатів (Кривошеєва, Дунди та інших.
ParlaMint-UA_2019-11-15-m0.u63.p11.sent2	Всього 40 депутатів) до Президента України щодо створення регіонального ландшафтного парку "Полонина Боржава".
ParlaMint-UA_2019-11-15-m0.u63.p12.sent1	Прошу визначатися та голосувати.
ParlaMint-UA_2019-11-15-m0.u63.p13.sent1	За-189
ParlaMint-UA_2019-11-15-m0.u63.p14.sent1	Тепер прошу, колеги, ставиться на голосування рішення про направлення попередньо підтриманого депутатського запиту до Президента України.
ParlaMint-UA_2019-11-15-m0.u63.p14.sent2	Нам необхідно 226 голосів, щоб запит було підтримано.
ParlaMint-UA_2019-11-15-m0.u63.p15.sent1	Прошу визначатись і голосувати.
ParlaMint-UA_2019-11-15-m0.u63.p16.sent1	За-213
ParlaMint-UA_2019-11-15-m0.u63.p17.sent1	На жаль, не набрав запит необхідних 226 голосів.
ParlaMint-UA_2019-11-15-m0.u63.p18.sent1	По фракціях прошу показати.
ParlaMint-UA_2019-11-15-m0.u63.p18.sent2	"Слуга народу" – 121, "Опозиційна платформа - За життя" – 19, "Європейська солідарність" – 19, "Батьківщина" – 15, "За майбутнє" – 11, "Голос" – 14, позафракційні – 14.
ParlaMint-UA_2019-11-15-m0.u63.p19.sent1	Ну що, народні депутати, тепер я.
ParlaMint-UA_2019-11-15-m0.u63.p19.sent2	Зараз до нас надійшло 224 депутатські запити.
ParlaMint-UA_2019-11-15-m0.u63.p20.sent1	Від Соломії Бобровської до Президента України щодо звільнення з ув’язнення в Нігерії українських моряків.
ParlaMint-UA_2019-11-15-m0.u63.p21.sent1	Групи народних депутатів (Кривошеєва, Дунди та інших, всього 40 депутатів) до Президента України щодо створення регіонального ландшафтного парку "Полонина Боржава".
ParlaMint-UA_2019-11-15-m0.u63.p22.sent1	Юлії Гришиної до Прем’єр-міністра України стосовно надання інформації щодо порядку закріплення території обслуговування за закладами освіти.
ParlaMint-UA_2019-11-15-m0.u63.p23.sent1	Олександра Салійчука до міністра оборони України, Генерального прокурора України щодо оскарження рішення Рівненської обласної ради щодо надання у користування мисливських угідь строком на 25 років Рівненській гарнізонній організації Товариства військових мисливців та рибалок Західного регіону України.
ParlaMint-UA_2019-11-15-m0.u63.p24.sent1	Лариси Білозір до Міністерства юстиції України щодо забезпечення громадянам права на доступні адміністративні послуги.
ParlaMint-UA_2019-11-15-m0.u63.p25.sent1	Анни Скороход до Прем’єр-міністра України, Голови Державної податкової служби України щодо виконання ухвали суду.
ParlaMint-UA_2019-11-15-m0.u63.p26.sent1	Дмитра Лубінця до Прем’єр-міністра України щодо скорочення освітньої субвенції.
ParlaMint-UA_2019-11-15-m0.u63.p27.sent1	Тетяни Циби до виконуючого обов’язки голови Державної архітектурно-будівельної інспекції України щодо виявлення фактів порушення чинного законодавства України, пов’язаних з будівництвом "Оздоровчо-рекреаційного комплексу з благоустроєм території за адресою: місто Київ, вулиця Квітки Цісик, 34, 36" та звернення до органів контролю.
ParlaMint-UA_2019-11-15-m0.u63.p28.sent1	Олександра Ткаченка та Івана Шинкаренка до Кабінету Міністрів України, Міністерства охорони здоров’я України, Міністерства фінансів України, Міністерства розвитку громад та територій України, Одеської обласної державної адміністрації стосовно вжиття дієвих заходів для вирішення соціально-економічних питань розвитку окремих територіальних громад у Одеській області.
ParlaMint-UA_2019-11-15-m0.u63.p29.sent1	Євгенія Шевченка до Голови Національної поліції України щодо перевірки обставин вчинення кримінального правопорушення передбаченого частиною третьою статті 161 Кримінального кодексу України.
ParlaMint-UA_2019-11-15-m0.u63.p30.sent1	Євгенія Шевченка до Національної ради України з питань телебачення і радіомовлення щодо призначення перевірки "5 каналу" у зв’язку з поширенням закликів до прямого обмеження прав громадян за ознаками їхніх політичних та інших переконань, місця проживання, за мовними та іншими ознаками.
ParlaMint-UA_2019-11-15-m0.u63.p31.sent1	Ольги Василевської-Смаглюк до Голови Служби безпеки України, Генерального прокурора України, голови Київської обласної державної адміністрації про вжиття заходів реагування щодо відновлення первинної документації Київської обласної державної адміністрації та притягнення винних осіб до відповідальності.
ParlaMint-UA_2019-11-15-m0.u63.p32.sent1	Богдана Кицака до міністра фінансів України щодо заборгованості з виплати заробітної плати працівникам "Центральної районної лікарні Бердичівського району".
ParlaMint-UA_2019-11-15-m0.u63.p33.sent1	Богдана Кицака до Бердичівського міського голови щодо облаштування пішохідного переходу біля загальноосвітнього колегіуму №14 у місті Бердичіві.
ParlaMint-UA_2019-11-15-m0.u63.p34.sent1	Олександра Ткаченка до Комітету Верховної Ради України з питань здоров’я нації, медичної допомоги та медичного страхування, Кабінету Міністрів України, Міністерства охорони здоров’я України, Одеської обласної державної адміністрації щодо вжиття дієвих заходів для недопущення закриття Кілійського районного центру первинної медико-санітарної допомоги та забезпечення громадянам реалізації конституційного права на своєчасну, безоплатну медичну допомогу.
ParlaMint-UA_2019-11-15-m0.u63.p35.sent1	Валерія Давиденка до Голови правління акціонерного товариства "Українська залізниця" щодо вирішення проблеми із залізничним сполученням у місті Бахмачі Бахмацького району Чернігівської області.
ParlaMint-UA_2019-11-15-m0.u63.p36.sent1	Михайла Бондаря до міністра фінансів України щодо оплати за виконані роботи по об’єкту "Ремонт приміщення комунальної власності Кам’янка-Бузької об’єднаної територіальної громади за адресою вулиця Шевченка, 1.
ParlaMint-UA_2019-11-15-m0.u63.p37.sent1	Михайла Бондаря до міністра оборони України щодо приміщень колишньої військової частини у місті Броди Львівської області.
ParlaMint-UA_2019-11-15-m0.u63.p38.sent1	Костянтина Касая до Прем’єр-міністра України, міністра інфраструктури України, міністра розвитку економіки, торгівлі та сільського господарства України щодо підтримки вітчизняної машинобудівної галузі.
ParlaMint-UA_2019-11-15-m0.u63.p39.sent1	Олексія Жмеренецького до Прем’єр-міністра України щодо можливого звільнення працівників локомотивного депо міста Шепетівка.
ParlaMint-UA_2019-11-15-m0.u63.p40.sent1	Антоніни Славицької до міністра охорони здоров’я України про врахування вимог студентів стосовно удосконалення нового порядку проходження інтернатури.
ParlaMint-UA_2019-11-15-m0.u63.p41.sent1	Антоніни Славицької до Міністра закордонних справ України щодо вжиття заходів для повернення українських моряків, ув’язнених у державі Лівія.
ParlaMint-UA_2019-11-15-m0.u63.p42.sent1	Ігоря Колихаєва до Прем’єр-міністра України, Голови правління акціонерного товариства "Українська залізниця", Міністра інфраструктури України щодо розв’язання нагальних питань із забезпечення сталого функціонування залізничної станції "Високопілля".
ParlaMint-UA_2019-11-15-m0.u63.p43.sent1	Івана Шинкаренка та Олександра Ткаченка до Комітету Верховної Ради України з питань здоров’я нації, медичної допомоги та медичного страхування, Кабінету Міністрів України, Міністерства охорони здоров’я України, Одеської обласної державної адміністрації стосовно вжиття дієвих заходів для належного надання медичної допомоги мешканцям села Біленьке Білгород-Дністровського району Одеської області.
ParlaMint-UA_2019-11-15-m0.u63.p44.sent1	Миколи Скорика до начальника Головного управління Національної поліції в Одеській області, Генерального прокурора України щодо проведення досудового розслідування у кримінальному провадженні №12014160500003700 за фактом масових вбивств та інших злочинів, що мали місце 2 травня 2014 року у місті Одесі, та пов’язаних з даними фактами проваджень.
ParlaMint-UA_2019-11-15-m0.u63.p45.sent1	Сергія Штепи до Генерального прокурора України щодо перевірки фактів розкрадання бюджетних коштів при будівництві мостових переходів в місті Запоріжжі.
ParlaMint-UA_2019-11-15-m0.u63.p46.sent1	Лади Булах до Прем’єр-міністра України щодо призначення Кабінетом Міністрів України Голови Національної Ради з питань протидії туберкульозу та ВІЛ-інфекції/СНІДу та відновлення її функціонування, як консультативно-дорадчого органу.
ParlaMint-UA_2019-11-15-m0.u63.p47.sent1	Групи народних депутатів (Геращенко, Іонової та інших.
ParlaMint-UA_2019-11-15-m0.u63.p47.sent2	Всього 5 депутатів) до Голови Служби безпеки України щодо незаконного перебування депутата Державної Думи Федеральних Зборів Російської Федерації Олексія Журавльова 1-2 листопада 2019 року на тимчасово окупованій території Луганської області та на території розведення сил і засобів.
ParlaMint-UA_2019-11-15-m0.u63.p48.sent1	Групи народних депутатів (Грищенко, Янченко та інших.
ParlaMint-UA_2019-11-15-m0.u63.p48.sent2	Всього 8 депутатів) до тимчасово виконуючого обов’язки Голови Державного агентства України з управління зоною відчуження щодо надання інформації про поточний стан радіологічного забруднення виведених з господарського обігу земель Народицької об’єднаної територіальної громади Житомирської області.
ParlaMint-UA_2019-11-15-m0.u63.p49.sent1	Юлії Тимошенко до Прем’єр-міністра України щодо політики, спрямованої на знищення малого та середнього бізнесу.
ParlaMint-UA_2019-11-15-m0.u63.p50.sent1	Вікторії Гриб до Уповноваженого Верховної Ради України з прав людини щодо порушень закону з боку заступника начальника 6-го відділу розслідувань кримінальних проваджень слідчого управління фінансових розслідувань Офісу великих платників податків Державної фіскальної служби України Антона Замятіна та заступника начальника відділу Генеральної прокуратури України Василя Яцинина.
ParlaMint-UA_2019-11-15-m0.u63.p51.sent1	Вікторії Гриб до Генерального прокурора України щодо грубого порушення вимог кримінального процесуального закону з боку заступника начальника 6-го відділу розслідувань кримінальних проваджень слідчого управління фінансових розслідувань Офісу великих платників податків Державної фіскальної служби України Антона Замятіна та заступника начальника відділу Генеральної прокуратури України Василя Яцинина.
ParlaMint-UA_2019-11-15-m0.u63.p52.sent1	Максима Бужанського до Генерального прокурора України щодо виклику Генерального прокурора України до Верховної Ради України для надання звіту.
ParlaMint-UA_2019-11-15-m0.u63.p53.sent1	Рената Кузьміна до Генерального прокурора України щодо отримання відповіді Генерального прокурора України у Верховній Раді України.
ParlaMint-UA_2019-11-15-m0.u63.p54.sent1	Миколи Величковича до міністра інфраструктури України щодо надання інформації про передання у концесію автомобільних шляхів.
ParlaMint-UA_2019-11-15-m0.u63.p55.sent1	Ігоря Василіва до Начальника Управління Держпраці у Тернопільській області щодо необхідності проведення інспекційного відвідування.
ParlaMint-UA_2019-11-15-m0.u63.p56.sent1	Дмитра Чорного до міністра енергетики та захисту довкілля України щодо виходу державного підприємства "Східний гірничо-збагачувальний комбінат" зі складу державного концерну "Ядерне паливо".
ParlaMint-UA_2019-11-15-m0.u63.p57.sent1	Зіновія Андрійовича до Прем’єр-міністра України, голови Національної комісії, що здійснює державне регулювання у сферах енергетики та комунальних послуг щодо критичної ситуації, яка склалася в органах місцевого самоврядування із забезпеченням вуличного освітлення населених пунктів.
ParlaMint-UA_2019-11-15-m0.u63.p58.sent1	Зіновія Андрійовича до Прем’єр-міністра України, міністра енергетики та захисту довкілля України щодо газифікації сіл Білі Ослави, Чорні Ослави, Чорний потік, Надвірнянського району Івано-Франківської області.
ParlaMint-UA_2019-11-15-m0.u63.p59.sent1	Сергія Мінька до Прем’єр-міністра України щодо заборгованості фінансування пільг на оплату житлово-комунальних послуг.
ParlaMint-UA_2019-11-15-m0.u63.p60.sent1	Сергія Мінька до міністра охорони здоров’я України щодо проблемних аспектів фінансування заходів щодо підвищення кваліфікації медичних та фармацевтичних кадрів у 2020 році.
ParlaMint-UA_2019-11-15-m0.u63.p61.sent1	Групи народних депутатів (Порошенка, Іонової та інших.
ParlaMint-UA_2019-11-15-m0.u63.p61.sent2	Всього 5 депутатів) до Прем’єр-міністра України щодо вжиття заходів щодо повного фінансування за рахунок субвенції з державного бюджету на 2019 рік капітального ремонту будівель комунального некомерційного підприємства "Курахівська міська лікарня" (місто Курахове, Донецька область).
ParlaMint-UA_2019-11-15-m0.u63.p62.sent1	Групи народних депутатів (Порошенка, Іонової та інших.
ParlaMint-UA_2019-11-15-m0.u63.p62.sent2	Всього 5 депутатів) до голови Луганської обласної державної адміністрації – керівника обласної військово-цивільної адміністрації щодо вжиття невідкладних заходів з прискорення введення в експлуатацію житлових будинків у місті Рубіжному Луганської області, споруджених для забезпечення проживання в них внутрішньо переміщених осіб.
ParlaMint-UA_2019-11-15-m0.u63.p63.sent1	Ольги Саладухи до Прем’єр-міністра України, міністра у справах ветеранів, тимчасово окупованих територій та внутрішньо переміщених осіб України, президента Національного комітету спорту інвалідів України, міністра культури, молоді та спорту України щодо забезпечення приміщеннями для тренувань іменитих спортсменів Професійного бійцівського клубу "Тріада" міста Слов’янськ Донецької області.
ParlaMint-UA_2019-11-15-m0.u63.p64.sent1	Ігоря Гузя до Голови Верховної Ради України, Прем’єр-міністра України щодо невідкладного внесення змін до Бюджетного кодексу України з метою збереження норми про відрахування частини надходжень акцизного податку до місцевих бюджетів.
ParlaMint-UA_2019-11-15-m0.u63.p65.sent1	Ігоря Гузя до голови Комітету Верховної Ради України з питань здоров’я нації, медичної допомоги та медичного страхування, Прем’єр-міністра України щодо питання недопущення зменшення для Волинської області розміру субвенції (на 2019 рік) на реформування регіональних систем охорони здоров’я для здійснення заходів з виконання спільного з Міжнародним банком реконструкції та розвитку проекту по реконструкції амбулаторій загальної практики – сімейної медицини.
ParlaMint-UA_2019-11-15-m0.u63.p66.sent1	Групи народних депутатів (Дмитрієвої, Кравчук та інших.
ParlaMint-UA_2019-11-15-m0.u63.p66.sent2	Всього 4 депутатів) до Прем’єр-міністра України щодо діяльності керівника апарату Національної комісії, що здійснює державне регулювання у сфері ринків фінансових послуг "Нацкомфінпослуг" Тетяни Галабудської, що не відповідає принципам державної служби і правилам етичної поведінки та є порушенням Присяги державного службовця.
ParlaMint-UA_2019-11-15-m0.u63.p67.sent1	Марії Іонової до голови Національної поліції України, міністра енергетики та захисту довкілля України щодо оперативного та неупередженого реагування на факти грубих порушень екологічного законодавства України аграрними підприємствами, що займаються птахівництвом у селі Звиняче Горохівського району Волинської області.
ParlaMint-UA_2019-11-15-m0.u63.p68.sent1	Павла Фролова до Прем’єр-міністра України щодо недопущення обмеження права на отримання доступного житла учасників антитерористичної операції, операції Об’єднаних сил та внутрішньо переміщених осіб у 2020 році.
ParlaMint-UA_2019-11-15-m0.u63.p69.sent1	Павла Фролова до Київського міського голови стосовно вжиття невідкладних заходів із завершення реконструкції, введення в експлуатацію Шулявського шляхопроводу в місті Києві та усунення виявлених зловживань і порушень.
ParlaMint-UA_2019-11-15-m0.u63.p70.sent1	Олександра Куницького до Прем’єр-міністра України щодо введення заборони використання державних та муніципальних автомобільних доріг для проїзду великовагових транспортних засобів при наявності платної автомобільної дороги в тому ж напрямку.
ParlaMint-UA_2019-11-15-m0.u63.p71.sent1	Ігоря Мурдія до міністра інфраструктури України щодо неналежного розгляду депутатського звернення.
ParlaMint-UA_2019-11-15-m0.u63.p72.sent1	Максима Гузенка до Прем’єр-міністра України щодо забезпечення оплати праці працівників бюджетної сфери Сумської області.
ParlaMint-UA_2019-11-15-m0.u63.p73.sent1	Сергія Штепи до міністра культури, молоді та спорту України щодо розвитку інтелектуальних видів спорту України.
ParlaMint-UA_2019-11-15-m0.u63.p74.sent1	Соломії Бобровської до виконуючої обов’язки Голови Державної аудиторської служби України щодо освоєння коштів Державного фонду регіонального розвитку під час будівництва дошкільного навчального закладу в місті Рівне.
ParlaMint-UA_2019-11-15-m0.u63.p75.sent1	Володимира Арешонкова до Прем’єр-міністра України щодо питання виплат одноразової грошової допомоги військовослужбовцям строкової служби та інших груп військовослужбовців, які втратили здоров’я при виконанні військового обов’язку.
ParlaMint-UA_2019-11-15-m0.u63.p76.sent1	Володимира Арешонкова до міністра освіти і науки України про забезпечення ефективної та системної організації роботи з підвищення кваліфікації педагогічних і науково-педагогічних працівників.
ParlaMint-UA_2019-11-15-m0.u63.p77.sent1	Олександра Маріковського до Директора ліцею-інтернату №23 "Кадетський корпус" з посиленою військово-фізичною підготовкою Шевченківського району міста Києва щодо неправомірної поведінки офіцера-вихователя ліцею-інтернату №23 "Кадетський корпус" з посиленою військово-фізичною підготовкою Шевченківського району міста Києва.
ParlaMint-UA_2019-11-15-m0.u63.p78.sent1	Вікторії Кінзбурської до міністра соціальної політики України щодо встановлення соціальної справедливості по відношенню до громадян, які брали безпосередню участь у ліквідації Чорнобильської катастрофи та її наслідків.
ParlaMint-UA_2019-11-15-m0.u63.p79.sent1	Вікторії Кінзбурської до міністра юстиції України щодо можливих протиправних дій посадових осіб Головного територіального управління юстиції у Харківській області і його структурних підрозділів, щодо невиконання належним чином у примусовому порядку рішення суду, чим громадянина України Семена Гена позбавлено можливості приймати участь у вихованні своєї малолітньої дитини, а дитину, відповідно позбавлено права на контакт із батьком.
ParlaMint-UA_2019-11-15-m0.u63.p80.sent1	Ольги Савченко до прокурора Харківської області щодо протиправних дій посадових осіб Балаклійського районного відділу поліції Харківської області та прокурорів Лозівської місцевої прокуратури Харківської області.
ParlaMint-UA_2019-11-15-m0.u63.p81.sent1	Олександри Устінової до голови Національної поліції України щодо бездіяльності службових осіб слідчого управління Головного управління Національної поліції в місті Києві.
ParlaMint-UA_2019-11-15-m0.u63.p82.sent1	Олександра Куницького до Прем’єр-міністра України щодо виділення коштів Національному аерокосмічному університету імені М.Є.
ParlaMint-UA_2019-11-15-m0.u63.p82.sent2	Жуковського "Харківський авіаційний інститут" на придбання надзвукової аеродинамічної труби Т-6 та ремонт приміщень з модернізацією системи опалення.
ParlaMint-UA_2019-11-15-m0.u63.p83.sent1	Валерія Гнатенка до Прем’єр-міністра України, міністра розвитку економіки, торгівлі та сільського господарства України щодо скрутного господарського та фінансового становища товариства з обмеженою відповідальністю "КФ "Дружківська".
ParlaMint-UA_2019-11-15-m0.u63.p84.sent1	Софії Федини до Генеральної прокуратури України, Світловодської міської ради Кіровоградської області, Кіровоградської обласної державної адміністрації щодо зриву опалювального сезону в місті Світловодськ Кіровоградської області у зв’язку з бездіяльністю місцевих органів влади та правоохоронних органів.
ParlaMint-UA_2019-11-15-m0.u63.p85.sent1	Софії Федини до Кабінету Міністрів України, Уповноваженого Верховної Ради України з прав людини, Служби безпеки України щодо вирішення питання правового статусу особи, яка незаконно позбавлена волі незаконними збройними формуваннями або правоохоронними органами іноземної держави, або незаконно засуджена з 20 лютого 2014 року – у період проведення антитерористичної операції та у особливий період.
ParlaMint-UA_2019-11-15-m0.u63.p86.sent1	Віктора Медведчука до Генерального прокурора України щодо перевірки дотримання законності слідчими Національного антикорупційного бюро України при проведенні досудового розслідування у кримінальному провадженні за фактом протиправної виплати премій керівництву ПАТ "НАК "Нафтогаз України".
ParlaMint-UA_2019-11-15-m0.u63.p87.sent1	Олександра Завітневича до Державного підприємства "Київторф" щодо ситуації, яка склалася довкола державного підприємства "Черкаситорф".
ParlaMint-UA_2019-11-15-m0.u63.p88.sent1	Групи народних депутатів (Третьякової, Струневича та інших.
ParlaMint-UA_2019-11-15-m0.u63.p88.sent2	Всього 4 депутатів) до Вінницької обласної державної адміністрації, Чернігівської обласної державної адміністрації, Дніпропетровської обласної державної адміністрації, Донецької обласної військово-цивільної адміністрації, Житомирської обласної державної адміністрації, Закарпатської обласної державної адміністрації, Запорізької обласної державної адміністрації, Івано-Франківської обласної державної адміністрації, Київської обласної державної адміністрації, Кіровоградської обласної державної адміністрації, Луганської обласної військово-цивільної адміністрації, Львівської обласної державної адміністрації, Миколаївської обласної державної адміністрації, Одеської обласної державної адміністрації, Рівненської обласної державної адміністрації, Сумської обласної державної адміністрації, Тернопільської обласної державної адміністрації, Харківської обласної державної адміністрації, Херсонської обласної державної адміністрації, Хмельницької обласної державної адміністрації, Черкаської обласної державної адміністрації, Київської міської державної адміністрації, Чернівецької обласної державної адміністрації, Волинської обласної державної адміністрації щодо надання інформації про надання дозволів на розробку документації із землеустрою щодо відведення земельних ділянок у власність, забезпечення житлом та грошової компенсації, за неотримане житло учасникам бойових дій - АТО та ООС.
ParlaMint-UA_2019-11-15-m0.u63.p89.sent1	Групи народних депутатів (Третьякової, Струневича та інших.
ParlaMint-UA_2019-11-15-m0.u63.p89.sent2	Всього 4 депутатів) до Державної служби України з питань геодезії, картографії та кадастру щодо поданих заяв на отримання земельних ділянок, наданих дозволів на розробку документації із землеустрою учасникам бойових дій -АТО та ООС.
ParlaMint-UA_2019-11-15-m0.u63.p90.sent1	Ірини Констанкевич до тимчасово виконуючого обов’язки голови Волинської обласної державної адміністрації щодо проведення у 2020 році ремонтних робіт автомобільних доріг загального користування місцевого значення у Камінь-Каширському, Ківерцівському, Любешівському та Маневицькому районах.
ParlaMint-UA_2019-11-15-m0.u63.p91.sent1	Ірини Констанкевич до Уповноваженого Президента України з земельних питань щодо блокування передачі земельних ділянок сільськогосподарського призначення державної власності у комунальну власність об’єднаним територіальним громадам.
ParlaMint-UA_2019-11-15-m0.u63.p92.sent1	Марини Бардіної до Прем’єр-міністра України щодо санації території підприємства ПАТ "Радикал" та вивезення шкідливих речовин з території міста Києва.
ParlaMint-UA_2019-11-15-m0.u63.p93.sent1	Олега Волошина до Служби безпеки України щодо роз’яснення планів політичних переслідувань лідерів і депутатів опозиції.
ParlaMint-UA_2019-11-15-m0.u63.p94.sent1	Тетяни Плачкової до Прем’єр-міністра України про видатки Державного бюджету України на 20-й рік на розкриття туристичного потенціалу України.
ParlaMint-UA_2019-11-15-m0.u63.p95.sent1	Романа Іванісова до Прем’єр-міністра України, Голови Служби безпеки України щодо перевірки діяльності Віталія Суховича і ліквідації організованих ним корупційних схем у сфері лісового і мисливського господарства Рівненської області.
ParlaMint-UA_2019-11-15-m0.u63.p96.sent1	Романа Іванісова до тимчасово виконуючої обов’язки Голови Національного агентства з питань запобігання корупції України, Директора Національного антикорупційного бюро України щодо організації Віталієм Суховичем корупційних схем у сфері лісового і мисливського господарства Рівненської області.
ParlaMint-UA_2019-11-15-m0.u63.p97.sent1	Сергія Льовочкіна до Голови Служби безпеки України, міністра внутрішніх справ України про необхідність реагування правоохоронних органів на факти погроз громадянці Марині Данилкіній.
ParlaMint-UA_2019-11-15-m0.u63.p98.sent1	Валерія Давиденка та Бориса Приходька до Прем’єр-міністра України, міністра освіти і науки України, міністра фінансів України щодо збереження функціонування малочисельних закладів загальної середньої освіти Чернігівської області.
ParlaMint-UA_2019-11-15-m0.u63.p99.sent1	Олександра Гереги до міністра інфраструктури України щодо вдосконалення заходів адміністративно-правового реагування на факти руйнування дорожнього полотна великоваговим автомобільним транспортом.
ParlaMint-UA_2019-11-15-m0.u63.p100.sent1	Лариси Білозір до Кабінету Міністрів України, Міністерства фінансів України щодо передбачення в проекті Закону України "Про Державний бюджет України на 20-й рік" надання субвенції обласному бюджету Вінницької області на погашення заборгованості з різниці в тарифах на теплову енергію, послуги з централізованого водопостачання та водовідведення.
ParlaMint-UA_2019-11-15-m0.u63.p101.sent1	Олександра Федієнка до голови Київської міської державної адміністрації щодо готовності системи цивільного захисту міста Києва.
ParlaMint-UA_2019-11-15-m0.u63.p102.sent1	Групи народних депутатів (Федієнка, Ватраса та інших.
ParlaMint-UA_2019-11-15-m0.u63.p102.sent2	Всього 6 депутатів) до Прем’єр-міністра України щодо скасування Постанови Кабінету Міністрів України №823 від 21 серпня 19-го року, якою затверджено "Порядок здійснення державного контролю за додержанням законодавства про працю".
ParlaMint-UA_2019-11-15-m0.u63.p103.sent1	Василя Петьовки до голови Закарпатської обласної державної адміністрації щодо пропозицій по ремонту і реконструкції соціальних об’єктів Тячівського та Рахівського районів Закарпатської області.
ParlaMint-UA_2019-11-15-m0.u63.p104.sent1	Віктора Медведчука до Прем’єр-міністра України щодо вжиття невідкладних заходів для унеможливлення стягнення винагород державних виконавців при виконанні судових рішень, боржниками в яких є державні підприємства.
ParlaMint-UA_2019-11-15-m0.u63.p105.sent1	Владислава Бородіна до міністра енергетики та захисту довкілля України, голови Дніпропетровської обласної ради, голови Дніпропетровської обласної державної адміністрації щодо вирішення питання створення Національного природного парку "Орільський" в Дніпропетровській області.
ParlaMint-UA_2019-11-15-m0.u63.p106.sent1	Артема Дубнова до голови Київської міської державної адміністрації щодо незадовільного технічного стану ліфтового господарства в Деснянському районі міста Києва.
ParlaMint-UA_2019-11-15-m0.u63.p107.sent1	Степана Кубіва до міністра енергетики та захисту довкілля України щодо необхідності невідкладного вирішення проблеми поводження з відходами та їх масштабного накопичення в Україні.
ParlaMint-UA_2019-11-15-m0.u63.p108.sent1	Степана Кубіва до міністра інфраструктури України щодо виконання Програми діяльності Кабінету Міністрів України в частині будівництва концесійних доріг в Україні.
ParlaMint-UA_2019-11-15-m0.u63.p109.sent1	Віктора М’ялика до Прем’єр-міністра України, голови правління акціонерного товариства Державний ощадний банк України щодо вирішення питання збереження ощадної каси ТВБВ №10017/0171 в селі Кам’яне Рокитнівського району Рівненської області.
ParlaMint-UA_2019-11-15-m0.u63.p110.sent1	Тетяни Грищенко до Голови Національної поліції України щодо перешкоджання діяльності народного депутата України сільським головою села Старосільці Коростишівського району Житомирської області Олегом Куцаківським.
ParlaMint-UA_2019-11-15-m0.u63.p111.sent1	Жана Беленюка до Київського міського голови щодо виділення коштів на ремонт тепломереж у загальноосвітньому навчальному закладі №44 по вулиці Жилянській, 46 у місті Києві.
ParlaMint-UA_2019-11-15-m0.u63.p112.sent1	Дмитра Соломчука до міністра охорони здоров’я України щодо критичного стану комунального закладу "Обласний центр екстреної медичної допомоги та медицини катастроф" Рівненської обласної ради.
ParlaMint-UA_2019-11-15-m0.u63.p113.sent1	Андрія Пузійчука до Голови Верховної Ради України щодо проведення службового розслідування стосовно посадових осіб Апарату Верховної Ради України та приведення у відповідність із законом правового статусу Апарату Верховної Ради України як юридичної особи та розпорядника бюджетних коштів.
ParlaMint-UA_2019-11-15-m0.u63.p114.sent1	Рената Кузьміна до Генерального прокурора України щодо розслідування фактів незаконного переслідування Службою безпеки України народних депутатів України політичної партії "Опозиційна платформа - За життя" та перешкоджання законній діяльності партії.
ParlaMint-UA_2019-11-15-m0.u63.p115.sent1	Вадима Новинського до Голови Служби безпеки України, міністра юстиції України, міністра інфраструктури України щодо вжиття невідкладних заходів по поверненню ув’язнених або безпідставно утримуваних за кордоном членів екіпажу теплохода "Рута", моряків інших цивільних суден, а також самих кораблів, що належать державі Україна.
ParlaMint-UA_2019-11-15-m0.u63.p116.sent1	Юрія Павленка до Прем’єр-міністра України про діяльність центральних та місцевих органів виконавчої влади з профілактики бездоглядності та безпритульності дітей, виконання Державної соціальної програми "Національних план дій щодо реалізації "Конвенції ООН про права дитини".
ParlaMint-UA_2019-11-15-m0.u63.p117.sent1	Ігоря Колихаєва до Прем’єр-міністра України, міністра охорони здоров’я України щодо потреби в інсуліні для хворих на інсулінозалежний цукровий діабет по місту Нова Каховка Херсонської області.
ParlaMint-UA_2019-11-15-m0.u63.p118.sent1	Арсенія Пушкаренка до Голови Національної поліції України щодо ситуації стосовно призначення на посаду директора спеціалізованої школи І-ІІІ ступенів з поглибленим вивченням англійської мови № 15 міста Києва.
ParlaMint-UA_2019-11-15-m0.u63.p119.sent1	Групи народних депутатів (Пушкаренка, Лічман, Лубінця) до Прем’єр-міністра України щодо ігнорування Кабінетом Міністрів України законної вимоги народних депутатів України, порушеної у депутатському запиті щодо вжиття заходів для припинення діяльності організованого злочинного угруповання, що діє на території міста Звенигородка Черкаської області.
ParlaMint-UA_2019-11-15-m0.u63.p120.sent1	Олександра Аліксійчука до Прем’єр-міністра України, заступника голови Державної служби України з питань геодезії, картографії та кадастру, директора Національного антикорупційного бюро України, міністра внутрішніх справ України, Генерального прокурора України щодо незаконних дій державного кадастрового реєстратора.
ParlaMint-UA_2019-11-15-m0.u63.p121.sent1	Дмитра Нальотова до Генерального прокурора України щодо проведення перевірки розслідування факту незаконного вручення підозри у вчиненні кримінального правопорушення Голові Опішнянської об’єднаної територіальної громади Різнику М.М.
ParlaMint-UA_2019-11-15-m0.u63.p122.sent1	Миколи Кучера до Прем’єр-міністра України, виконуючого обов’язки Голови Державної фіскальної служби України щодо припинення вчинення незаконних дій посадовими особами ДФС України, Головного управління ДФС у місті Києві по відношенню до товариства з обмеженою відповідальністю "Мінерал Транс Україна".
ParlaMint-UA_2019-11-15-m0.u63.p123.sent1	Групи народних депутатів (Галушка, Кузьміних та інших.
ParlaMint-UA_2019-11-15-m0.u63.p123.sent2	Всього 5 депутатів) до виконуючого обов’язки Голови Державної фіскальної служби України, міністра внутрішніх справ України, тимчасово виконуючого обов’язки Голови Державної служби геології та надр України, тимчасово виконуючого обов’язки Голови Державної екологічної інспекції України, Генерального прокурора України щодо незаконного видобутку піску з річки Десна на території Броварського району Київської області.
ParlaMint-UA_2019-11-15-m0.u63.p124.sent1	Андрія Стріхарського до Міністерства охорони здоров’я України, Міністерства соціальної політики України, Черкаської обласної державної адміністрації стосовно розгляду звернення мешканки міста Городище Черкаської області Кучменко Алли Володимирівни щодо надання матеріальної допомоги на продовження комплексного лікування та соціального захисту.
ParlaMint-UA_2019-11-15-m0.u63.p125.sent1	Павла Мельника до Прем’єр-міністра України щодо врахування у проекті Закону України "Про Державний бюджет України на 2020 рік" новостворені об’єднані територіальні громади Запорізької області, в яких призначено проведення місцевих виборів на 22 грудня 2019 року, для отримання відповідних трансфертів з державного бюджету у 2020 році.
ParlaMint-UA_2019-11-15-m0.u63.p126.sent1	Павла Мельника до Голови Державної казначейської служби України щодо інформування про динаміку надходжень від екологічного податку та інших грошових стягнень за шкоду, заподіяну порушенням законодавства про охорону навколишнього природного середовища внаслідок господарської та іншої діяльності, до бюджетів всіх рівнів.
ParlaMint-UA_2019-11-15-m0.u63.p127.sent1	Владислава Бородіна до виконуючого обов’язки начальника Служби автомобільних доріг у Дніпропетровській області щодо незадовільного стану дорожнього покриття автомобільного шляху територіального значення Т-0410 на території Магдалинівського району через Дніпро-Слобожанське-Підгорне-Магдалинівку-Котовку Дніпропетровської області.
ParlaMint-UA_2019-11-15-m0.u63.p128.sent1	Валерія Зуба до Прем’єр-міністра України щодо необхідності вжиття невідкладних заходів, направлених на відновлення стабільної роботи Гнідинцівського газопереробного заводу на території Варвинського району Чернігівської області.
ParlaMint-UA_2019-11-15-m0.u63.p129.sent1	Олександра Качури до міністра внутрішніх справ України щодо надання інформації про отримання нагородної зброї Тетяною Чорновол.
ParlaMint-UA_2019-11-15-m0.u63.p130.sent1	Андрія Лопушанського до Секретаря Ради національної безпеки і оборони України стосовно забезпечення телебаченням мешканців Старосамбірського, Турківського та Сколівського районів Львівської області.
ParlaMint-UA_2019-11-15-m0.u63.p131.sent1	Андрія Лопушанського до Прем’єр-міністра України, Першого заступника Голови Національної ради України з питань телебачення і радіомовлення щодо забезпечення телебаченням мешканців Старосамбірського, Турківського та Сколівського районів Львівської області.
ParlaMint-UA_2019-11-15-m0.u63.p132.sent1	Юлії Овчинникової до Голови Служби безпеки України, Директора Національного антикорупційного бюро України, Голови Національної поліції України, Генерального прокурора України, голови Івано-Франківської обласної державної адміністрації щодо розгляду фактів протизаконного втручання у діяльність національного природного парку "Гуцульщина" посадових осіб державного підприємства "Кутське лісове господарство" та Пістинського сільського голови, вжиття заходів з припинення протиправних дій та максимального сприяння виконанню Указу Президента України від 14 травня 2002 року.
ParlaMint-UA_2019-11-15-m0.u63.p133.sent1	Групи народних депутатів (Геращенко, Ар’єва та інших.
ParlaMint-UA_2019-11-15-m0.u63.p133.sent2	Всього 16 депутатів) до Прем’єр-міністра України щодо вжиття невідкладних комплексних заходів з протидії зловживаннями Російською Федерацією своїми правами в системі Інтерполу у політичних мотивах, зокрема з метою політичних переслідувань громадян України.
ParlaMint-UA_2019-11-15-m0.u63.p134.sent1	Групи народних депутатів (Павленка, Порошенка та інших.
ParlaMint-UA_2019-11-15-m0.u63.p134.sent2	Всього 6 депутатів) до керівника військово-цивільної адміністрації міста Торецьк Донецької області, міністра соціальної політики України щодо фінансування та належного обладнання Центру соціально-психологічної реабілітації дітей у місті Торецьк Донецької області.
ParlaMint-UA_2019-11-15-m0.u63.p135.sent1	Групи народних депутатів (Герасимова, Геращенко та інших.
ParlaMint-UA_2019-11-15-m0.u63.p135.sent2	Всього 17 депутатів) до Директора Державного бюро розслідувань, Голови Служби безпеки України стосовно вжиття невідкладних заходів реагування щодо публічних закликів до сепаратизму, визнання бойовиків, порушення територіальної цілісності та загрозу національній безпеці України з боку народних депутатів України - членів депутатської фракції "Слуга народу" Максима Ткаченка та Євгена Шевченка.
ParlaMint-UA_2019-11-15-m0.u63.p136.sent1	Геннадія Вацака до Міністерства охорони здоров’я України щодо забезпечення громадянам, які страждають на рідкісні (орфанні) захворювання відповідної медичної допомоги.
ParlaMint-UA_2019-11-15-m0.u63.p137.sent1	Геннадія Вацака до Міністерства охорони здоров’я України щодо забезпечення права Павла Довбуша бути прийнятим в будь-якому державному лікувально-профілактичному закладі, який має можливість забезпечити відповідне лікування.
ParlaMint-UA_2019-11-15-m0.u63.p138.sent1	Тетяни Плачкової до Прем’єр-міністра України, міністра інфраструктури України про забезпечення державного фінансування робіт з ремонту автомобільної дороги загального користування державного значення Р-33 "Вінниця-Турбів-Гайсин-Балта-Велика Михайлівка - (М-16)" на Одещині.
ParlaMint-UA_2019-11-15-m0.u64.p1.sent1	Дякую, Олена Костянтинівна.
ParlaMint-UA_2019-11-15-m0.u64.p2.sent1	Час для оголошення запитів вичерпано, 12:00. Оголошую перерву до 12:30.
ParlaMint-UA_2019-11-15-m0.u64.p3.sent1	Велике прохання народних депутатів повернутися вчасно, щоб ми рівно о 12:30 розпочали свою роботу.
ParlaMint-UA_2019-11-15-m0.u64.p3.sent2	Дякую.
ParlaMint-UA_2019-11-15-m0.u65.p1.sent1	Шановні колеги, надійшла заява від двох фракцій з проханням оголосити перерву на 30 хвилин.
ParlaMint-UA_2019-11-15-m0.u65.p1.sent2	"ЄС" і "Голос".
ParlaMint-UA_2019-11-15-m0.u65.p1.sent3	30 хвилин перерви.
ParlaMint-UA_2019-11-15-m0.u65.p1.sent4	Дякую.
ParlaMint-UA_2019-11-15-m0.u65.p1.sent5	Розпочнемо роботу о першій годині дня.
ParlaMint-UA_2019-11-15-m0.u65.p2.sent1	Якось ми дуже стомились, я так розумію.
ParlaMint-UA_2019-11-15-m0.u65.p2.sent2	Дякую.
ParlaMint-UA_2019-11-15-m0.u65.p3.sent1	Шановні колеги, я розумію, у нас перерва, але у нас стало уже доброю традицією, її започаткував Руслан Олексійович Стефанчук.
ParlaMint-UA_2019-11-15-m0.u65.p3.sent2	У нас є гості з Кривого Рогу, тому я пропоную їм похлопати і привітати.
ParlaMint-UA_2019-11-15-m0.u65.p4.sent1	Дякую.
ParlaMint-UA_2019-11-15-m0.u66.p1.sent1	Шановні колеги!
ParlaMint-UA_2019-11-15-m0.u66.p1.sent2	Будь ласка, запросіть народних депутатів до зали.
ParlaMint-UA_2019-11-15-m0.u66.p1.sent3	Розпочинаємо засідання через 2 хвилини.
ParlaMint-UA_2019-11-15-m0.u66.p1.sent4	І зразу хотів би зазначити, що ми будемо голосувати за рішення щодо скорочених строків розгляду постанов тощо.
ParlaMint-UA_2019-11-15-m0.u66.p2.sent1	Шановні колеги, будь ласка, підготуйтесь до роботи.
ParlaMint-UA_2019-11-15-m0.u66.p2.sent2	Займіть свої місця.
ParlaMint-UA_2019-11-15-m0.u66.p3.sent1	Шановні колеги, починаємо нашу роботу, будь ласка, займіть свої місця.
ParlaMint-UA_2019-11-15-m0.u66.p4.sent1	Шановні колеги, надійшла пропозиція від фракції "Слуга народу", голови фракції "Слуга народу" Давида Георгійовича Арахамії щодо продовження нашої роботи до 15:00.
ParlaMint-UA_2019-11-15-m0.u66.p4.sent2	Це перша пропозиція.
ParlaMint-UA_2019-11-15-m0.u66.p5.sent1	Друга пропозиція.
ParlaMint-UA_2019-11-15-m0.u66.p5.sent2	Оскільки минулого разу під час п’ятниці наші колеги зверталися з проханням все ж таки провести "Різне", однак залишилось на кінець цього лише близько 20 народних депутатів, є пропозиція сьогодні застосувати процедуру ad hoc та не виділяти час на "Різне" і продовжити роботу нашу до 15:00.
ParlaMint-UA_2019-11-15-m0.u66.p6.sent1	Іван Іванович Крулько - з мотивів.
ParlaMint-UA_2019-11-15-m0.u66.p6.sent2	І після цього можемо.
ParlaMint-UA_2019-11-15-m0.u66.p6.sent3	Ми повинні голосувати чи згода буде в залі?
ParlaMint-UA_2019-11-15-m0.u66.p6.sent4	Після цього - Князевич.
ParlaMint-UA_2019-11-15-m0.u66.p6.sent5	Бачу.
ParlaMint-UA_2019-11-15-m0.u66.p6.sent6	Крулько.
ParlaMint-UA_2019-11-15-m0.u67.p1.sent1	Іван Крулько, фракція "Батьківщина".
ParlaMint-UA_2019-11-15-m0.u67.p1.sent2	Шановний Дмитре Олександровичу, процедура ad hoc передбачає скорочення термінів вдвічі, але процедура ad hoc (прочитайте Регламент, стаття 50 Регламенту це передбчає) вона не дає можливості відміняти якісь процедури, які передбачені календарним планом роботи Верховної Ради.
ParlaMint-UA_2019-11-15-m0.u67.p1.sent3	Тому якщо є можливість для виступів народних депутатів, а народні депутати тільки в п’ятницю багато хто має можливість виступити з трибуни з важливих питань, які стосуються окремих територій чи округів, я вважаю, що таке право за депутатами треба закріпити і дати можливість це зробити.
ParlaMint-UA_2019-11-15-m0.u67.p1.sent4	Все-таки ми знаходимося в парламенті і дебати в парламенті ще ніхто не відміняв.
ParlaMint-UA_2019-11-15-m0.u67.p2.sent1	Дякую.
ParlaMint-UA_2019-11-15-m0.u68.p1.sent1	Дякую.
ParlaMint-UA_2019-11-15-m0.u68.p2.sent1	Іван Іванович, це стаття 19.
ParlaMint-UA_2019-11-15-m0.u68.p2.sent2	Будь ласка, якщо у вас є Регламент, можете підняти його, подивитись.
ParlaMint-UA_2019-11-15-m0.u68.p3.sent1	Князевич Руслан Петрович.
ParlaMint-UA_2019-11-15-m0.u69.p1.sent1	Дякую.
ParlaMint-UA_2019-11-15-m0.u69.p1.sent2	шановний пане Голово.
ParlaMint-UA_2019-11-15-m0.u69.p2.sent1	Дуже некоректно було би застосовувати в цьому випадку виключно третю частину статті 19, про яку ви кажете, яка має загальний характер, оскільки, що стосується рубрики "Різне", діє спеціальна норма – третя частина статті 25, яка чітко говорить, що в п’ятницю в сесійний тиждень з 13-и до 14-и відводиться час для виступів народних депутатів з різних питань.
ParlaMint-UA_2019-11-15-m0.u69.p2.sent2	Це імперативна спеціальна норма, на яку не поширюється ad hoc - ситуація, яка передбачена третьою частиною статті 19.
ParlaMint-UA_2019-11-15-m0.u69.p2.sent3	Тому в цьому випадку ad hoc не може бути застосований.
ParlaMint-UA_2019-11-15-m0.u69.p2.sent4	Ми мусимо обов’язково витримати цю норму.
ParlaMint-UA_2019-11-15-m0.u69.p3.sent1	Дякую.
ParlaMint-UA_2019-11-15-m0.u69.p3.sent2	Прошу розпочинати "Різне".
ParlaMint-UA_2019-11-15-m0.u70.p1.sent1	Лубінець Дмитро Валерійович.
ParlaMint-UA_2019-11-15-m0.u71.p1.sent1	Доброго дня, шановні колеги.
ParlaMint-UA_2019-11-15-m0.u71.p1.sent2	Я хотів звернути увагу, що на сесійному тижні, дійсно, залишилось біля 20 народних депутатів.
ParlaMint-UA_2019-11-15-m0.u71.p1.sent3	Але, Дмитро Олександрович, згадайте, що так само процедура для "Різного" була з 14-и до 15-и.
ParlaMint-UA_2019-11-15-m0.u71.p1.sent4	Можливо, саме через те, що ми порушили закон і зробили це понаднормово, а якщо сьогодні з 13-ї до 14-ї зробимо саме процедуру "Різне", щоб всі народні депутати, особливо мажоритарники, мали можливість виступити по проблема в округах, то людей буде набагато більше.
ParlaMint-UA_2019-11-15-m0.u71.p1.sent5	Тому є пропозиція все ж таки діяти по закону.
ParlaMint-UA_2019-11-15-m0.u71.p2.sent1	Дякую.
ParlaMint-UA_2019-11-15-m0.u72.p1.sent1	Ви розумієте, мені, якщо чесно, трохи дивно це чути, коли ми беремо перерви одна за одною, а після цього не хочемо далі працювати.
ParlaMint-UA_2019-11-15-m0.u72.p1.sent2	При всій повазі, колеги.
ParlaMint-UA_2019-11-15-m0.u72.p2.sent1	Шуфрич Нестор Іванович.
ParlaMint-UA_2019-11-15-m0.u73.p1.sent1	Дякую, шановний головуючий.
ParlaMint-UA_2019-11-15-m0.u73.p2.sent1	Шановні колеги, я знаю, що була досягнута домовленість щодо продовження роботи сьогодні до 15 години.
ParlaMint-UA_2019-11-15-m0.u73.p2.sent2	З 14-ї до 15-ї ми надамо можливість виступити народним депутатам України в "Різному".
ParlaMint-UA_2019-11-15-m0.u73.p2.sent3	Це їх право.
ParlaMint-UA_2019-11-15-m0.u73.p2.sent4	Ми вже маємо прецедент: в минулий пленарний тиждень відбулося те саме в п’ятницю.
ParlaMint-UA_2019-11-15-m0.u73.p2.sent5	Я вважаю, що ми можемо повторити, якщо на те буде воля Верховної Ради України.
ParlaMint-UA_2019-11-15-m0.u73.p2.sent6	Єдине, я за те, щоби ми не втрачали дорогоцінні хвилини на початку засідання.
ParlaMint-UA_2019-11-15-m0.u73.p3.sent1	Безумовно, я розумію, що відбулася "пробка" між підвалом, де засідала фракція "Слуги народу", і залом сесійним.
ParlaMint-UA_2019-11-15-m0.u73.p3.sent2	Але сподіваюся, що це була остання "пробка" в нашій Верховній Раді.
ParlaMint-UA_2019-11-15-m0.u73.p4.sent1	Дякую за увагу.
ParlaMint-UA_2019-11-15-m0.u74.p1.sent1	Дякую.
ParlaMint-UA_2019-11-15-m0.u74.p2.sent1	Зараз, Олександра Юріївна.
ParlaMint-UA_2019-11-15-m0.u74.p2.sent2	Була пропозиція інша трошки, Нестор Іванович.
ParlaMint-UA_2019-11-15-m0.u74.p2.sent3	Була пропозиція до 15-ї працювати без "Різного" сьогодні, без "Різного".
ParlaMint-UA_2019-11-15-m0.u74.p2.sent4	Така пропозиція була.
ParlaMint-UA_2019-11-15-m0.u74.p3.sent1	Олександра Юріївна Устінова.
ParlaMint-UA_2019-11-15-m0.u74.p3.sent2	І переходимо до голосування.
ParlaMint-UA_2019-11-15-m0.u75.p1.sent1	Колеги, ми підтримуємо продовження.
ParlaMint-UA_2019-11-15-m0.u75.p1.sent2	Але ми просимо спочатку поставити на голосування Закон про Державне бюро розслідувань.
ParlaMint-UA_2019-11-15-m0.u75.p1.sent3	А потім, якщо залишиться час, то на "Різне".
ParlaMint-UA_2019-11-15-m0.u75.p2.sent1	Дякую.
ParlaMint-UA_2019-11-15-m0.u76.p1.sent1	Дякую.
ParlaMint-UA_2019-11-15-m0.u76.p2.sent1	Шановні колеги, є пропозиція сьогодні відійти від того плану графіку, який був затверджений і продовжити нашу роботу до 15:00, та не проводити сьогодні, та не витрачати час на так зване "Різне".
ParlaMint-UA_2019-11-15-m0.u76.p2.sent2	Наступного тижня буде можливість попрацювати в регіонах, і там буде багато різного, якщо хтось поїде до своїх округів і буде якісно виконувати свої функції як народний депутат.
ParlaMint-UA_2019-11-15-m0.u76.p3.sent1	Сергій Володимирович Шахов.
ParlaMint-UA_2019-11-15-m0.u77.p1.sent1	Сергій Шахов, Луганщина.
ParlaMint-UA_2019-11-15-m0.u77.p1.sent2	Дмитро Олександрович, з великою повагою до вас.
ParlaMint-UA_2019-11-15-m0.u77.p1.sent3	Чесно, не просто до мажоритарників, які пройшли від Луганщини, від Львівщини, це звучить від всіх народних депутатів і від партій.
ParlaMint-UA_2019-11-15-m0.u77.p1.sent4	Накопичується багато питань, які треба обговорити.
ParlaMint-UA_2019-11-15-m0.u77.p1.sent5	І не важливо, що хтось побіжить після засідання в буфет або іще кудись.
ParlaMint-UA_2019-11-15-m0.u77.p1.sent6	Хто залишиться в парламенті і буде говорити з трибуни про питання, які є по всіх областях, по всіх містах, по всіх селах.
ParlaMint-UA_2019-11-15-m0.u77.p1.sent7	Будуть говорити про онкохворих, будуть говорити про дороги, будуть говорити про лікарні, про всі-всі питання, які накопичуються.
ParlaMint-UA_2019-11-15-m0.u78.p1.sent1	Давайте з 15-ї до 16-ї.
ParlaMint-UA_2019-11-15-m0.u78.p2.sent1	Добре, тоді наступна пропозиція: продовжуємо роботу до 16-ї, з 15-ї до 16-ї ті, хто бажають виступити, залишаються на "Різне".
ParlaMint-UA_2019-11-15-m0.u78.p2.sent2	Нормально?
ParlaMint-UA_2019-11-15-m0.u78.p2.sent3	Нормально.
ParlaMint-UA_2019-11-15-m0.u78.p3.sent1	Шановні колеги, прошу підтримати ту пропозицію, яка була запропонована народними депутатами: продовжуємо роботу до 16:00, з 15-ї до 16-ї буде "Різне", з 15-ї до 16-ї буде питання "Різне".
ParlaMint-UA_2019-11-15-m0.u78.p3.sent2	І я прошу журналістів фіксувати, скільки народних депутатів залишиться в залі, добре, які зараз так наполягають.
ParlaMint-UA_2019-11-15-m0.u78.p4.sent1	Соломія Бобровська.
ParlaMint-UA_2019-11-15-m0.u78.p4.sent2	Соломія Анатоліївна, дуже коротко, виступили всі вже.
ParlaMint-UA_2019-11-15-m0.u79.p1.sent1	Я б дуже просила, щоб і колеги "Слуга народу" лишилися теж слухати "Різне", тому що минулого разу, коли ви всі голосували за продовження, лишилися всі ті, хто був за нормальну процедуру, і ми слухали один одного, своїх колег, окрім тих, хто сидить спереду.
ParlaMint-UA_2019-11-15-m0.u79.p2.sent1	Дякую.
ParlaMint-UA_2019-11-15-m0.u80.p1.sent1	Дякую.
ParlaMint-UA_2019-11-15-m0.u80.p2.sent1	Добре.
ParlaMint-UA_2019-11-15-m0.u80.p2.sent2	(Ні, виступали).
ParlaMint-UA_2019-11-15-m0.u80.p2.sent3	Голосуємо.
ParlaMint-UA_2019-11-15-m0.u80.p3.sent1	Ставлю на голосування пропозицію щодо продовження роботи сьогодні до 16:00, з 15-ї до 16-ї буде "Різне".
ParlaMint-UA_2019-11-15-m0.u80.p3.sent2	Без комітетів, добре.
ParlaMint-UA_2019-11-15-m0.u80.p3.sent3	Приймається - без комітетів?
ParlaMint-UA_2019-11-15-m0.u80.p3.sent4	Приймається.
ParlaMint-UA_2019-11-15-m0.u80.p4.sent1	Ставлю на голосування пропозицію з урахуванням.
ParlaMint-UA_2019-11-15-m0.u80.p4.sent2	Я не чую, Рахманін.
ParlaMint-UA_2019-11-15-m0.u81.p1.sent1	Дякую.
ParlaMint-UA_2019-11-15-m0.u81.p2.sent1	Дмитре Олександровичу, я не розумію формулювання "без комітетів", що це означає?
ParlaMint-UA_2019-11-15-m0.u81.p2.sent2	Що комітети сьогодні скасуються?
ParlaMint-UA_2019-11-15-m0.u82.p1.sent1	Засідання комітетів сьогодні не буде.
ParlaMint-UA_2019-11-15-m0.u83.p1.sent1	Зрозумів.
ParlaMint-UA_2019-11-15-m0.u84.p1.sent1	Дякую.
ParlaMint-UA_2019-11-15-m0.u85.p1.sent1	А чому, якщо вони заплановані?
ParlaMint-UA_2019-11-15-m0.u86.p1.sent1	Вибачте.
ParlaMint-UA_2019-11-15-m0.u86.p2.sent1	Шановні колеги, ставлю на голосування пропозицію щодо продовження роботи ранкового засідання Верховної Ради України до 16:00, з 15-ї до 16-ї буде рубрика "Різне", без комітетів сьогодні.
ParlaMint-UA_2019-11-15-m0.u86.p3.sent1	Приймається.
ParlaMint-UA_2019-11-15-m0.u86.p4.sent1	Я не чую.
ParlaMint-UA_2019-11-15-m0.u86.p4.sent2	Ну, у кожного своя пропозиція, колеги!
ParlaMint-UA_2019-11-15-m0.u86.p4.sent3	Або давайте по черзі голосувати.
ParlaMint-UA_2019-11-15-m0.u86.p5.sent1	Ставлю на голосування, прошу підтримати та проголосувати.
ParlaMint-UA_2019-11-15-m0.u86.p6.sent1	За-232
ParlaMint-UA_2019-11-15-m0.u86.p7.sent1	Рішення прийнято.
ParlaMint-UA_2019-11-15-m0.u86.p8.sent1	Роботу продовжено.
ParlaMint-UA_2019-11-15-m0.u86.p8.sent2	Шановні колеги!
ParlaMint-UA_2019-11-15-m0.u86.p8.sent3	По фракціям покажіть.
ParlaMint-UA_2019-11-15-m0.u86.p9.sent1	"Слуга народу" – 221, "Опозиційна платформа – За життя" – 1, "За майбутнє" – 1, "Голос" – 5, позафракційні – 4.
ParlaMint-UA_2019-11-15-m0.u86.p9.sent2	Інші політичні сили - нуль.
ParlaMint-UA_2019-11-15-m0.u86.p10.sent1	Шановні колеги, вам запропонований до розгляду проект Постанови про внесення змін до Постанови Верховної Ради України "Про обрання голів, перших заступників, заступників голів, секретарів, членів комітетів Верховної Ради України дев’ятого скликання" (реєстраційний номер 2394).
ParlaMint-UA_2019-11-15-m0.u86.p10.sent2	Пропоную розглянути його за скороченою процедурою і пропоную проводити без обговорення після виступу голови комітету.
ParlaMint-UA_2019-11-15-m0.u86.p11.sent1	Прошу записатись.
ParlaMint-UA_2019-11-15-m0.u86.p11.sent2	Прошу підтримати скорочено процедуру.
ParlaMint-UA_2019-11-15-m0.u86.p11.sent3	Прошу підтримати та голосувати.
ParlaMint-UA_2019-11-15-m0.u86.p12.sent1	За-241
ParlaMint-UA_2019-11-15-m0.u86.p13.sent1	241.
ParlaMint-UA_2019-11-15-m0.u86.p13.sent2	Рішення прийнято.
ParlaMint-UA_2019-11-15-m0.u86.p14.sent1	Слово надається голові Комітету з питань Регламенту, депутатської етики та організації роботи Верховної Ради України Кальченку Сергію Віталійовичу.
ParlaMint-UA_2019-11-15-m0.u87.p1.sent1	Шановна президія!
ParlaMint-UA_2019-11-15-m0.u87.p1.sent2	Шановні народні депутати!
ParlaMint-UA_2019-11-15-m0.u87.p1.sent3	На засіданні регламентного комітету розглянуто заяву позафракційного народного депутата Требушкіна і народного депутата члена фракції "Голос" Василенка.
ParlaMint-UA_2019-11-15-m0.u87.p1.sent4	Відповідно депутата Требушкіна - про обрання членом Комітету з питань національної безпеки, оборони та розвідки.
ParlaMint-UA_2019-11-15-m0.u87.p1.sent5	І народного депутата Василенка - про увільнення від виконання обов’язків члена Комітету з питань бюджету і обрання членом Комітету з питань екологічної політики та природокористування.
ParlaMint-UA_2019-11-15-m0.u87.p2.sent1	Оскільки розрахункова квота фракцій партії "Голос" в Комітеті з питань екологічної політики та природокористування не використана, тоді можливий перехід цього народного депутата до іншого комітету.
ParlaMint-UA_2019-11-15-m0.u87.p2.sent2	Відповідно у Комітеті з питань національної безпеки і оборони та розвідки наявна квота для позафракційних народних депутатів.
ParlaMint-UA_2019-11-15-m0.u87.p3.sent1	Тому комітет прийняв рішення підтримати заяви народних депутатів Требушкіна, Василенка і рекомендувати парламенту внести зміни до Постанови "Про обрання голів, перших заступників, заступників голів, секретарів, членів комітетів Верховної Ради України дев’ятого скликання" і рекомендувати парламенту прийняти його в цілому.
ParlaMint-UA_2019-11-15-m0.u87.p4.sent1	Дякую.
ParlaMint-UA_2019-11-15-m0.u88.p1.sent1	Дякую.
ParlaMint-UA_2019-11-15-m0.u88.p2.sent1	Чи потребує обговорення?
ParlaMint-UA_2019-11-15-m0.u88.p2.sent2	Запишіться: два – за, два – проти, по фракціях.
ParlaMint-UA_2019-11-15-m0.u88.p3.sent1	Устінова Олександра Юріївна.
ParlaMint-UA_2019-11-15-m0.u88.p4.sent1	Шановні колеги, і без 10, 30, 20 секунд після завершення.
ParlaMint-UA_2019-11-15-m0.u88.p4.sent2	Давайте працювати і вкладатися в регламент.
ParlaMint-UA_2019-11-15-m0.u89.p1.sent1	Прошу передати слово Василенко Лесі.
ParlaMint-UA_2019-11-15-m0.u90.p1.sent1	Василенко Леся.
ParlaMint-UA_2019-11-15-m0.u91.p1.sent1	Дякую дуже за те, що поставили в порядок денний цю постанову.
ParlaMint-UA_2019-11-15-m0.u91.p1.sent2	Я сподіваюся на голоси всього залу для того, щоб якомога швидше можна було перейти до Комітету з питань екологічної політики.
ParlaMint-UA_2019-11-15-m0.u91.p1.sent3	Являючись також співголовою міжфракційного об’єднання "Енергетика та довкілля", маю дуже багато ініціатив у сфері саме охорони довкілля, які б хотілося почати втілювати і працювати саме в екологічному комітеті.
ParlaMint-UA_2019-11-15-m0.u91.p2.sent1	Дуже вам дякую.
ParlaMint-UA_2019-11-15-m0.u91.p2.sent2	І сподіваюся на підтримку залу.
ParlaMint-UA_2019-11-15-m0.u92.p1.sent1	Дякую.
ParlaMint-UA_2019-11-15-m0.u92.p2.sent1	Шинкаренко Іван Анатолійович.
ParlaMint-UA_2019-11-15-m0.u93.p1.sent1	Добрий день!
ParlaMint-UA_2019-11-15-m0.u93.p1.sent2	Я підтримую право народних депутатів обрати ті комітети, в які вони хочуть перейти.
ParlaMint-UA_2019-11-15-m0.u93.p1.sent3	Тому прошу підтримати всіх.
ParlaMint-UA_2019-11-15-m0.u94.p1.sent1	Дякую.
ParlaMint-UA_2019-11-15-m0.u94.p2.sent1	Княжицький Микола Леонідович.
ParlaMint-UA_2019-11-15-m0.u95.p1.sent1	Прошу передати слово Андрію Парубію.
ParlaMint-UA_2019-11-15-m0.u96.p1.sent1	Андрій Парубій, з місця.
ParlaMint-UA_2019-11-15-m0.u96.p1.sent2	Андрій Володимирович Парубій.
ParlaMint-UA_2019-11-15-m0.u97.p1.sent1	Шановні українці, шановні народні депутати!
ParlaMint-UA_2019-11-15-m0.u97.p1.sent2	Ми сьогодні маємо виконати ще один свій, передбачений законом, обов’язок.
ParlaMint-UA_2019-11-15-m0.u97.p1.sent3	Сьогодні тут, з трибуни Верховної Ради України, має зачитати присягу новообраний народний депутат України від "Європейської солідарності" Володимир В’ятрович.
ParlaMint-UA_2019-11-15-m0.u97.p1.sent4	Хочу нагадати, що вчора Центральна виборча комісія прийняла рішення і визначила, що Володимир В’ятрович є народним депутатом України.
ParlaMint-UA_2019-11-15-m0.u97.p2.sent1	Зранку усі документи були передані в Апарат Верховної Ради України.
ParlaMint-UA_2019-11-15-m0.u97.p2.sent2	Має відбутися тільки формальна річ: Голова має запросити до трибуни Володимира В’ятровича, щоб він зачитав присягу.
ParlaMint-UA_2019-11-15-m0.u97.p2.sent3	Це звичайна, формальна річ, з якою ніколи, друзі, не було жодних труднощів.
ParlaMint-UA_2019-11-15-m0.u97.p2.sent4	Чому цього нема сьогодні?
ParlaMint-UA_2019-11-15-m0.u97.p2.sent5	Чому це політичне рішення зараз відбувається в залі?
ParlaMint-UA_2019-11-15-m0.u97.p2.sent6	Чи тому, що дехто кричав, що не пустимо В’ятровича у Верховну Раду України?
ParlaMint-UA_2019-11-15-m0.u97.p2.sent7	Чи тому, що є бажання ще раз вдарити по опозиційній партії "Європейська солідарність"?
ParlaMint-UA_2019-11-15-m0.u97.p3.sent1	Не беріть на себе всю цю відповідальність за частину вашої команди, яка займає відверто антиукраїнську позицію, які говорять, що мова – це маніпуляція, що армія – це маніпуляція, що церква – це маніпуляція.
ParlaMint-UA_2019-11-15-m0.u97.p3.sent2	Це ваші люди це говорять.
ParlaMint-UA_2019-11-15-m0.u97.p4.sent1	Ви зараз мукаєте українцям, які захищали країну, які захищали мову, і віру, і Церкву.
ParlaMint-UA_2019-11-15-m0.u97.p4.sent2	Ви їм мичите сьогодні.
ParlaMint-UA_2019-11-15-m0.u97.p4.sent3	Ви будете мичати Путіну, про нього ви не згадуєте.
ParlaMint-UA_2019-11-15-m0.u97.p4.sent4	Ви б’єте по "ЄС", ви б’єте по В’ятровичу, ви б’єте по патріотах.
ParlaMint-UA_2019-11-15-m0.u97.p5.sent1	Я закликаю вас: зупиніться!
ParlaMint-UA_2019-11-15-m0.u97.p5.sent2	Бо дуже швидко для вас закінчиться ваша коротка політична каденція!
ParlaMint-UA_2019-11-15-m0.u97.p6.sent1	Вимагаю від Голови, щоб сьогодні В’ятрович прийняв присягу і став народним депутатом.
ParlaMint-UA_2019-11-15-m0.u97.p6.sent2	Слава Україні!
ParlaMint-UA_2019-11-15-m0.u98.p1.sent1	Я не зовсім розумію, як це питання корелюється з Лесею Василенко, але таке.
ParlaMint-UA_2019-11-15-m0.u98.p1.sent2	інше.
ParlaMint-UA_2019-11-15-m0.u98.p2.sent1	Щодо того, що було сказано.
ParlaMint-UA_2019-11-15-m0.u98.p2.sent2	В мене є інформація про те, що є рішення Центральної виборчої комісії, але станом на зараз в мене на руках немає цих документів.
ParlaMint-UA_2019-11-15-m0.u98.p2.sent3	Будуть документи - будемо в рамках діючого законодавства приводити до присяги народних депутатів, але порушувати ми не будемо.
ParlaMint-UA_2019-11-15-m0.u98.p2.sent4	Білозір Лариса Миколаївна.
ParlaMint-UA_2019-11-15-m0.u99.p1.sent1	Прошу передати слово Бондарю Віктору Васильовичу.
ParlaMint-UA_2019-11-15-m0.u100.p1.sent1	Бондар Віктор Васильович.
ParlaMint-UA_2019-11-15-m0.u101.p1.sent1	Дякую, шановні колеги.
ParlaMint-UA_2019-11-15-m0.u101.p2.sent1	Ну, питання, на перший погляд, технічне: переобрання голів, там перших заступників, заступників, членів комітетів.
ParlaMint-UA_2019-11-15-m0.u101.p2.sent2	Я би хотів звернути увагу в цьому ж контексті на інше.
ParlaMint-UA_2019-11-15-m0.u101.p2.sent3	Багато говориться і зараз багато аналітики рухається: якість роботи комітетів, скільки законодавчих актів підготувалося.
ParlaMint-UA_2019-11-15-m0.u101.p2.sent4	Я хочу звернутися до депутатів, які присутні в залі, до депутатів в першу чергу правлячої більшості: не робити показники щодо кількості законопроектів, які розглядає Рада.
ParlaMint-UA_2019-11-15-m0.u101.p2.sent5	Цей законодавчий спам дивує весь світ.
ParlaMint-UA_2019-11-15-m0.u101.p2.sent6	Якщо ви приїдете в парламент Німеччини, Франції, Норвегії, там за рік розглядають 10-20 законопроектів, і це рахується нормально.
ParlaMint-UA_2019-11-15-m0.u101.p2.sent7	Тоді є стабільне законодавство, тоді є стабільна якась ситуація.
ParlaMint-UA_2019-11-15-m0.u101.p2.sent8	Мене дивують, коли оці грантовські організації починають рахувати ефективність депутатів по кількості зареєстрованих законопроектів, по кількості законопроектів, які розглянуті, і по кількості прийнятих законопроектів за авторством депутата.
ParlaMint-UA_2019-11-15-m0.u101.p2.sent9	І потім ми дивимося на законопроекти, і там іде по 10-20-30 авторів, тільки щоб вписали твоє прізвище, щоб ти був там видатний законотворець по кількості.
ParlaMint-UA_2019-11-15-m0.u101.p2.sent10	А я говорю про якість.
ParlaMint-UA_2019-11-15-m0.u101.p3.sent1	Тому давайте переходити все ж таки в цю площину, давайте разом змінювати правила і привчати всі ці "грантоїдівські" структури, що не кількість законопроектів має значення, не кількість за день розглянутих законопроектів, не кількість законопроектів, які комітет наплодив, а якість.
ParlaMint-UA_2019-11-15-m0.u101.p3.sent2	Хай він буде один на місяць, але такий, щоб він дійсно щось міняв в житті українців, щоб він дійсно давав якийсь прорив: інвестиційний, промисловий, транспортний, енергетичний, охорони здоров’я.
ParlaMint-UA_2019-11-15-m0.u101.p3.sent3	А не так, як сьогодні оце робиться.
ParlaMint-UA_2019-11-15-m0.u101.p4.sent1	Тому технічно ми це підтримуємо, зміни там депутатів, переходи по комітетах.
ParlaMint-UA_2019-11-15-m0.u101.p4.sent2	Але я звертаюсь до вас і до керівництва все ж таки парламенту: давайте наводити з цим порядок.
ParlaMint-UA_2019-11-15-m0.u101.p4.sent3	І перестаньте оцінювати депутатів по кількості законопроектів.
ParlaMint-UA_2019-11-15-m0.u101.p5.sent1	Дякуємо.
ParlaMint-UA_2019-11-15-m0.u102.p1.sent1	Дякую.
ParlaMint-UA_2019-11-15-m0.u102.p2.sent1	Шановні колеги, обговорення закінчено.
ParlaMint-UA_2019-11-15-m0.u102.p2.sent2	Прошу підготуватись до голосування.
ParlaMint-UA_2019-11-15-m0.u102.p3.sent1	Шпенов?
ParlaMint-UA_2019-11-15-m0.u102.p3.sent2	Включіть мікрофон Шпенову Дмитру.
ParlaMint-UA_2019-11-15-m0.u103.p1.sent1	Прошу Магері передати слово.
ParlaMint-UA_2019-11-15-m0.u103.p1.sent2	Дякую.
ParlaMint-UA_2019-11-15-m0.u104.p1.sent1	Ще раз.
ParlaMint-UA_2019-11-15-m0.u105.p1.sent1	Магера Сергій Васильович, Магера.
ParlaMint-UA_2019-11-15-m0.u105.p1.sent2	Дякую.
ParlaMint-UA_2019-11-15-m0.u106.p1.sent1	Магера.
ParlaMint-UA_2019-11-15-m0.u106.p1.sent2	Включіть мікрофон Магері, будь ласка.
ParlaMint-UA_2019-11-15-m0.u107.p1.sent1	Шановний головуючий, у мене питання.
ParlaMint-UA_2019-11-15-m0.u107.p1.sent2	Як так сталося, що моя заява, датована 19 серпня, де я прохав себе включити до Комітету з питань екології та природокористування, осталась поза порядком денним регламентного комітету?
ParlaMint-UA_2019-11-15-m0.u107.p2.sent1	Дякую.
ParlaMint-UA_2019-11-15-m0.u108.p1.sent1	Я не можу зараз відкоментувати щодо регламентного комітету.
ParlaMint-UA_2019-11-15-m0.u108.p2.sent1	Якщо ми говоримо про цю зміну робочого місця народного депутата, воно була погоджена головами комітетів одного та іншого.
ParlaMint-UA_2019-11-15-m0.u108.p2.sent2	Це раз.
ParlaMint-UA_2019-11-15-m0.u108.p2.sent3	Два: це було в рамках тих квот, які були передбачені ще під час Підготовчої депутатської групи на початку роботи нашої сесії.
ParlaMint-UA_2019-11-15-m0.u108.p2.sent4	дев’ятого скликання Верховної Ради України.
ParlaMint-UA_2019-11-15-m0.u108.p3.sent1	Шановні колеги, будь ласка, підготуйтесь до голосування і переходимо до голосування.
ParlaMint-UA_2019-11-15-m0.u108.p3.sent2	Прошу підготуватись до голосування.
ParlaMint-UA_2019-11-15-m0.u108.p3.sent3	Готові голосувати?
ParlaMint-UA_2019-11-15-m0.u108.p4.sent1	Прошу підтримати та проголосувати.
ParlaMint-UA_2019-11-15-m0.u108.p5.sent1	За-337
ParlaMint-UA_2019-11-15-m0.u108.p6.sent1	Рішення прийнято.
ParlaMint-UA_2019-11-15-m0.u108.p6.sent2	Постанова прийнята в цілому.
ParlaMint-UA_2019-11-15-m0.u108.p7.sent1	По фракціям покажіть, будь ласка.
ParlaMint-UA_2019-11-15-m0.u108.p7.sent2	228 – "Слуга народу", "Опозиційна платформа - За життя" – 22, "Європейська солідарність" – 21, "Батьківщина" – 19, "За майбутнє" – 13, "Голос" – 18, позафракційні – 16.
ParlaMint-UA_2019-11-15-m0.u108.p8.sent1	Постанова реєстраційний номер 2394 прийнята в цілому.
ParlaMint-UA_2019-11-15-m0.u108.p8.sent2	Дякую.
ParlaMint-UA_2019-11-15-m0.u108.p9.sent1	Шановні колеги, є пропозиція або продовжити по постановам, або зараз поки що перейти до законопроекту 2300, так званий законопроект про спирт.
ParlaMint-UA_2019-11-15-m0.u108.p9.sent2	Про спирт?
ParlaMint-UA_2019-11-15-m0.u108.p9.sent3	Спирт?
ParlaMint-UA_2019-11-15-m0.u108.p9.sent4	Готові зараз перейти до спирту?
ParlaMint-UA_2019-11-15-m0.u108.p10.sent1	Шановні колеги, вам запропонований до розгляду законопроект 2300 - проект Закону про внесення змін до Закону України "Про державне регулювання."
ParlaMint-UA_2019-11-15-m0.u108.p10.sent2	На перенесення?
ParlaMint-UA_2019-11-15-m0.u108.p10.sent3	Добре.
ParlaMint-UA_2019-11-15-m0.u108.p11.sent1	Ставлю на голосування пропозицію щодо зміни порядку розгляду питань порядку денного.
ParlaMint-UA_2019-11-15-m0.u108.p11.sent2	Зараз пропоную розглянути законопроект про спирт.
ParlaMint-UA_2019-11-15-m0.u108.p11.sent3	Це законопроект 2300.
ParlaMint-UA_2019-11-15-m0.u108.p11.sent4	Після цього повернемося до постанов, в нас ще є постанови важливі.
ParlaMint-UA_2019-11-15-m0.u108.p12.sent1	Готові голосувати?
ParlaMint-UA_2019-11-15-m0.u108.p12.sent2	Прошу підтримати та проголосувати.
ParlaMint-UA_2019-11-15-m0.u108.p13.sent1	За-294
ParlaMint-UA_2019-11-15-m0.u108.p14.sent1	Рішення прийнято.
ParlaMint-UA_2019-11-15-m0.u108.p15.sent1	Шановні колеги, вам запропонований.
ParlaMint-UA_2019-11-15-m0.u108.p15.sent2	По фракціям покажіть.
ParlaMint-UA_2019-11-15-m0.u108.p15.sent3	Проект Закону про внесення змін до Закону України "Про державне регулювання виробництва і обігу спирту етилового, коньячного і плодового, алкогольних напоїв, тютюнових виробів та пального" що лібералізують діяльність у сфері виробництва спирту етилового (реєстраційний номер 2300).
ParlaMint-UA_2019-11-15-m0.u108.p16.sent1	Пропонується, це питання потребує голосування про включення до порядку денного.
ParlaMint-UA_2019-11-15-m0.u108.p16.sent2	Необхідно 226 голосів.
ParlaMint-UA_2019-11-15-m0.u108.p16.sent3	Прошу підготуватись до голосування.
ParlaMint-UA_2019-11-15-m0.u108.p16.sent4	Готові голосувати?
ParlaMint-UA_2019-11-15-m0.u108.p16.sent5	Готові голосувати?
ParlaMint-UA_2019-11-15-m0.u108.p16.sent6	Прошу підтримати та проголосувати.
ParlaMint-UA_2019-11-15-m0.u108.p17.sent1	За-293
ParlaMint-UA_2019-11-15-m0.u108.p18.sent1	Рішення прийнято.
ParlaMint-UA_2019-11-15-m0.u108.p19.sent1	Необхідно застосувати, пропонується застосувати процедуру ad hoc щодо розгляду та прийняття рішення на цьому пленарному засіданні.
ParlaMint-UA_2019-11-15-m0.u108.p19.sent2	Необхідно 226 голосів.
ParlaMint-UA_2019-11-15-m0.u108.p19.sent3	Прошу підтримати та проголосувати, ad hoc.
ParlaMint-UA_2019-11-15-m0.u108.p20.sent1	За-278
ParlaMint-UA_2019-11-15-m0.u108.p21.sent1	Рішення прийнято.
ParlaMint-UA_2019-11-15-m0.u108.p22.sent1	Пропонується розглянути це питання за скороченою процедурою.
ParlaMint-UA_2019-11-15-m0.u108.p22.sent2	Прошу підтримати та проголосувати.
ParlaMint-UA_2019-11-15-m0.u108.p23.sent1	За-258
ParlaMint-UA_2019-11-15-m0.u108.p24.sent1	Рішення прийнято.
ParlaMint-UA_2019-11-15-m0.u108.p25.sent1	Слово для доповіді надається Представнику Президента України у Верховній Раді України Стефанчуку Руслану Олексійовичу.
ParlaMint-UA_2019-11-15-m0.u109.p1.sent1	Шановний пане Голово, шановні колеги!
ParlaMint-UA_2019-11-15-m0.u109.p1.sent2	Конституцією України визначено, що забезпечення економічної безпеки є однією з найважливіших функцій держави.
ParlaMint-UA_2019-11-15-m0.u109.p1.sent3	На превеликий жаль, економічна безпека залежна від ризиків через все ще значний рівень тіньової економіки, який спричинений у тому числі нелегальними обсягами збуту виробленої продукції.
ParlaMint-UA_2019-11-15-m0.u109.p2.sent1	Наприклад, за останні 15 років обсяг нелегального обороту спирту, за інформацією експертів, зріс з 10 до 55 відсотків.
ParlaMint-UA_2019-11-15-m0.u109.p2.sent2	Окрім цього, саме існування державної монополії на виробництво спирту через відсутність конкуренції підштовхує до збільшення тіньового ринку, тим самим породжуючи ризики існування корупційних схем.
ParlaMint-UA_2019-11-15-m0.u109.p2.sent3	Саме тому главою держави внесено на розгляд парламенту та визначено як невідкладний проект Закону України про внесення змін до Закону України "Про державне регулювання виробництва і обігу спирту етилового, коньячного і плодового, алкогольних напоїв, тютюнових виробів та пального" щодо лібералізації діяльності у сфері виробництва спирту етилового (реєстраційний номер 2300).
ParlaMint-UA_2019-11-15-m0.u109.p3.sent1	Зазначеним законопроектом пропонується: перше – скасувати державну монополію на виробництво спирту з 1 січня 2020 року; надати суб’єктам господарювання будь-якої форми власності можливість виготовляти спирт та здійснювати його реалізацію за умови отримання спеціальної ліцензії; дозволити суб’єктам господарювання, які є власниками ліцензій на виробництво спирту, здійснювати експорт всіх видів спирту етилового, етилового рафінованого, виноградного, етилового ректифікованого плодового; зберегти існуючі обмеження щодо імпорту харчового спирту до 1 січня 2022 року.
ParlaMint-UA_2019-11-15-m0.u109.p4.sent1	Шановні колеги, реалізація положень законопроекту дозволить забезпечити належний рівень економічної безпеки держави, мінімізувати рівень тіньового обігу спирту, що матиме позитивний ефект до державного бюджету України.
ParlaMint-UA_2019-11-15-m0.u109.p4.sent2	З огляду на зазначене прошу підтримати законодавчу ініціативу Президента України та прийняти законопроект 2300.
ParlaMint-UA_2019-11-15-m0.u109.p5.sent1	Дякую за увагу.
ParlaMint-UA_2019-11-15-m0.u110.p1.sent1	Дякуємо.
ParlaMint-UA_2019-11-15-m0.u110.p2.sent1	Слово для доповіді надається голові Комітету з питань економічного розвитку Наталусі Дмитру Андрійовичу.
ParlaMint-UA_2019-11-15-m0.u111.p1.sent1	Колеги, доброго дня!
ParlaMint-UA_2019-11-15-m0.u111.p1.sent2	Ні для кого не секрет, що окрім публічної політики, якою ми з вами тут займаємося в залі сьогодні, є інша сторона медалі – є політика глибинна: це понятійні, позафракційні, часто надпартійні відносини, які критично впливають на події в державі не менше, ніж політика публічна.
ParlaMint-UA_2019-11-15-m0.u111.p1.sent3	І окрім поділу на публічну і глибинну політику, так само поділити можна і економіку: є економіка публічна – це та економіка, яку ми бачимо щодня в звітах, в статистиці, а є економіка глибинна – це цілі сектори, які генерують неймовірну кількість прибутку, який іде, на жаль, поза державним бюджетом і поза податковими органами.
ParlaMint-UA_2019-11-15-m0.u111.p1.sent4	До таких секторів відноситься і спиртова галузь зокрема.
ParlaMint-UA_2019-11-15-m0.u111.p1.sent5	І саме в цьому, в виведенні спиртової галузі з глибин, або тіньової економіки, в публічну плоскість і полягає ідея цього законопроекту.
ParlaMint-UA_2019-11-15-m0.u111.p1.sent6	Фактично мова йде про демонополізацію і про дозвіл надання ліцензій на виробництво спирту приватним компаніям і скасування державної монополії.
ParlaMint-UA_2019-11-15-m0.u111.p1.sent7	При цьому я хотів би застерегти від того, щоб ми розрізняли роздержавлення і демонополізацію.
ParlaMint-UA_2019-11-15-m0.u111.p2.sent1	Саме тому комітет підтримує розгляд цього законопроекту в першому читанні.
ParlaMint-UA_2019-11-15-m0.u111.p2.sent2	Але між першим і другим читанням ми будемо намагатися зробити все для того, щоб модель демонополізації була ефективною і йшла в першу чергу на користь інтересам держави, а не на користь того, щоб ми сповідали якусь ідеологію, щоб нас називали ліберальними реформаторами або консервативними.
ParlaMint-UA_2019-11-15-m0.u111.p2.sent3	Наша задача така, щоб нас називали державними реформаторами.
ParlaMint-UA_2019-11-15-m0.u111.p2.sent4	Тому комітет розглянув цей проект Закону 2300 і рекомендував прийняти за основу в першому читанні.
ParlaMint-UA_2019-11-15-m0.u111.p3.sent1	Окрім цього, на засіданні комітету було взято до уваги, що у народного депутата України - члена комітету Буймістер є окрема думка щодо даного законопроекту, яка була записана під стенограму під час засідання комітету, всі бажаючі можуть ознайомитися з нею.
ParlaMint-UA_2019-11-15-m0.u111.p4.sent1	Стосовно всього іншого, прошу зал підтримати цей проект закону в першому читанні за основу і далі прийняти участь всім бажаючим у напрацюванні ефективної моделі реформування.
ParlaMint-UA_2019-11-15-m0.u112.p1.sent1	Дякую, Дмитро Андрійович.
ParlaMint-UA_2019-11-15-m0.u112.p2.sent1	Прошу записатись: два – за, два – проти, від фракцій на обговорення.
ParlaMint-UA_2019-11-15-m0.u112.p3.sent1	Цимбалюк Михайло Михайлович.
ParlaMint-UA_2019-11-15-m0.u113.p1.sent1	Прошу слово передати колезі по фракції Вадиму Івченку.
ParlaMint-UA_2019-11-15-m0.u114.p1.sent1	Вадим Євгенович Івченко.
ParlaMint-UA_2019-11-15-m0.u115.p1.sent1	Вадим Івченко, фракція "Батьківщина".
ParlaMint-UA_2019-11-15-m0.u115.p1.sent2	Шановні колеги, попрошу уваги!
ParlaMint-UA_2019-11-15-m0.u115.p2.sent1	В Радянському Союзі було 82 заводи.
ParlaMint-UA_2019-11-15-m0.u115.p2.sent2	Ми майже були в першості щодо виробництва спирту серед країн Радянського Союзу.
ParlaMint-UA_2019-11-15-m0.u115.p2.sent3	Але Росія нам перекрила фактично експорт спирту, тому ця галузь пішла в занепад.
ParlaMint-UA_2019-11-15-m0.u115.p2.sent4	Тільки 40 заводів було передано в ДП "Укрспирт", з них 15 фактично можуть щось виробляти.
ParlaMint-UA_2019-11-15-m0.u115.p3.sent1	Скажу вам так, що система демонополізації "Укрспирту" має бути системною.
ParlaMint-UA_2019-11-15-m0.u115.p3.sent2	Що таке системність?
ParlaMint-UA_2019-11-15-m0.u115.p3.sent3	От скажіть, будь ласка, коли оголошена приватизація, то держава ж має отримати найкращу і найбільшу ціну?
ParlaMint-UA_2019-11-15-m0.u115.p3.sent4	Де у нас висновки сьогодні Міністерства фінансів з приводу того, яким чином ми будемо продавати заводи, якщо ми демонополізуємо спирт і узаконимо всі "розливайки"?
ParlaMint-UA_2019-11-15-m0.u115.p3.sent5	Ми їх будемо продавати, як металолом, жодної копійки бюджет не отримає.
ParlaMint-UA_2019-11-15-m0.u115.p4.sent1	Друге.
ParlaMint-UA_2019-11-15-m0.u115.p4.sent2	Вісімдесят дві площадки.
ParlaMint-UA_2019-11-15-m0.u115.p4.sent3	Вісімдесят два заводи, вісімдесят дві площадки, які сьогодні можуть використовуватися під виробництво біоетанолу.
ParlaMint-UA_2019-11-15-m0.u115.p4.sent4	Хіба ми з вами не пам’ятаємо, як був прийнятий закон?
ParlaMint-UA_2019-11-15-m0.u115.p4.sent5	І сьогодні було б сім відсотків фактично біоетанолу в наших нафтопродуктах.
ParlaMint-UA_2019-11-15-m0.u115.p4.sent6	Що відбулось?
ParlaMint-UA_2019-11-15-m0.u115.p4.sent7	Цей закон скасували, ніякого біоетанолу.
ParlaMint-UA_2019-11-15-m0.u115.p4.sent8	Сюди потрібно заводити закони щодо виробництва біоетанолу і збільшення їх вмісткості в наших нафтопродуктах.
ParlaMint-UA_2019-11-15-m0.u115.p5.sent1	Наступне, колеги.
ParlaMint-UA_2019-11-15-m0.u115.p5.sent2	А щодо впровадження електронного обліку?
ParlaMint-UA_2019-11-15-m0.u115.p5.sent3	А щодо впровадження електронного акцизу?
ParlaMint-UA_2019-11-15-m0.u115.p5.sent4	Я знаю, ці думки літають.
ParlaMint-UA_2019-11-15-m0.u115.p5.sent5	Але де ці закони?
ParlaMint-UA_2019-11-15-m0.u115.p5.sent6	Вони теж мають розглядатися поряд з цим законом.
ParlaMint-UA_2019-11-15-m0.u115.p6.sent1	Наступне, колеги.
ParlaMint-UA_2019-11-15-m0.u115.p6.sent2	Вам же не кажуть про державний контроль.
ParlaMint-UA_2019-11-15-m0.u115.p6.sent3	Канада реалізовує горілчані вироби виключно через державні структури.
ParlaMint-UA_2019-11-15-m0.u115.p6.sent4	Іспанія виключно в спеціалізованих магазинах.
ParlaMint-UA_2019-11-15-m0.u115.p6.sent5	Цей закон нічого не дасть.
ParlaMint-UA_2019-11-15-m0.u115.p6.sent6	Цей закон не наповнить бюджет.
ParlaMint-UA_2019-11-15-m0.u115.p7.sent1	"Батьківщина" утримається.
ParlaMint-UA_2019-11-15-m0.u116.p1.sent1	Дякую.
ParlaMint-UA_2019-11-15-m0.u116.p2.sent1	Качура Олександр Анатолійович.
ParlaMint-UA_2019-11-15-m0.u117.p1.sent1	Олександр Качура, фракція "Слуга народу".
ParlaMint-UA_2019-11-15-m0.u117.p1.sent2	Я підтримую всеціло цей законопроект.
ParlaMint-UA_2019-11-15-m0.u117.p1.sent3	Я вважаю, що треба побороти монополію.
ParlaMint-UA_2019-11-15-m0.u117.p2.sent1	І прошу передати слово Євгену Шевченку, моєму колезі.
ParlaMint-UA_2019-11-15-m0.u118.p1.sent1	Євгеній Шевченко.
ParlaMint-UA_2019-11-15-m0.u118.p1.sent2	Євгеній Володимирович Шевченко, включіть, будь ласка, мікрофон.
ParlaMint-UA_2019-11-15-m0.u119.p1.sent1	Доброго дня, шановні колеги!
ParlaMint-UA_2019-11-15-m0.u119.p1.sent2	Я прошу підтримати цей законопроект.
ParlaMint-UA_2019-11-15-m0.u119.p1.sent3	І проінформувати вас, що ми на комітеті узгодили позицію з Кабінетом Міністрів, будемо вносити зміни між першим та другим читанням.
ParlaMint-UA_2019-11-15-m0.u119.p1.sent4	Законопроект буде вдосконалений.
ParlaMint-UA_2019-11-15-m0.u119.p1.sent5	Ризики, пов’язані з тим, що заводи, які будуть виставлені на приватизацію, а будуть побудовані нові, ми враховуємо, на 2 роки буде введений мораторій на будівництво нових заводів.
ParlaMint-UA_2019-11-15-m0.u119.p1.sent6	Крім того, ми будемо робити демонополізацію не тільки виробництва спирту, а й олігархічних кланів, які виробляють водку, тому що практично весь ринок захоплений чотирма компаніями.
ParlaMint-UA_2019-11-15-m0.u119.p2.sent1	Тому є пропозиція до другого читання внести зміни і Кабінет Міністрів буде видавати ліцензії фермерам, середнім та малим підприємцям для виробництва спирту-дистиляту, як зернового, так і плодового.
ParlaMint-UA_2019-11-15-m0.u119.p2.sent2	І це призведе до того, що буде конкуренція і на ринку не буде більше монополії.
ParlaMint-UA_2019-11-15-m0.u119.p3.sent1	Дякую за увагу.
ParlaMint-UA_2019-11-15-m0.u119.p3.sent2	Прошу підтримки.
ParlaMint-UA_2019-11-15-m0.u120.p1.sent1	Дякую.
ParlaMint-UA_2019-11-15-m0.u120.p2.sent1	Німченко Василь Іванович.
ParlaMint-UA_2019-11-15-m0.u120.p2.sent2	З місця включіть, будь ласка, мікрофон.
ParlaMint-UA_2019-11-15-m0.u120.p2.sent3	Ви, мабуть, знову не на своєму місці.
ParlaMint-UA_2019-11-15-m0.u120.p2.sent4	У вас включений мікрофон?
ParlaMint-UA_2019-11-15-m0.u120.p2.sent5	А карточка?
ParlaMint-UA_2019-11-15-m0.u120.p2.sent6	Не на своєму, мабуть, Василь Іванович.
ParlaMint-UA_2019-11-15-m0.u121.p1.sent1	Шановні колеги, я хочу вам почати із дати прийняття рішення Конституційним Судом України, яке мало місце 31 березня 2004 року.
ParlaMint-UA_2019-11-15-m0.u121.p1.sent2	Тоді якраз Президент України звернувся і прийнявши Указ про введення монополії на виробництво та розповсюдження, в тому числі, горілчаних виробів.
ParlaMint-UA_2019-11-15-m0.u121.p1.sent3	І коли було це оспорено у Конституційному Суді, то Конституційний Суд однозначно вказав, що наявність якраз державної монополії, державного контролю за виробництвом спирту, спиртних напоїв та їх реалізація тримають ці елементи безпекового характеру.
ParlaMint-UA_2019-11-15-m0.u121.p2.sent1	І тому ті, хто на сьогоднішній день пропонує звільнитися від державної монополії, звільнитися від державного контролю, це все буде заведено в фарватер безалаберності і безгосподарності, і саме гірше - відсутності контролю за таким проізводственним циклом, що пов’язане з здоров’ям нації.
ParlaMint-UA_2019-11-15-m0.u121.p2.sent2	І не можна забувати і те питання, що економічної безпеки.
ParlaMint-UA_2019-11-15-m0.u121.p2.sent3	І Конституційний Суд, коли погоджувався з тим, що якраз в сфері горілчаних виборів, виробництво спирту - це є елементи економічної безпеки, і економічного наповнення бюджетних наших асигнувань, які поступають на адресу державної казни.
ParlaMint-UA_2019-11-15-m0.u121.p2.sent4	То скажіть, будь ласка, куди ж ми йдемо, коли пропонуємо відмовитись від цього?
ParlaMint-UA_2019-11-15-m0.u122.p1.sent1	Десять секунд.
ParlaMint-UA_2019-11-15-m0.u122.p1.sent2	Завершуйте, будь ласка.
ParlaMint-UA_2019-11-15-m0.u123.p1.sent1	На сьогоднішній день, подивіться, з тютюновими виробами: держава хоче тепер забрати, але не може.
ParlaMint-UA_2019-11-15-m0.u123.p1.sent2	І подивіться, які там статки йдуть ці.
ParlaMint-UA_2019-11-15-m0.u124.p1.sent1	Дякую.
ParlaMint-UA_2019-11-15-m0.u124.p2.sent1	Тарас Іванович Батенко.
ParlaMint-UA_2019-11-15-m0.u125.p1.sent1	Прошу передати слово колезі Віктору Бондару.
ParlaMint-UA_2019-11-15-m0.u126.p1.sent1	Бондар Віктор Васильович.
ParlaMint-UA_2019-11-15-m0.u127.p1.sent1	Дякую, шановні колеги!
ParlaMint-UA_2019-11-15-m0.u127.p1.sent2	Багато розмов йде про те, що "Укрспирт" давно вже пора було розмонополізувати і зробити так, щоб в Україні був ринок спиртної галузі, а не оця "кормушка", яка десятиріччями наповнювала кармани окремих чиновників.
ParlaMint-UA_2019-11-15-m0.u127.p2.sent1	Я думаю, не треба лукавити, всі в країні давно знають, що з цих десятків спиртозаводів, які є в "Укрспирті", в галузі, по суті витягували останні жили, і це були "кормушки", коли примушували виробників і тіньових ділків, які працюють з горілкою в Україні, купувати "лівий2 спирт через різні схеми.
ParlaMint-UA_2019-11-15-m0.u127.p3.sent1	І мова йде про те, що зараз ми пробуємо ліквідувати з вами кормушки, які давали десятки мільйонів доларів на рік окремим ділкам, які працювали в цій галузі.
ParlaMint-UA_2019-11-15-m0.u127.p3.sent2	Я думаю, що, безумовно, кожна розумна людина розуміє, що це треба підтримувати.
ParlaMint-UA_2019-11-15-m0.u127.p4.sent1	У мене в окрузі є завод - Деражнянський спиртозавод, який так само має відношення до цієї структури державної.
ParlaMint-UA_2019-11-15-m0.u127.p4.sent2	Він практично знищений, тому що не підлаштувались, не змогли не цікаво було утримувати таку кількість заводів і, по суті, штучно створювали монополію на тих заводах, де були зручні керівники і мали можливість робити махінації, і це приклад того, як працювала ця державна інституція.
ParlaMint-UA_2019-11-15-m0.u127.p5.sent1	Тому ми підтримуємо прийняття цього законопроекту.
ParlaMint-UA_2019-11-15-m0.u127.p5.sent2	Вважаємо, що має бути здорова конкуренція виробників горілки.
ParlaMint-UA_2019-11-15-m0.u127.p5.sent3	В Україні достатньо світових брендів представлені, і я переконаний, що вони побудують спиртову галузь біля своїх виробництв, набагато краще і ефективніше, ніж це робить держава.
ParlaMint-UA_2019-11-15-m0.u127.p5.sent4	І це буде точно якість, і це буде боротьба, і конкуренція, і відсутність корупції.
ParlaMint-UA_2019-11-15-m0.u127.p6.sent1	Тому підтримуємо і голосуємо.
ParlaMint-UA_2019-11-15-m0.u127.p6.sent2	Дякуємо.
ParlaMint-UA_2019-11-15-m0.u128.p1.sent1	Дякую.
ParlaMint-UA_2019-11-15-m0.u128.p2.sent1	Слово надається Кубіву Степану Івановичу.
ParlaMint-UA_2019-11-15-m0.u128.p2.sent2	Дайте 2 хвилини, тому що він виступає і замість "Голосу"
ParlaMint-UA_2019-11-15-m0.u129.p1.sent1	Шановні колеги!
ParlaMint-UA_2019-11-15-m0.u129.p1.sent2	Перш за все дякую "Голосу".
ParlaMint-UA_2019-11-15-m0.u129.p2.sent1	Пане Голово, хочу сказати, що на комітеті чітко я представив аспект скасування державної монополії.
ParlaMint-UA_2019-11-15-m0.u129.p2.sent2	Характеристики сьогодні спиртової галузі дуже є прості.
ParlaMint-UA_2019-11-15-m0.u129.p2.sent3	81 виробничий майданчик, в "Укрспирт" входить 44 підприємства, в складі ДП "Укрспирт", 40 підприємств – юридичні особи концерн "Укрспирт".
ParlaMint-UA_2019-11-15-m0.u129.p2.sent4	Одне підприємство державне – в Управління справами, два підприємства – в Міністерство охорони здоров’я.
ParlaMint-UA_2019-11-15-m0.u129.p2.sent5	Коли ми говоримо про 16 прибуткових підприємств, які не можуть перекрити збитки всіх інших підприємств, більше 700 мільйонів.
ParlaMint-UA_2019-11-15-m0.u129.p3.sent1	Хочу сказати, що одне робоче місце спиртової галузі створює 14 робочих місць суміжних професій.
ParlaMint-UA_2019-11-15-m0.u129.p3.sent2	Шляхи вирішення проблемних даних питань.
ParlaMint-UA_2019-11-15-m0.u129.p4.sent1	Крок перший – це створення робочої групи; проведення аудиту, технічного, фінансового всіх підприємств.
ParlaMint-UA_2019-11-15-m0.u129.p4.sent2	Крок другий – проведення ринкової оцінки активів.
ParlaMint-UA_2019-11-15-m0.u129.p4.sent3	І крок третій - розприділити підприємства за трьома групами.
ParlaMint-UA_2019-11-15-m0.u129.p4.sent4	Непрофільні активи підприємств протягом тривалого періоду не здійснюють виробництво.
ParlaMint-UA_2019-11-15-m0.u129.p4.sent5	Друге - це підприємства з підвищеною інвестиційною привабливістю, які можуть виробляти технічний спирт, можуть виробляти молочну кислоту, біоетанол, етилен, синтетичний каучук, ацетон та інші речі.
ParlaMint-UA_2019-11-15-m0.u129.p4.sent6	І третій крок – підприємства-виробники спирту харчового призначення.
ParlaMint-UA_2019-11-15-m0.u129.p5.sent1	Реорганізація спиртової галузі у два етапи.
ParlaMint-UA_2019-11-15-m0.u129.p5.sent2	40 підприємств, які не працюють більше 5 років, продати на ProZorro і передати органам місцевого самоврядування у вигляді відсутності.
ParlaMint-UA_2019-11-15-m0.u129.p5.sent3	28 підприємств концерну виробничо-технічного спирту технічних галузей молочної кислоти залучити - приватних інвесторів, приватизація окремо кожного підприємства дасть великий дохід в бюджет.
ParlaMint-UA_2019-11-15-m0.u129.p6.sent1	І другий етап, 16 підприємств - створити приватне акціонерне товариство "Укрспирт", провести модернізацію за власні кошти, корпоративне високоліквідне підприємство шляхом емісії акцій.
ParlaMint-UA_2019-11-15-m0.u129.p6.sent2	Від цього буде економічний ефект.
ParlaMint-UA_2019-11-15-m0.u129.p6.sent3	Перше.
ParlaMint-UA_2019-11-15-m0.u130.p1.sent1	10 секунд.
ParlaMint-UA_2019-11-15-m0.u131.p1.sent1	Економічний ефект.
ParlaMint-UA_2019-11-15-m0.u131.p1.sent2	Перше – надходження коштів у державний бюджет приватизації.
ParlaMint-UA_2019-11-15-m0.u131.p1.sent3	І друге – це високорентабельне, технологічно сучасне, інвестиційно привабливе підприємство.
ParlaMint-UA_2019-11-15-m0.u131.p1.sent4	Оце ту концепцію, яку ми представили.
ParlaMint-UA_2019-11-15-m0.u132.p1.sent1	Дякую.
ParlaMint-UA_2019-11-15-m0.u132.p2.sent1	Шановні колеги, час на виступи вичерпано.
ParlaMint-UA_2019-11-15-m0.u132.p2.sent2	Прошу підготуватися до голосування та зайняти свої місця.
ParlaMint-UA_2019-11-15-m0.u132.p3.sent1	Шановні колеги, ставлю на голосування пропозицію про прийняття за основу проекту Закону про внесення змін до Закону України "Про державне регулювання виробництва і обігу спирту етилового, коньячного і плодового, алкогольних напоїв, тютюнових виробів та пального" щодо лібералізації діяльності у сфері виробництва спирту етилового (реєстраційний номер 2300).
ParlaMint-UA_2019-11-15-m0.u132.p3.sent2	Прошу підготуватися до голосування.
ParlaMint-UA_2019-11-15-m0.u132.p3.sent3	Готові голосувати?
ParlaMint-UA_2019-11-15-m0.u132.p3.sent4	Прошу підтримати та проголосувати.
ParlaMint-UA_2019-11-15-m0.u132.p4.sent1	За-293
ParlaMint-UA_2019-11-15-m0.u132.p5.sent1	Рішення прийнято.
ParlaMint-UA_2019-11-15-m0.u132.p5.sent2	Законопроект прийнятий за основу.
ParlaMint-UA_2019-11-15-m0.u132.p5.sent3	Дякую.
ParlaMint-UA_2019-11-15-m0.u132.p6.sent1	Покажіть, будь ласка, по фракціям.
ParlaMint-UA_2019-11-15-m0.u132.p6.sent2	Партія "Слуга народу" - 235, "Опозиційна платформа – За життя" – 9, "Європейська солідарність" – 0, "Батьківщина" – 2, "За майбутнє" – 11, "Голос" – 18, позафракційні – 18.
ParlaMint-UA_2019-11-15-m0.u132.p7.sent1	Шановні колеги, є пропозиція щодо скорочення до другого читання.
ParlaMint-UA_2019-11-15-m0.u132.p7.sent2	Є заперечення?
ParlaMint-UA_2019-11-15-m0.u132.p7.sent3	Немає.
ParlaMint-UA_2019-11-15-m0.u132.p7.sent4	Тоді давайте я поставлю.
ParlaMint-UA_2019-11-15-m0.u132.p8.sent1	Буде голосування – добре, ні – значить, ні.
ParlaMint-UA_2019-11-15-m0.u132.p9.sent1	Відповідно до частини другої статті 116 Регламенту Верховної Ради України ставлю на голосування пропозицію про скорочення наполовину строків подачі пропозицій і правок та підготовки до другого читання законопроекту, реєстраційний номер 2300.
ParlaMint-UA_2019-11-15-m0.u132.p9.sent2	Прошу підтримати та проголосувати.
ParlaMint-UA_2019-11-15-m0.u132.p10.sent1	За-251
ParlaMint-UA_2019-11-15-m0.u132.p11.sent1	Рішення прийнято.
ParlaMint-UA_2019-11-15-m0.u132.p11.sent2	Строки скорочено наполовину.
ParlaMint-UA_2019-11-15-m0.u132.p12.sent1	Шановні колеги, вам запропонований до розгляду проект Постанови про скасування рішення Верховної Ради України про прийняття в другому читанні та в цілому проекту Закону "Про внесення змін до деяких законів України у зв’язку з відокремленням діяльності з транспортування природного газу" (реєстраційний номер 2239-1-П).
ParlaMint-UA_2019-11-15-m0.u132.p12.sent2	Воно буде розглядатися за скороченою процедурою, як це й передбачено Регламентом.
ParlaMint-UA_2019-11-15-m0.u132.p13.sent1	Слово для доповіді надається народному депутату України Кучеренку Олексію Юрійовичу.
ParlaMint-UA_2019-11-15-m0.u132.p13.sent2	Ні, доповідає той, хто – при всій повазі, Юлія Володимирівна, – хто є автором.
ParlaMint-UA_2019-11-15-m0.u132.p13.sent3	Зразу хотів би зазначити, що в нас потім стоїть ще одна постанова щодо усунення неузгодженостей.
ParlaMint-UA_2019-11-15-m0.u132.p14.sent1	Шановні колеги, Олексій Юрійович, якщо можна, трошки.
ParlaMint-UA_2019-11-15-m0.u132.p14.sent2	Кучеренко доповідає – автор.
ParlaMint-UA_2019-11-15-m0.u132.p14.sent3	Шановні колеги, тут буде достатньо швидко, і важливі голосування.
ParlaMint-UA_2019-11-15-m0.u132.p14.sent4	Будь ласка, не розходьтесь.
ParlaMint-UA_2019-11-15-m0.u133.p1.sent1	Олексій Кучеренко, фракція "Батьківщина", громадянин України, співвласник газотранспортної системи, надр, повітря і всього того, що є в Україні.
ParlaMint-UA_2019-11-15-m0.u133.p2.sent1	Шановні друзі, магічне слово "анбандлінг", яким скоро будуть лякати вже дітей.
ParlaMint-UA_2019-11-15-m0.u133.p2.sent2	Воно насправді дуже просте.
ParlaMint-UA_2019-11-15-m0.u133.p2.sent3	Воно походить від англійського to unbundle – розплітати, але воно абсолютно не означає "анпилінг" – від слова "пиляти".
ParlaMint-UA_2019-11-15-m0.u133.p2.sent4	Розділити газотранспортну систему і спилити її – це абсолютно різні речі.
ParlaMint-UA_2019-11-15-m0.u133.p3.sent1	Я звертаю вашу увагу, що, безумовно, в тій ситуації, в тій колотнечі, в яку втягнули сьогодні Верховну Раду, є заслуга уряду і пана Оржеля.
ParlaMint-UA_2019-11-15-m0.u133.p3.sent2	Пан Оржель, пан міністр!
ParlaMint-UA_2019-11-15-m0.u133.p4.sent1	Пояснюю, бо саме уряд на своєму засіданні 18 вересня прийняв рішення про розробку закону про.
ParlaMint-UA_2019-11-15-m0.u133.p4.sent2	законопроекту про анбандлінг і до 10 жовтня він мав подати цей законопроект нам з вами.
ParlaMint-UA_2019-11-15-m0.u133.p4.sent3	За це відповідав на зведенні міністр Милованов, міністр економіки, але він в цей час, я думаю, землею займався, міністр Оржель та інші міністерства.
ParlaMint-UA_2019-11-15-m0.u133.p4.sent4	Якби ми побачили об’єктивний державницький законопроект, завізований всіма міністрами, заюстований відповідним чином, то ми би тоді зрозуміли, що це є позиція уряду, бо тоді кожний з підписантів розумів би, що рано чи пізно він може піти на допити, так, як це мало би відбуватися, якщо спотворюється воля народу.
ParlaMint-UA_2019-11-15-m0.u133.p5.sent1	Натомість уряд не виконав своїх зобов’язань, а цей законопроект було дуже поспішно вкинуто на розгляд комітету Верховної Ради, причому звертаю вашу увагу, комітет розглядав текст.
ParlaMint-UA_2019-11-15-m0.u134.p1.sent1	10 секунд.
ParlaMint-UA_2019-11-15-m0.u135.p1.sent1	Але на той момент навіть не було подано законопроекту і зареєстровано в Верховній Раді.
ParlaMint-UA_2019-11-15-m0.u135.p1.sent2	Ось це є причина того, що далі нас з вами втягнули в цю колотнечу.
ParlaMint-UA_2019-11-15-m0.u135.p1.sent3	Саме тому я дозволив собі.
ParlaMint-UA_2019-11-15-m0.u136.p1.sent1	Дякую, Олексій Юрійович.
ParlaMint-UA_2019-11-15-m0.u136.p1.sent2	Я вибачаюся.
ParlaMint-UA_2019-11-15-m0.u136.p1.sent3	Дякую.
ParlaMint-UA_2019-11-15-m0.u136.p2.sent1	Від комітету.
ParlaMint-UA_2019-11-15-m0.u136.p2.sent2	Якщо можна, я дам хвилину з мотивів представнику комітету.
ParlaMint-UA_2019-11-15-m0.u136.p2.sent3	Жупанин Андрій.
ParlaMint-UA_2019-11-15-m0.u136.p2.sent4	Це важливо, тому що в нас буде наступне питання.
ParlaMint-UA_2019-11-15-m0.u136.p2.sent5	А після цього дам Кальченку.
ParlaMint-UA_2019-11-15-m0.u137.p1.sent1	Шановні колеги, ми, по-перше, дуже вдячні представникам фракції "Батьківщина" за активну позицію в цьому процесі.
ParlaMint-UA_2019-11-15-m0.u137.p1.sent2	Ви, дійсно, допомогли нам доопрацювати той законопроект, який ми приймали за основу і в цілому.
ParlaMint-UA_2019-11-15-m0.u137.p1.sent3	Тому дуже вам дякуємо.
ParlaMint-UA_2019-11-15-m0.u137.p1.sent4	Ми провели тиждень консультацій з юридичним управлінням.
ParlaMint-UA_2019-11-15-m0.u137.p1.sent5	І ми доопрацювали законопроект, ми вичистили його.
ParlaMint-UA_2019-11-15-m0.u137.p1.sent6	І сьогодні ми його ставимо на підтримку у формі порівняльної таблиці.
ParlaMint-UA_2019-11-15-m0.u137.p2.sent1	Тому прохання до вас не підтримувати дану постанову.
ParlaMint-UA_2019-11-15-m0.u137.p2.sent2	Наступною для голосування буде надано саме порівняльну таблицю, яка була вам роздана.
ParlaMint-UA_2019-11-15-m0.u137.p2.sent3	І там всі правки, всі пропозиції узгоджено і враховано.
ParlaMint-UA_2019-11-15-m0.u137.p3.sent1	Дякую.
ParlaMint-UA_2019-11-15-m0.u138.p1.sent1	Дякую.
ParlaMint-UA_2019-11-15-m0.u138.p2.sent1	Слово для доповіді.
ParlaMint-UA_2019-11-15-m0.u138.p2.sent2	для співдоповіді надається голові Комітету з питань Регламенту, депутатської етики та організації роботи Верховної Ради України Кальченку Сергію Віталійовичу.
ParlaMint-UA_2019-11-15-m0.u139.p1.sent1	Шановна президія, шановні народні депутати!
ParlaMint-UA_2019-11-15-m0.u139.p1.sent2	Регламентний комітет розглянув проект Постанови про скасування рішення Верховної Ради України про прийняття в другому читанні та в цілому Закону реєстраційний номер 2239-1 та письмову заяву народного депутата Кучеренка.
ParlaMint-UA_2019-11-15-m0.u139.p2.sent1	Комітет відзначив, що депутат Кучеренко не звертався до головуючого на пленарному засіданні парламенту із заявою про порушення встановленої Регламентом процедури при розгляді та голосуванні цього закону, як це, власне, передбачено статтею 48 Регламенту, але вніс на розгляд парламенту проект постанови Верховної Ради про скасування відповідного рішення парламенту і звернувся з відповідною письмовою заявою до Голови.
ParlaMint-UA_2019-11-15-m0.u139.p3.sent1	Під час розгляду цього проекту постанови – присутні на засіданні регламентного комітету народні депутати України Кучеренко Олексій Юрійович, Тимошенко Юлія Володимирівна – повідомлено, що ними встановлено редакційні неточності і неузгодженості між положеннями прийнятого Верховною Радою України закону та текстом законопроекту до другого читання, який був погоджений, проголосований відповідним профільним комітетом.
ParlaMint-UA_2019-11-15-m0.u139.p4.sent1	За словами народних депутатів Тимошенко і Кучеренка, зміни, за які проголосував комітет, в тексті законопроекту не були повністю відображені.
ParlaMint-UA_2019-11-15-m0.u139.p4.sent2	Тобто має місце ця термінологічна неузгодженість.
ParlaMint-UA_2019-11-15-m0.u139.p5.sent1	Відповідно до частини восьмої статті 48 Регламенту комітет ухвалив висновок: запропонувати Верховній Раді України визначитись шляхом голосування щодо прийняття чи відхилення цього проекту постанови.
ParlaMint-UA_2019-11-15-m0.u139.p6.sent1	Дякую.
ParlaMint-UA_2019-11-15-m0.u140.p1.sent1	Ви згадали кого, що репліка?
ParlaMint-UA_2019-11-15-m0.u140.p1.sent2	Тимошенко ви згадали?
ParlaMint-UA_2019-11-15-m0.u140.p2.sent1	Ви згадали Тимошенко?
ParlaMint-UA_2019-11-15-m0.u140.p3.sent1	Включіть, будь ласка, мікрофон Юлії Володимирівні.
ParlaMint-UA_2019-11-15-m0.u140.p3.sent2	Хвилина з мотивів.
ParlaMint-UA_2019-11-15-m0.u140.p3.sent3	Шановні колеги, і пропоную переходити до голосування.
ParlaMint-UA_2019-11-15-m0.u140.p3.sent4	З мотивів, з мотивів, да.
ParlaMint-UA_2019-11-15-m0.u141.p1.sent1	Дорогі друзі, я хочу просто згадати, як ми дружно проголосували за виділення газотранспортної системи із НАК "Нафтогазу".
ParlaMint-UA_2019-11-15-m0.u141.p1.sent2	І ми тоді чітко визначили, за що ми голосуємо.
ParlaMint-UA_2019-11-15-m0.u141.p1.sent3	І в комітеті ми підтвердили голосування про те, що ніхто не може відчужувати це майно, що держава управляє цим майном і що держава повністю має всі доходи від цього майна.
ParlaMint-UA_2019-11-15-m0.u141.p1.sent4	Насправді на підпис був поданий законопроект, який повністю не відповідає цим нашим рішенням.
ParlaMint-UA_2019-11-15-m0.u141.p1.sent5	І я хотіла б, безумовно, виступити по кожному пункту цього законопроекту, який подається на уточнення, і думаю, буду мати на це можливість.
ParlaMint-UA_2019-11-15-m0.u141.p1.sent6	Але всі, хто хочуть захистити газотранспортну систему, мусять зараз проголосувати за скасування попереднього закону і проголосувати проти тих уточнень, які будуть подаватись.
ParlaMint-UA_2019-11-15-m0.u141.p1.sent7	Ми втрачаємо нашу найбільшу власність.
ParlaMint-UA_2019-11-15-m0.u142.p1.sent1	Дякую.
ParlaMint-UA_2019-11-15-m0.u142.p2.sent1	Шановні колеги, пропоную переходити до голосування за цю постанову.
ParlaMint-UA_2019-11-15-m0.u142.p2.sent2	Давайте.
ParlaMint-UA_2019-11-15-m0.u142.p2.sent3	Колеги, давайте ставити на голосування.
ParlaMint-UA_2019-11-15-m0.u142.p2.sent4	Дивіться, у нас є ще наступне питання, там буде точно обговорення, давайте.
ParlaMint-UA_2019-11-15-m0.u142.p2.sent5	Тоді там немає обговорення.
ParlaMint-UA_2019-11-15-m0.u142.p2.sent6	А там не передбачено.
ParlaMint-UA_2019-11-15-m0.u142.p2.sent7	Ну, колеги, давайте голосувати за цю постанову, далі перейдемо вже по суті.
ParlaMint-UA_2019-11-15-m0.u142.p2.sent8	Готові голосувати?
ParlaMint-UA_2019-11-15-m0.u142.p2.sent9	Будь ласка, підготуйтесь до голосування.
ParlaMint-UA_2019-11-15-m0.u142.p2.sent10	Будь ласка, підготуйтесь до голосування.
ParlaMint-UA_2019-11-15-m0.u142.p2.sent11	Готові голосувати?
ParlaMint-UA_2019-11-15-m0.u142.p2.sent12	Прошу визначатись та голосувати.
ParlaMint-UA_2019-11-15-m0.u142.p2.sent13	Почекайте!
ParlaMint-UA_2019-11-15-m0.u142.p2.sent14	Стоп!
ParlaMint-UA_2019-11-15-m0.u142.p3.sent1	Ставлю на голосування пропозицію.
ParlaMint-UA_2019-11-15-m0.u142.p3.sent2	Ставлю на голосування Постанову про скасування рішення Верховної Ради України про прийняття в другому читанні та в цілому проект Закону "Про внесення змін до деяких законів України у зв’язку з відокремленням діяльності з транспортування природного газу" (2239-1-П).
ParlaMint-UA_2019-11-15-m0.u142.p4.sent1	Прошу визначатись та голосувати.
ParlaMint-UA_2019-11-15-m0.u142.p5.sent1	За-57
ParlaMint-UA_2019-11-15-m0.u142.p6.sent1	Рішення не прийнято.
ParlaMint-UA_2019-11-15-m0.u142.p7.sent1	Шановні колеги, вам розданий до розгляду.
ParlaMint-UA_2019-11-15-m0.u142.p7.sent2	Вибачте.
ParlaMint-UA_2019-11-15-m0.u142.p8.sent1	31 жовтня 2019 року Верховною Радою України було прийнято в другому читанні та в цілому як закон України проект "Про внесення змін до деяких законів України у зв’язку з відокремленням діяльності з транспортування природного газу" (реєстраційний номер 2239-1).
ParlaMint-UA_2019-11-15-m0.u142.p9.sent1	Відповідно до статті 131 Регламенту Верховної Ради України нам необхідно усунути деякі неузгодженості в певних положеннях зазначених закону.
ParlaMint-UA_2019-11-15-m0.u142.p9.sent2	Пропозиції щодо усунення неузгодженостей вам роздані.
ParlaMint-UA_2019-11-15-m0.u142.p10.sent1	Шановні колеги, я пропоную дати слово голові комітету для виступу.
ParlaMint-UA_2019-11-15-m0.u142.p10.sent2	Після цього я дам можливість, я дам можливість всім з мотивів виступити ,кожному від фракції, дам слово Прем’єр-міністру і дам слово Руслану Олексійовичу Стефанчуку.
ParlaMint-UA_2019-11-15-m0.u142.p11.sent1	Пане голова комітету, Герус Андрій Михайлович.
ParlaMint-UA_2019-11-15-m0.u143.p1.sent1	Доброго дня.
ParlaMint-UA_2019-11-15-m0.u143.p1.sent2	Ми, дійсно, дуже консолідовано проголосували цей законопроект про анбандлінг.
ParlaMint-UA_2019-11-15-m0.u143.p1.sent3	І всім в залі був розданий відповідний текст законопроекту, всі мали можливість його прочитати і відповідно по ньому голосували.
ParlaMint-UA_2019-11-15-m0.u143.p1.sent4	Але в нас є певні розбіжності в українському законодавстві стосовно того, що таке газотранспортна система, чи газотранспортна система включає в себе підземні газосховища.
ParlaMint-UA_2019-11-15-m0.u143.p1.sent5	Одне законодавство каже, що включає, а інше каже, що не включає.
ParlaMint-UA_2019-11-15-m0.u143.p2.sent1	Тому в даному випадку в рамках статті 131 Регламенту ми пропонуємо зробити узгодження тексту таким чином, щоб в явній формі прописати, що 100 відсотків державної власності гарантується і в газотранспортній системі, і в підземних сховищах газу.
ParlaMint-UA_2019-11-15-m0.u143.p2.sent2	Тому прохання підтримати відповідну постанову.
ParlaMint-UA_2019-11-15-m0.u143.p3.sent1	Спасибі.
ParlaMint-UA_2019-11-15-m0.u144.p1.sent1	Дякую.
ParlaMint-UA_2019-11-15-m0.u144.p2.sent1	З мотивів від кожної фракції.
ParlaMint-UA_2019-11-15-m0.u144.p2.sent2	Хто?
ParlaMint-UA_2019-11-15-m0.u144.p2.sent3	Папієв Михайло Миколайович.
ParlaMint-UA_2019-11-15-m0.u144.p2.sent4	Бачу, Юлія Володимирівна.
ParlaMint-UA_2019-11-15-m0.u145.p1.sent1	Дякую.
ParlaMint-UA_2019-11-15-m0.u145.p2.sent1	Шановні народні депутати України, шановні громадяни України, я перш за все звертаюся зараз до Голови Верховної Ради України, тому що суб’єктом подання пропозицій за 131 статтею має бути саме Голова Верховної Ради України.
ParlaMint-UA_2019-11-15-m0.u145.p2.sent2	І хочу нагадати вам частину п’яту статті 131, яка передбачає обговорення і голосування по кожній із пропозицій, які внесено.
ParlaMint-UA_2019-11-15-m0.u145.p2.sent3	У нас пропозиції ці на чотирнадцяти сторінках.
ParlaMint-UA_2019-11-15-m0.u145.p2.sent4	По кількості їх треба буде по кожній, ставити кожну пропозицію на голосування.
ParlaMint-UA_2019-11-15-m0.u145.p2.sent5	Тому прошу підготуватися до великої кількості голосувань.
ParlaMint-UA_2019-11-15-m0.u145.p3.sent1	Дякую.
ParlaMint-UA_2019-11-15-m0.u146.p1.sent1	Дякую.
ParlaMint-UA_2019-11-15-m0.u146.p2.sent1	Юлія Володимирівна, з мотивів, при всій повазі.
ParlaMint-UA_2019-11-15-m0.u147.p1.sent1	Дорогі колеги, одну хвилину обговорювати такі питання, доленосні для країни, це смішно.
ParlaMint-UA_2019-11-15-m0.u147.p1.sent2	Але я скажу вам, що цим законопроектом передбачається скасування практично для газотранспортної системи 75 статті Господарського кодексу, де уряд затверджує фінансові плани газотранспортної системи, газових сховищ і транзитних ліній електропередачі.
ParlaMint-UA_2019-11-15-m0.u147.p2.sent1	Це означає, що держава не буде впливати як мінімум на 3 мільярди доларів прибутку, які заробляє газотранспортна система.
ParlaMint-UA_2019-11-15-m0.u147.p2.sent2	Все це передається всередину компанії, іноземним наглядовим радам.
ParlaMint-UA_2019-11-15-m0.u147.p2.sent3	Крім того, тут передбачено недопустимість відмови держави у внесенні іноземних інвестицій в цю газотранспортну систему і потім перенесення це на тарифи.
ParlaMint-UA_2019-11-15-m0.u147.p2.sent4	Без власника будуть вирішувати і, як "новорічну качку", шпигувати наші об’єкти державної власності непотрібними нам інвестиціями, переносити на тарифи, а потім їх банкрутувати.
ParlaMint-UA_2019-11-15-m0.u147.p2.sent5	Це недопустимо.
ParlaMint-UA_2019-11-15-m0.u147.p3.sent1	Крім того, Національна комісія регулювання електроенергетики чомусь вирішує потім спори і.
ParlaMint-UA_2019-11-15-m0.u148.p1.sent1	10 секунд.
ParlaMint-UA_2019-11-15-m0.u148.p1.sent2	10 секунд, будь ласка.
ParlaMint-UA_2019-11-15-m0.u149.p1.sent1	І встановлює правила в регулюванні спорів замість судів.
ParlaMint-UA_2019-11-15-m0.u149.p2.sent1	Я вважаю, що тут треба голосувати проти цього і по-новому розробляти цей закон.
ParlaMint-UA_2019-11-15-m0.u149.p2.sent2	Не допустіть того.
ParlaMint-UA_2019-11-15-m0.u150.p1.sent1	Дякую.
ParlaMint-UA_2019-11-15-m0.u150.p2.sent1	Хто ще хоче?
ParlaMint-UA_2019-11-15-m0.u150.p2.sent2	Будь ласка, Ірина Володимирівна Геращенко, народна депутатка.
ParlaMint-UA_2019-11-15-m0.u150.p2.sent3	Геращенко Ірина Володимирівна.
ParlaMint-UA_2019-11-15-m0.u150.p2.sent4	Включіть, будь ласка.
ParlaMint-UA_2019-11-15-m0.u150.p2.sent5	З місця.
ParlaMint-UA_2019-11-15-m0.u151.p1.sent1	Дякую, шановні колеги.
ParlaMint-UA_2019-11-15-m0.u151.p2.sent1	Як ви знаєте, наша політична сила, наша фракція дала голоси за Закон про анбандлінг, але зараз відбуваються неприпустимі речі.
ParlaMint-UA_2019-11-15-m0.u151.p2.sent2	Нам подають з листа законопроект, в якому 30 раз його перероблялося, передають в умовах страшної недовіри до того, що взагалі відбувається у профільному комітеті, коли голова комітету після проголосованого законопроекту так само, в спешке, з пилу з жару, намагався подати Голові Верховної Ради України на підпис сфальшований документ, сфальшований, абсолютно перероблений ним закон попередній.
ParlaMint-UA_2019-11-15-m0.u151.p2.sent3	І дуже добре, що Голова Верховної Ради не пішов, по суті, на злочин, не підписав законопроект, за який ми не голосували.
ParlaMint-UA_2019-11-15-m0.u151.p3.sent1	От в цих умовах насправді, коли наша політична сила, як ліберали, за те, що ми зараз обговорюємо, ми не можемо голосувати за це, тому що ми не розуміємо, що буде відбуватися потім.
ParlaMint-UA_2019-11-15-m0.u151.p3.sent2	Тому ми утримаємося, і тільки через те, що в залі, по-перше, відбувається бардак в цьому питання.
ParlaMint-UA_2019-11-15-m0.u151.p4.sent1	Друге.
ParlaMint-UA_2019-11-15-m0.u151.p4.sent2	Такі речі серйозні, вони не.
ParlaMint-UA_2019-11-15-m0.u152.p1.sent1	10 секунд дайте, будь ласка.
ParlaMint-UA_2019-11-15-m0.u153.p1.sent1	І друге.
ParlaMint-UA_2019-11-15-m0.u153.p1.sent2	Ми б до уряду хотіли звернутися.
ParlaMint-UA_2019-11-15-m0.u153.p1.sent3	Друзі, ми обговорюємо надзвичайно важливі речі: газотранспортну систему України.
ParlaMint-UA_2019-11-15-m0.u153.p1.sent4	Ви ж це знаєте, але чому ви весь час приносите все, як гарячі пиріжки.
ParlaMint-UA_2019-11-15-m0.u154.p1.sent1	Дякую.
ParlaMint-UA_2019-11-15-m0.u154.p2.sent1	Хто ще бажає виступити?
ParlaMint-UA_2019-11-15-m0.u154.p2.sent2	Будь ласка, народний депутат Железняк.
ParlaMint-UA_2019-11-15-m0.u155.p1.sent1	Шановні колеги, у нас сьогодні 15 листопада, і, наскільки ми розуміємо, у нас залишилося дуже мало часу для того, щоб виконати свої міжнародні зобов’язання і виконати ці умови анбандлінгу.
ParlaMint-UA_2019-11-15-m0.u155.p1.sent2	Ми голосували за цей законопроект в першому читанні, ми голосували в другому.
ParlaMint-UA_2019-11-15-m0.u155.p1.sent3	Ми дуже сподіваємося, що якщо будуть проголосовані ці зміни, то, не затримуючи, сьогодні протягом дня цей законопроект буде підписаний і переданий на підпис Президенту, і Президент також у турборежимі його зробить законом України.
ParlaMint-UA_2019-11-15-m0.u155.p2.sent1	І останнє.
ParlaMint-UA_2019-11-15-m0.u155.p2.sent2	Для того, щоб ми могли підтримати цей текст - я говорю не тільки про свою фракцію, а і весь зал, - ми просимо надати слово Прем’єр-міністру України для того, щоб він в цій великій залі підтвердив, що зміни відповідають вимогам європейського співтовариства і дають можливість нам провести процедуру анбандлінгу.
ParlaMint-UA_2019-11-15-m0.u155.p2.sent3	Після цього ми будемо приймати рішення.
ParlaMint-UA_2019-11-15-m0.u155.p3.sent1	Дякую.
ParlaMint-UA_2019-11-15-m0.u156.p1.sent1	Дякую.
ParlaMint-UA_2019-11-15-m0.u156.p2.sent1	Будь ласка, народний депутат Німченко Василь Іванович, будь ласка.
ParlaMint-UA_2019-11-15-m0.u157.p1.sent1	Шановні колеги, я хотів би звернути увагу на безпрецедентний випадок, коли ми бачимо, що йде фальшування закону, він вже прийнятий і проголосований.
ParlaMint-UA_2019-11-15-m0.u157.p1.sent2	І ми бачимо, що спотворюється волевиявлення народних депутатів.
ParlaMint-UA_2019-11-15-m0.u157.p2.sent1	Я хотів би повернути вас до Конституції України, яка передбачає, що наряду з порушенням матеріального права стосовно конституційності є ще процедури, обов’язкові до виконання.
ParlaMint-UA_2019-11-15-m0.u157.p2.sent2	І те, що ви зараз робите, шановні колеги, хто голосувати зараз має намір, ви, по суті, йдете не те що на порушення Конституції - ви йдете на конфлікт з кримінальним законом.
ParlaMint-UA_2019-11-15-m0.u157.p2.sent3	Тому що самі подали цю заяву, на очах, на очах всього нашого чесного народу ми таке робимо!
ParlaMint-UA_2019-11-15-m0.u157.p2.sent4	Це що, заказ МВФ?
ParlaMint-UA_2019-11-15-m0.u157.p2.sent5	Якщо це заказ МВФ, ви так і скажіть.
ParlaMint-UA_2019-11-15-m0.u157.p3.sent1	Але представте, що якщо ми побачимо, що.
ParlaMint-UA_2019-11-15-m0.u158.p1.sent1	Дякую.
ParlaMint-UA_2019-11-15-m0.u158.p1.sent2	Дякую, Василь Іванович.
ParlaMint-UA_2019-11-15-m0.u158.p1.sent3	Хто ще хоче виступити?
ParlaMint-UA_2019-11-15-m0.u159.p1.sent1	Андрій Жупанин, з мотивів.
ParlaMint-UA_2019-11-15-m0.u160.p1.sent1	Шановні колеги, ми дуже просимо підтримати цю порівняльну таблицю, яку ви зараз бачите перед собою.
ParlaMint-UA_2019-11-15-m0.u160.p1.sent2	Це доволі безпрецедентно для Верховної Ради, що депутати визнали свої помилки, які ми допустили голосуючи за закон за основу.
ParlaMint-UA_2019-11-15-m0.u160.p1.sent3	Тому що там були суперечності і неузгодженості.
ParlaMint-UA_2019-11-15-m0.u160.p2.sent1	І ми дуже добре попрацювали з юридичним департаментом, ми тиждень напрацьовували ці зміни, для того щоб вони відповідали і Закону "Про ринок газу", і Господарському кодексу України, і іншим нормативно-правовим актам України.
ParlaMint-UA_2019-11-15-m0.u160.p2.sent2	Для того, щоб чітко зафіксувати ті домовленості, які були досягнуті між нами, як на комітеті, так і тут в залі сесійній Верховної Ради.
ParlaMint-UA_2019-11-15-m0.u160.p3.sent1	Колеги, я вас прошу підтримати і натиснути зелену кнопку за дану порівняльну таблицю.
ParlaMint-UA_2019-11-15-m0.u160.p4.sent1	Дякую.
ParlaMint-UA_2019-11-15-m0.u161.p1.sent1	Дякую.
ParlaMint-UA_2019-11-15-m0.u161.p2.sent1	Шахов Сергій Володимирович.
ParlaMint-UA_2019-11-15-m0.u161.p2.sent2	Після цього.
ParlaMint-UA_2019-11-15-m0.u162.p1.sent1	Сергій Шахов, Луганщина.
ParlaMint-UA_2019-11-15-m0.u162.p1.sent2	Шановні колеги, наша команда неодноразово нагадувала про те, що всі монополії державні повинні належати державі: це газ, це вода, це електроенергія, це транспорт.
ParlaMint-UA_2019-11-15-m0.u162.p2.sent1	Я погоджуюся з тим, що проголосували тільки що про розвиток спиртової галузі, що треба запускати інвестора і повністю обновлювати цю галузь, але газ належить народу.
ParlaMint-UA_2019-11-15-m0.u162.p2.sent2	Я реєстрував Постанову 9027, повністю в якій сказано: "аудит газотранспортної системи".
ParlaMint-UA_2019-11-15-m0.u162.p2.sent3	Чомусь сьогодні немає видобутку газу українського і не дається нашим українцям нормальний і дешевий газ.
ParlaMint-UA_2019-11-15-m0.u162.p3.sent1	Юлія Володимирівна сказала, про те, що сьогодні не потрібні ті інвестори, які загонять всі наші підприємства в борги, потім – збанкрутуют, і "прихватизують" їх, як за 28 років це відбувалося.
ParlaMint-UA_2019-11-15-m0.u162.p4.sent1	Подивіться, що в цій галузі робиться?
ParlaMint-UA_2019-11-15-m0.u162.p4.sent2	Скільки у нас свердловин?
ParlaMint-UA_2019-11-15-m0.u162.p4.sent3	Хоч одну сьогодні поставили до реєстру?
ParlaMint-UA_2019-11-15-m0.u162.p4.sent4	Хоч сьогодні аудит провели в цьому напрямку?
ParlaMint-UA_2019-11-15-m0.u162.p4.sent5	Скільки газу сьогодні добувається і хто отримує з населення.
ParlaMint-UA_2019-11-15-m0.u163.p1.sent1	Дякую.
ParlaMint-UA_2019-11-15-m0.u163.p2.sent1	Шановні.
ParlaMint-UA_2019-11-15-m0.u163.p2.sent2	Юля Володимирівна.
ParlaMint-UA_2019-11-15-m0.u163.p2.sent3	Репліка - Тимошенко.
ParlaMint-UA_2019-11-15-m0.u164.p1.sent1	Дорогі друзі, зверніть, будь ласка, увагу на сторінку 8 матеріалів, які вам роздали, і пункт 5, де написано, що "фінансові плани оператора газотранспортної системи та оператора системи передач, а також господарського товариства, яке володіє корпоративними правами, не підлягають затвердженню відповідно до статті 75 цього кодексу".
ParlaMint-UA_2019-11-15-m0.u164.p1.sent2	Я вам прямо процитувала пункт, який чітко говорить про те, що Кабінет Міністрів відмежовується від затвердження фінансових планів, а це означає, що наступний абзац передбачає, що затвердження фінансових планів надається самому господарюючому суб’єкту, тобто наглядовій раді, яка сформована з іноземних громадян.
ParlaMint-UA_2019-11-15-m0.u164.p2.sent1	Дорогі друзі, не робіть цього, це протирічить Конституції, Господарському кодексу і здоровому глузду.
ParlaMint-UA_2019-11-15-m0.u164.p2.sent2	Не віддавайте прибуток газотранспортної системи на розграбування.
ParlaMint-UA_2019-11-15-m0.u164.p2.sent3	Голосуйте "проти".
ParlaMint-UA_2019-11-15-m0.u165.p1.sent1	Лубінець.
ParlaMint-UA_2019-11-15-m0.u165.p1.sent2	Після цього.
ParlaMint-UA_2019-11-15-m0.u165.p2.sent1	Лубінець Дмитро Валерійович.
ParlaMint-UA_2019-11-15-m0.u165.p2.sent2	Після цього – Прем’єр-міністр України.
ParlaMint-UA_2019-11-15-m0.u165.p2.sent3	І Перший заступник Голови Верховної Ради України.
ParlaMint-UA_2019-11-15-m0.u166.p1.sent1	Дякую.
ParlaMint-UA_2019-11-15-m0.u166.p2.sent1	Ну, шановні колеги, ну, всі ми бачимо наслідки "турборежиму".
ParlaMint-UA_2019-11-15-m0.u166.p2.sent2	Ми неодноразово з трибуни виступали до своїх колег і звертали увагу, що не можна приймати закони, тим більше такі важливі, в такому режимі.
ParlaMint-UA_2019-11-15-m0.u166.p2.sent3	Ніхто не читає закони.
ParlaMint-UA_2019-11-15-m0.u166.p3.sent1	Скажіть мені, будь ласка - я зараз звертаюсь до представника профільного комітету, - 13 сторінок помилок ви раптом знайшли.
ParlaMint-UA_2019-11-15-m0.u166.p3.sent2	Ви за кого нас маєте?
ParlaMint-UA_2019-11-15-m0.u166.p3.sent3	Це абсолютно новий закон, у вашій новій редакції.
ParlaMint-UA_2019-11-15-m0.u166.p3.sent4	По кожній правці, як сказав наш колега, потрібно проходити, згідно процедури Регламенту.
ParlaMint-UA_2019-11-15-m0.u166.p3.sent5	Так само, як каже наша колега Тимошенко, потрібно теж проходити і розбиратися.
ParlaMint-UA_2019-11-15-m0.u166.p4.sent1	Тому я дуже прошу, Дмитро Олександрович, ви як спікер нашого парламенту зупиніть цей безлад, зупиняйте "турборежим", і зараз давайте проходитися по повній процедурі.
ParlaMint-UA_2019-11-15-m0.u166.p5.sent1	Дякую.
ParlaMint-UA_2019-11-15-m0.u167.p1.sent1	Дякую.
ParlaMint-UA_2019-11-15-m0.u167.p2.sent1	Не було негативної репліки, Юлія Володимирівна.
ParlaMint-UA_2019-11-15-m0.u167.p2.sent2	Репліка - ні.
ParlaMint-UA_2019-11-15-m0.u167.p3.sent1	Слово надається Прем’єр-міністру України.
ParlaMint-UA_2019-11-15-m0.u167.p3.sent2	Олексій Валерійович Гончарук.
ParlaMint-UA_2019-11-15-m0.u167.p4.sent1	А яка проблема, скажіть мені?
ParlaMint-UA_2019-11-15-m0.u167.p4.sent2	Ні, почекайте.
ParlaMint-UA_2019-11-15-m0.u167.p4.sent3	Яка проблема?
ParlaMint-UA_2019-11-15-m0.u167.p4.sent4	Яка проблема?
ParlaMint-UA_2019-11-15-m0.u167.p4.sent5	Я можу дати слово виступити Прем’єр-міністру?
ParlaMint-UA_2019-11-15-m0.u167.p4.sent6	Це питання іде без обговорення.
ParlaMint-UA_2019-11-15-m0.u167.p4.sent7	Добре, я дам слово Прем’єр-міністру.
ParlaMint-UA_2019-11-15-m0.u167.p5.sent1	Будь ласка, Олексій Валерійович.
ParlaMint-UA_2019-11-15-m0.u167.p5.sent2	Олексій Валерійович, будь ласка.
ParlaMint-UA_2019-11-15-m0.u168.p1.sent1	Дивіться, що відбувається.
ParlaMint-UA_2019-11-15-m0.u168.p1.sent2	Росіяни дуже не хочуть, щоб у нас вийшло підготувати нашу газотранспортну систему і нашого оператора до продовження контракту.
ParlaMint-UA_2019-11-15-m0.u168.p1.sent3	Подивіться на інтерв’ю, яке вчора, ну, на репліку, яку вчора сказав пан Путін.
ParlaMint-UA_2019-11-15-m0.u168.p1.sent4	Він сказав: "Та ми готові.
ParlaMint-UA_2019-11-15-m0.u168.p1.sent5	Дешевий газ для України?
ParlaMint-UA_2019-11-15-m0.u168.p1.sent6	Звичайно.
ParlaMint-UA_2019-11-15-m0.u168.p1.sent7	Транзит?
ParlaMint-UA_2019-11-15-m0.u168.p1.sent8	Звичайно, але ж українці не справляться з тим, щоб підготувати систему".
ParlaMint-UA_2019-11-15-m0.u168.p2.sent1	Ви два тижні назад, друзі, проголосували за дуже правильні закони.
ParlaMint-UA_2019-11-15-m0.u168.p2.sent2	Після цього окремі народні депутати заблокували його своєю постановою і морочили нам голову два тижні всякими різними хитромудрими правками.
ParlaMint-UA_2019-11-15-m0.u168.p2.sent3	Зараз разом з юридичним управлінням Верховної Ради, разом з керівництвом Верховної Ради, з комітетом, з міністерствами, з європейцями, з якими ми ночами, – сьогодні вночі отримали останнього листа від європейців про підтвердження, – спробували знайти формулювання, які ні в кого не викличуть сумніву щодо того, що українська газотранспортна система на сто відсотків залишається в Україні.
ParlaMint-UA_2019-11-15-m0.u168.p2.sent4	Власність України, української компанії на сто відсотків.
ParlaMint-UA_2019-11-15-m0.u168.p2.sent5	Не ведіться на маніпуляції.
ParlaMint-UA_2019-11-15-m0.u168.p2.sent6	У мене є взагалі підозра, що тут працює ФСБ, друзі, але звичайно, щодо цього потрібно робити окремі висновки.
ParlaMint-UA_2019-11-15-m0.u168.p3.sent1	Не ведіться на маніпуляції, будьте сильними!
ParlaMint-UA_2019-11-15-m0.u168.p3.sent2	Я вам дякую.
ParlaMint-UA_2019-11-15-m0.u168.p3.sent3	Зробимо це разом.
ParlaMint-UA_2019-11-15-m0.u169.p1.sent1	Слово надається Першому заступнику Голови Верховної Ради України Стефанчуку Руслану Олексійовичу.
ParlaMint-UA_2019-11-15-m0.u169.p2.sent1	Репліку на що, Юлія Володимирівна?
ParlaMint-UA_2019-11-15-m0.u169.p2.sent2	Репліка, якщо згадане прізвище в негативному контексті.
ParlaMint-UA_2019-11-15-m0.u169.p2.sent3	Негативного контексту не було.
ParlaMint-UA_2019-11-15-m0.u169.p2.sent4	Юлія Володимирівна, ні, вибачте.
ParlaMint-UA_2019-11-15-m0.u169.p3.sent1	Стефанчук.
ParlaMint-UA_2019-11-15-m0.u170.p1.sent1	Шановні колеги, впродовж цього періоду ми з вами були свідками того, що ми прийняли відповідний закон.
ParlaMint-UA_2019-11-15-m0.u170.p1.sent2	Після цього в порядку 131 статті і зустрічей з різними фракціями і групами, разом з Головним юридичним управлінням було проведено зведення тих правок і пропозицій, під якими підписалося Головне юридичне управління, за результатами аналізу двох з половиною годин вивчення стенограми, відеозаписів засідань комітету і засідань, які стосуються Верховної Ради.
ParlaMint-UA_2019-11-15-m0.u170.p2.sent1	Тому ця таблиця під підпис Головного юридичного управління відповідає тим речам, щодо яких були досягнуті домовленості на рівні комітету і на рівні Верховної Ради.
ParlaMint-UA_2019-11-15-m0.u170.p2.sent2	Крім цього, воно було також погоджено і з міністерством, і з Кабінетом Міністрів, і з юристами Верховної Ради.
ParlaMint-UA_2019-11-15-m0.u170.p2.sent3	Тому я глибоко переконаний, що в нас сьогодні є 2 варіанти: або підтримати це і справити деякі неузгодженості, які були в законі, або буде підписаний той законопроект, який був прийнятий нами тиждень тому.
ParlaMint-UA_2019-11-15-m0.u170.p2.sent4	Сьогодні тільки нам визначатися, чи справимо ми, чи відправимо те, що було.
ParlaMint-UA_2019-11-15-m0.u170.p3.sent1	Дякую.
ParlaMint-UA_2019-11-15-m0.u171.p1.sent1	Дякую.
ParlaMint-UA_2019-11-15-m0.u171.p2.sent1	Всі бажаючі виступили?
ParlaMint-UA_2019-11-15-m0.u171.p2.sent2	Шановні колеги.
ParlaMint-UA_2019-11-15-m0.u171.p2.sent3	Ви виступали, колеги.
ParlaMint-UA_2019-11-15-m0.u171.p2.sent4	Я не буду давати по 10 раз.
ParlaMint-UA_2019-11-15-m0.u171.p2.sent5	Колеги, ви виступали.
ParlaMint-UA_2019-11-15-m0.u171.p2.sent6	Що?
ParlaMint-UA_2019-11-15-m0.u171.p2.sent7	Євроінтеграція?
ParlaMint-UA_2019-11-15-m0.u171.p2.sent8	Комітет з євроінтеграції, Климпуш-Цинцадзе з мотивів.
ParlaMint-UA_2019-11-15-m0.u171.p2.sent9	30 секунд, будь ласка.
ParlaMint-UA_2019-11-15-m0.u172.p1.sent1	Це цікаво, стосовно 30 секунд.
ParlaMint-UA_2019-11-15-m0.u172.p2.sent1	Ну, по-перше, ми почули виступ Прем’єр-міністра, і ми розуміємо, наскільки це важливе державницьке рішення.
ParlaMint-UA_2019-11-15-m0.u172.p2.sent2	Але хочу нагадати Прем’єр-міністрові, що це не його функція і не його право звинувачувати депутатів взагалі в будь-чому, а це депутати можуть давати доручення Прем’єр-міністрові.
ParlaMint-UA_2019-11-15-m0.u172.p3.sent1	По-друге, хотіла би звернути увагу, що саме сьогодні вночі ми отримали чергового листа від.
ParlaMint-UA_2019-11-15-m0.u173.p1.sent1	Включіть, будь ласка, мікрофон, дайте завершити.
ParlaMint-UA_2019-11-15-m0.u174.p1.sent1	від європейського співтовариства, яке якраз висловило чітке занепокоєння тим, що було внесено попередньо в цей законопроект.
ParlaMint-UA_2019-11-15-m0.u174.p1.sent2	І це знову ж таки результат турборежиму.
ParlaMint-UA_2019-11-15-m0.u174.p1.sent3	І, так, довелося вночі працювати над тим, щоби знову ж таки поправити це.
ParlaMint-UA_2019-11-15-m0.u174.p1.sent4	І це неправда, що йдеться про якісь техніко-юридичні правки, а йдеться про несумісність попереднього законопроекту з правом Європейського Союзу.
ParlaMint-UA_2019-11-15-m0.u174.p1.sent5	Колеги, просто робіть свою роботу якісно і тоді ми як державники весь час будемо вас підтримувати.
ParlaMint-UA_2019-11-15-m0.u174.p2.sent1	Дякую.
ParlaMint-UA_2019-11-15-m0.u175.p1.sent1	Дякую.
ParlaMint-UA_2019-11-15-m0.u175.p2.sent1	З процедури - Папієв.
ParlaMint-UA_2019-11-15-m0.u176.p1.sent1	Дякую.
ParlaMint-UA_2019-11-15-m0.u176.p2.sent1	Шановні народні депутати України, я перш за все звертаюся до Голови Верховної Ради України.
ParlaMint-UA_2019-11-15-m0.u176.p2.sent2	Дмитро Олександрович, нагадайте, будь ласка, Прем’єр-міністру України статтю і норму Конституції України, що Кабінет Міністрів підконтрольний і підзвітний Верховній Раді України.
ParlaMint-UA_2019-11-15-m0.u176.p2.sent3	І не функція Прем’єр-міністра - розказувати або давати оцінку народним депутатам України, а от народні депутати України мають право давати оцінку Прем’єр-міністру.
ParlaMint-UA_2019-11-15-m0.u176.p2.sent4	Якщо б Кабінет Міністрів послідовним був, я б взагалі закликав би Кабінет Міністрів подати свій законопроект, бо зараз ми бачимо ложу уряду, а до цього законопроекту вони взагалі ніякого відношення не мають.
ParlaMint-UA_2019-11-15-m0.u176.p2.sent5	Вони прийшли сюди фоткнутись.
ParlaMint-UA_2019-11-15-m0.u176.p2.sent6	А замість цього вони мали б як Кабінет Міністрів, як суб’єкт законодавчої ініціативи подати свій закон і голосувати тут, тоді б вони розказували, як вони сильно працюють.
ParlaMint-UA_2019-11-15-m0.u176.p2.sent7	Ми не будемо голосувати за цей закон.
ParlaMint-UA_2019-11-15-m0.u176.p3.sent1	Дякую.
ParlaMint-UA_2019-11-15-m0.u177.p1.sent1	Дякую.
ParlaMint-UA_2019-11-15-m0.u177.p2.sent1	По-перше, шановний Прем’єр-міністре, я хотів би все ж таки теж до вас звернутись більш коректно відноситись до народних депутатів.
ParlaMint-UA_2019-11-15-m0.u177.p2.sent2	Якщо є фактах якійсь, то давайте не в Раді про це говорити, а звертатися до правоохоронних органів.
ParlaMint-UA_2019-11-15-m0.u177.p3.sent1	Я розумію накал пристрастей, тому давайте будемо.
ParlaMint-UA_2019-11-15-m0.u177.p3.sent2	Тихше, будь ласка!
ParlaMint-UA_2019-11-15-m0.u177.p3.sent3	Я прошу всіх залишатися в рамках юридичних норм, етичних норм та відношення нормального один до одного.
ParlaMint-UA_2019-11-15-m0.u177.p4.sent1	Щодо того законопроекту, який є.
ParlaMint-UA_2019-11-15-m0.u177.p4.sent2	Ми говорили про те, що у нас можуть бути помилки.
ParlaMint-UA_2019-11-15-m0.u177.p4.sent3	Да, ці помилки є.
ParlaMint-UA_2019-11-15-m0.u177.p4.sent4	Цими правками ми врегульовуємо те питання, про що тільки що говорив Руслан Олексійович, що і газосховища так само, як і інші частини газотранспортної системи, залишаються в повній стовідсотковій, про те, що ми з вами тоді.
ParlaMint-UA_2019-11-15-m0.u177.p4.sent5	Ні, вибачте, те, що ми з вами говорили – у власності держави, не оренди, не відчуження, не концесія, не передача в управління.
ParlaMint-UA_2019-11-15-m0.u177.p4.sent6	Тому, шановні колеги, є два варіанти.
ParlaMint-UA_2019-11-15-m0.u177.p4.sent7	Якщо ми це підтримаємо зараз, 131-у - ту, що вам роздана.
ParlaMint-UA_2019-11-15-m0.u177.p4.sent8	От послухайте, будь ласка, це важливо.
ParlaMint-UA_2019-11-15-m0.u177.p4.sent9	Юраш Святославе, вам не цікаво?
ParlaMint-UA_2019-11-15-m0.u177.p5.sent1	Я ще раз хотів би зазначити, що ми можемо або проголосувати та підтримати виправлені.
ParlaMint-UA_2019-11-15-m0.u177.p5.sent2	Так, це теж побічний результат.
ParlaMint-UA_2019-11-15-m0.u177.p5.sent3	Це побічний результат нашої роботи і турборежиму, це теж правда.
ParlaMint-UA_2019-11-15-m0.u177.p5.sent4	Виправити ті помилки, які були допущені під час прийняття законопроекту і виконати ті обіцянки, які ми давали один одному і українському суспільству щодо 100-відсотковості газотранспортної системи України.
ParlaMint-UA_2019-11-15-m0.u177.p5.sent5	Або провалити, показати політичну позицію, отримати той закон, який є.
ParlaMint-UA_2019-11-15-m0.u177.p5.sent6	Він буде підписаний і стане законом України.
ParlaMint-UA_2019-11-15-m0.u177.p5.sent7	А після цього ми будемо вносити новий законопроект, виправляти ці помилки, доробляти і втрачати час.
ParlaMint-UA_2019-11-15-m0.u177.p5.sent8	Час, якого у держави, на жаль, нема.
ParlaMint-UA_2019-11-15-m0.u177.p6.sent1	Тому я пропоную поставити на голосування внесену мною.
ParlaMint-UA_2019-11-15-m0.u177.p6.sent2	Міністру?
ParlaMint-UA_2019-11-15-m0.u177.p6.sent3	Ви не заперечуєте, якщо я дам хвилину міністру?
ParlaMint-UA_2019-11-15-m0.u177.p6.sent4	Просять, просять ваші колеги, щоб виступив міністр.
ParlaMint-UA_2019-11-15-m0.u177.p7.sent1	Хвилина – міністру.
ParlaMint-UA_2019-11-15-m0.u177.p7.sent2	І переходимо до голосування.
ParlaMint-UA_2019-11-15-m0.u177.p7.sent3	Будь ласка.
ParlaMint-UA_2019-11-15-m0.u178.p1.sent1	Шановні народні депутати!
ParlaMint-UA_2019-11-15-m0.u178.p1.sent2	Дуже важливо проголосувати сьогодні за той напрацьований проект, сьогодні напрацьований проект, який ми попередньо узгодили з нашими європейськими партнерами.
ParlaMint-UA_2019-11-15-m0.u178.p1.sent3	Який дає нам можливість зробити сертифікацію та вийти на перемовини.
ParlaMint-UA_2019-11-15-m0.u178.p2.sent1	Будь-яке зволікання, будь-які зупинки щодо цього процесу – це всупереч інтересам України.
ParlaMint-UA_2019-11-15-m0.u178.p2.sent2	Прошу підтримати, підкреслюю, сьогоднішній проект, який напрацьований комітетом.
ParlaMint-UA_2019-11-15-m0.u179.p1.sent1	Шановні колеги, ставлю на голосування пропозиції, які внесені щодо усунення неузгодженостей у тексті прийнятого Закону України про внесення змін до деяких законів України у зв’язку з відокремленням діяльності з транспортування природного газу (реєстраційний номер 2239-1).
ParlaMint-UA_2019-11-15-m0.u179.p1.sent2	Таблиця вам роздана.
ParlaMint-UA_2019-11-15-m0.u179.p1.sent3	Прошу підготуватись до голосування.
ParlaMint-UA_2019-11-15-m0.u179.p1.sent4	Прошу підготуватись до голосування.
ParlaMint-UA_2019-11-15-m0.u179.p2.sent1	Готові голосувати?
ParlaMint-UA_2019-11-15-m0.u179.p2.sent2	Прошу підтримати та проголосувати.
ParlaMint-UA_2019-11-15-m0.u179.p3.sent1	За-292
ParlaMint-UA_2019-11-15-m0.u179.p4.sent1	Рішення прийнято.
ParlaMint-UA_2019-11-15-m0.u179.p5.sent1	Я вам дякую, шановні колеги.
ParlaMint-UA_2019-11-15-m0.u179.p5.sent2	З одного боку, я хотів би вибачитись за те, що ми допускаємо такі помилки і, я сподіваюсь, що в подальшому їх буде менше.
ParlaMint-UA_2019-11-15-m0.u179.p5.sent3	Дякую всім.
ParlaMint-UA_2019-11-15-m0.u179.p6.sent1	По фракціям покажіть, будь ласка.
ParlaMint-UA_2019-11-15-m0.u179.p6.sent2	"Слуга народу" - 235, "Опозиційна платформа - За життя" – 0, "Європейська солідарність" - 18, "Батьківщина" – 0, "За майбутнє" – 3, "Голос" – 19, позафракційні – 17.
ParlaMint-UA_2019-11-15-m0.u179.p7.sent1	Дякую ще раз.
ParlaMint-UA_2019-11-15-m0.u179.p7.sent2	Рішення прийнято.
ParlaMint-UA_2019-11-15-m0.u179.p8.sent1	Надійшла заява від двох фракцій.
ParlaMint-UA_2019-11-15-m0.u179.p8.sent2	Перерву з заміною на виступ.
ParlaMint-UA_2019-11-15-m0.u179.p8.sent3	Виступає хто?
ParlaMint-UA_2019-11-15-m0.u179.p8.sent4	Тимошенко Юлія Володимирівна?
ParlaMint-UA_2019-11-15-m0.u180.p1.sent1	Шановні колеги, ви проголосували зараз закон, який насправді прямо протирічить національним інтересам України.
ParlaMint-UA_2019-11-15-m0.u180.p1.sent2	Безумовно, наша команда після цього голосування і підписання цього закону піде в Конституційний Суд, а також для наступної влади ми сформуємо в Службу безпеки України детальне абсолютно подання про злочин, яке сьогодні стало, на жаль, реальністю.
ParlaMint-UA_2019-11-15-m0.u180.p1.sent3	Спочатку хотіли сфальшувати перший варіант закону, сфальшувати грубо, зараз сфальшували рішення парламенту і комітету, трошечки більш філігранно і інтелектуально, але це не допоможе.
ParlaMint-UA_2019-11-15-m0.u180.p1.sent4	Я процитувала вам одну статтю цього законопроекту так званого, я процитую іншу: "Коли суб’єктам господарювання забороняється забороняти надання інвестиції і національній комісії включати до тарифів весь обсяг інвестицій".
ParlaMint-UA_2019-11-15-m0.u180.p1.sent5	Це шлях до банкрутства і такої "чорної" приватизації наших головних об’єктів власності.
ParlaMint-UA_2019-11-15-m0.u180.p2.sent1	Я також хочу два слова сказати про ганебні заяви Прем’єр-міністра з цієї трибуни.
ParlaMint-UA_2019-11-15-m0.u180.p2.sent2	Він когось звинувачує в лобіюванні російських інтересів і в роботі на ФСБ.
ParlaMint-UA_2019-11-15-m0.u180.p2.sent3	Я хочу нагадати, що саме він "освятив" заведення в Україну російської електроенергії в величезних обсягах, які насправді країні не потрібні.
ParlaMint-UA_2019-11-15-m0.u180.p2.sent4	Не просто не потрібні, а шкідливі.
ParlaMint-UA_2019-11-15-m0.u180.p2.sent5	Тому що ми забезпечені нашою, українською, електроенергією вдвічі більше, ніж споживаємо.
ParlaMint-UA_2019-11-15-m0.u180.p2.sent6	Це позбавлення країни робочих місць.
ParlaMint-UA_2019-11-15-m0.u180.p3.sent1	Не ми, а цей уряд і ця влада підписали формулу Штайнмайєра, яка є капітуляцією.
ParlaMint-UA_2019-11-15-m0.u180.p3.sent2	Ми категорично проти.
ParlaMint-UA_2019-11-15-m0.u180.p3.sent3	І сьогодні ідуть шляхом практично здачі українських інтересів по всім напрямкам.
ParlaMint-UA_2019-11-15-m0.u180.p4.sent1	Не ми, а вони скасували заборону приватизації 124 об’єктів військово-промислового комплексу і призначили туди людину, яка на гранти працювала значну частину свого життя і зараз по суті розпоряджається нашою оборонкою.
ParlaMint-UA_2019-11-15-m0.u180.p4.sent2	І ми не бачимо, що там відбувається.
ParlaMint-UA_2019-11-15-m0.u180.p5.sent1	Я можу сказати, що все це говорить про те, що Україну сьогодні нема кому захищати, крім цієї зали.
ParlaMint-UA_2019-11-15-m0.u180.p5.sent2	І тому я звертаюся сьогодні до всіх депутатів.
ParlaMint-UA_2019-11-15-m0.u180.p5.sent3	В яких би фракціях ви не працювали, читайте законопроекти уважніше, ніж ви читали би будь-які документи в своєму житті.
ParlaMint-UA_2019-11-15-m0.u180.p5.sent4	Тому що в багатьох законопроектах, як про цю здачу газотранспортної системи України, зашиті конкретні пункти, які перетворюють Україну в країну третього світу і в колонію достатньо потужних світових корпорацій.
ParlaMint-UA_2019-11-15-m0.u180.p5.sent5	Або ми будемо читати і будемо парламентом, або нас будуть використовувати, як стадо овець, для того, щоб здавати Україну.
ParlaMint-UA_2019-11-15-m0.u180.p6.sent1	Я прошу вас.
ParlaMint-UA_2019-11-15-m0.u181.p1.sent1	10 секунд.
ParlaMint-UA_2019-11-15-m0.u182.p1.sent1	Я прошу вас бути сильними і інтелектуальними.
ParlaMint-UA_2019-11-15-m0.u182.p1.sent2	І не ведіться на всі ці маніпуляції і емоції.
ParlaMint-UA_2019-11-15-m0.u182.p1.sent3	В ваших руках – майбутнє країни.
ParlaMint-UA_2019-11-15-m0.u183.p1.sent1	Шановні колеги, я всім вдячний.
ParlaMint-UA_2019-11-15-m0.u183.p2.sent1	Переходимо до наступного питання порядку денного.
ParlaMint-UA_2019-11-15-m0.u183.p2.sent2	Вам до розгляду запропонований проект Постанови про утворення Тимчасової слідчої комісії Верховної Ради України з питань розслідування можливих фактів порушення законодавства України та в зловживанні службовим становищем президентом Української асоціації футболу, головою Комітету з питань бюджету Верховної Ради України восьмого скликання Павелком при вирішенні питання фінансування та реалізації бюджетної програми "Будівництво футбольних полів зі штучним покриттям в регіонах України" у 2017-2018 роках.
ParlaMint-UA_2019-11-15-m0.u183.p3.sent1	Дане питання не потребує голосування за включення його до порядку денного.
ParlaMint-UA_2019-11-15-m0.u183.p3.sent2	Але, шановні колеги, пропонується розглянути його за скороченою процедурою.
ParlaMint-UA_2019-11-15-m0.u183.p3.sent3	Прошу підготуватися до голосування, прошу підготуватися до голосування.
ParlaMint-UA_2019-11-15-m0.u183.p4.sent1	Готові голосувати?
ParlaMint-UA_2019-11-15-m0.u183.p4.sent2	Прошу підтримати та проголосувати за скорочену процедуру.
ParlaMint-UA_2019-11-15-m0.u183.p5.sent1	За-250
ParlaMint-UA_2019-11-15-m0.u183.p6.sent1	Рішення прийнято.
ParlaMint-UA_2019-11-15-m0.u183.p7.sent1	Слово для доповіді надається народному депутату України Костюху Анатолію Вячеславовичу.
ParlaMint-UA_2019-11-15-m0.u184.p1.sent1	Шановні народні депутати, ні для кого з вас не є таємницею, що українськими засобами масової інформації були підняти питання можливої корупції у Федерації футболу України, чи її в оновленій версії - Української асоціації футболу.
ParlaMint-UA_2019-11-15-m0.u184.p1.sent2	Також не є таємницею те, що матеріали, оприлюднені в цих журналістських розслідуваннях, лягли в основу цілої низки кримінальних проваджень, розпочатих ще у 2018 році різними правоохоронними структурами нашої країни, починаючи від НАБУ і закінчуючи Генеральною прокуратурою України.
ParlaMint-UA_2019-11-15-m0.u184.p1.sent3	Однак дотепер залишається таємницею, чому розслідування так і не було завершено та чому жодної винної особи не було притягнуто до кримінальної відповідальності або ж, в іншому випадку, виправдано дії керівництва однієї з наймасовіших і точно, що найпопулярнішого спортивного об’єднання України.
ParlaMint-UA_2019-11-15-m0.u184.p2.sent1	Саме ці, без перебільшення, резонансні питання нещодавно було адресовано нам як народним депутатам України, представникам української журналістської спільноти, і поки що вони залишаються без відповіді.
ParlaMint-UA_2019-11-15-m0.u184.p3.sent1	У зв’язку з цим,нами було прийнято рішення щодо необхідності створення Тимчасової слідчої комісії Верховної Ради України щодо питань розслідування можливих фактів порушення українського законодавства та зловживання службовим становищем президентом Української асоціації футболу (колишньої Федерації футболу України), головою Комітету з питань бюджету Верховної Ради України восьмого скликання Павелком Андрієм Васильовичем під час вирішення питання фінансування та реалізації бюджетної програми "Будівництво футбольних полів зі штучним покриття в регіонах України".
ParlaMint-UA_2019-11-15-m0.u184.p4.sent1	На нашу думку, діяльність такої ТСК сприятиме здійсненню розслідування ймовірних фактів корупції в українському футболі та допоможе зняти будь-які сумніви щодо нівелювання принципу об’єктивності під час його проведення, що можуть виникнути в суспільстві, зважаючи на високий соціальний статус та впливовість пана Андрія Павелка.
ParlaMint-UA_2019-11-15-m0.u184.p5.sent1	То ще раз наголошую на резонансності піднятого питання та надзвичайно високому суспільному інтересі до нього.
ParlaMint-UA_2019-11-15-m0.u184.p5.sent2	Пропоную підтримати Постанову про утворення Тимчасової слідчої комісії.
ParlaMint-UA_2019-11-15-m0.u185.p1.sent1	Дякую.
ParlaMint-UA_2019-11-15-m0.u185.p2.sent1	Слово надається голові Комітету з питань Регламенту, депутатської етики та організації роботи Верховної Ради України Кальченко Сергію Віталійовичу.
ParlaMint-UA_2019-11-15-m0.u186.p1.sent1	Шановна президія!
ParlaMint-UA_2019-11-15-m0.u186.p1.sent2	Шановні народні депутати!
ParlaMint-UA_2019-11-15-m0.u186.p1.sent3	Регламентний комітет на своєму засіданні розглянув проект Постанови про створення Тимчасової слідчої комісії реєстраційний номер 2423, яким пропонується утворити комісію з метою забезпечення повного та всебічного розслідування можливих фактів корупції в Українській асоціації футболу (раніше мала назву - Федерація футболу України).
ParlaMint-UA_2019-11-15-m0.u186.p2.sent1	Комітет звернув увагу на те, що в пункті 9 проекту Постанови Верховна Рада зобов’язує, зокрема, Генеральну прокуратуру, Службу безпеки, Міністерство внутрішніх справ сприяти діяльності цій комісії та надавати доступ її членам до інформації матеріалів, документів.
ParlaMint-UA_2019-11-15-m0.u186.p2.sent2	На думку Регламентного комітету, в цій частині проект постанови дещо не враховує позицію Конституційного Суду, викладеного в рішеннях від 11 квітня 2000 року і 10 червня 2000 року щодо здійснення контролю за діяльністю прокуратури.
ParlaMint-UA_2019-11-15-m0.u186.p3.sent1	Персональний склад та кількісний запропонований у складі 10 депутатів.
ParlaMint-UA_2019-11-15-m0.u186.p3.sent2	Від фракції політичної партії "Європейська солідарність", партії "Голос", депутатської групи "За майбутнє" пропозицій щодо кількісного і персонального складу не надійшло.
ParlaMint-UA_2019-11-15-m0.u186.p3.sent3	А відтак комісія формується в тому складі, за участю представників фракцій і депутатських груп, які надали свої пропозиції.
ParlaMint-UA_2019-11-15-m0.u186.p4.sent1	На підставі цього комітет прийняв рішення рекомендувати парламенту розглянути проект постанови та прийняти його.
ParlaMint-UA_2019-11-15-m0.u186.p5.sent1	Дякую.
ParlaMint-UA_2019-11-15-m0.u187.p1.sent1	Дякую.
ParlaMint-UA_2019-11-15-m0.u187.p2.sent1	Два – за, два – проти, по фракціях запишіться, будь ласка.
ParlaMint-UA_2019-11-15-m0.u187.p3.sent1	Стефанишина Ольга Анатоліївна.
ParlaMint-UA_2019-11-15-m0.u188.p1.sent1	Прошу передати Ярославу Юрчишину.
ParlaMint-UA_2019-11-15-m0.u189.p1.sent1	Юрчишин Ярослав Романович.
ParlaMint-UA_2019-11-15-m0.u190.p1.sent1	Насправді розглядати проблемні питання, такі, які пов’язані з корупцією в різних сферах дуже важливо.
ParlaMint-UA_2019-11-15-m0.u190.p1.sent2	Єдине, що при сучасних можливостях тимчасової слідчої комісії нам не варто очікувати нічого, крім політизації цього процесу.
ParlaMint-UA_2019-11-15-m0.u190.p2.sent1	Тому до всіх ініціаторів створення тимчасових слідчих комісій велике прохання6 прийміть адекватний закон про тимчасові слідчі комісії, які дадуть механізми виправлення помилок, а не заявлення політичних позицій.
ParlaMint-UA_2019-11-15-m0.u190.p2.sent2	І тоді це матиме сенс.
ParlaMint-UA_2019-11-15-m0.u190.p3.sent1	Зараз, звісно, ми підтримуємо, бо розібратися треба, але, насправді, не політизуйте цей механізм.
ParlaMint-UA_2019-11-15-m0.u190.p3.sent2	Механізми контролю мають бути дієвими, а не політичними.
ParlaMint-UA_2019-11-15-m0.u190.p4.sent1	Дякую.
ParlaMint-UA_2019-11-15-m0.u191.p1.sent1	Герасимов Артур Володимирович.
ParlaMint-UA_2019-11-15-m0.u192.p1.sent1	Шановні колеги, шановні українці!
ParlaMint-UA_2019-11-15-m0.u192.p1.sent2	От я би хотів вам сказати, що зараз відбувається в цій сесійній залі.
ParlaMint-UA_2019-11-15-m0.u192.p1.sent3	Збірна України з футболу за довгий час вийшла на пряму з першого місця у своїй групі на чемпіонат Європи.
ParlaMint-UA_2019-11-15-m0.u192.p1.sent4	Це асоціація українська футбольна під керівництвом Андрія Павелка.
ParlaMint-UA_2019-11-15-m0.u192.p1.sent5	Молодіжна збірна стає чемпіоном світу, взагалі в це ніхто не вірив, асоціація під керівництвом Андрія Павелка.
ParlaMint-UA_2019-11-15-m0.u192.p1.sent6	По всій країні встановлені поля для дітей, щоб вони грали.
ParlaMint-UA_2019-11-15-m0.u192.p1.sent7	Ви подивіться - грають всі, заїдьте в будь-який час: з освітленням поля, діти грають.
ParlaMint-UA_2019-11-15-m0.u192.p1.sent8	Який розвиток пішов дитячого футболу!
ParlaMint-UA_2019-11-15-m0.u192.p1.sent9	Який розвиток пішов молодіжних команд!
ParlaMint-UA_2019-11-15-m0.u192.p2.sent1	І, ви знаєте, зараз не роздаючи документи, не говорячи про це, і навіть немає зараз в порядку денному, який розданий народним депутатам у залі, роздають те, що комусь дуже муляє.
ParlaMint-UA_2019-11-15-m0.u192.p2.sent2	Ви знаєте, у мене приходить до думки тільки одне порівняння, що дуже муляють вам успіхи українському футболу, комусь, да, як муляє росіянам удар Шевченка в ворота Філімонова.
ParlaMint-UA_2019-11-15-m0.u192.p3.sent1	Тому, шановні колеги, фракція політичної партії "Європейська солідарність" не буде підтримувати цю ганебну, з нашої точки зору, постанову і це рішення, і ми просто пропонуємо всім колегам в цій сесійній залі одну просту річ: подумайте.
ParlaMint-UA_2019-11-15-m0.u192.p4.sent1	Дякую за увагу.
ParlaMint-UA_2019-11-15-m0.u193.p1.sent1	Загородній Юрій Іванович.
ParlaMint-UA_2019-11-15-m0.u193.p1.sent2	І після цього переходимо до голосування.
ParlaMint-UA_2019-11-15-m0.u193.p1.sent3	Всі бажаючі виступили?
ParlaMint-UA_2019-11-15-m0.u193.p2.sent1	Будь ласка, підготуйтесь до голосування, 2 хвилини - і переходимо до голосування.
ParlaMint-UA_2019-11-15-m0.u194.p1.sent1	Сьогодні кожен свідомий, патріотично налаштований політик намагається знайти спосіб об’єднати український народ, дати привід пишатися нашою країною.
ParlaMint-UA_2019-11-15-m0.u194.p1.sent2	Я як людина, яка займається спортом, давно на власному досвіді переконався і розумію, що один з найкращих факторів такого об’єднання є футбол.
ParlaMint-UA_2019-11-15-m0.u194.p1.sent3	Саме він дозволяє нам усім на 90 хвилин забути про різні політичні вподобання чи.
ParlaMint-UA_2019-11-15-m0.u194.p1.sent4	і на стадіоні чи біля екранів телевізорів згорнутися в національний прапор, співати Гімн України, вболівати за перемогу всіх наших збірних та українських клубів.
ParlaMint-UA_2019-11-15-m0.u194.p2.sent1	Але сьогодні український футбол хворий, корупція раковою пухлиною росте на його тілі, вона висмоктує з нього весь позитив.
ParlaMint-UA_2019-11-15-m0.u194.p2.sent2	І якщо негайно не зупинити цей руйнівний процес, футбол буде знищено.
ParlaMint-UA_2019-11-15-m0.u194.p2.sent3	Причиною кризи, на мою думку, стала тотальна заполітизованість головного футбольного штабу країни.
ParlaMint-UA_2019-11-15-m0.u194.p2.sent4	Поступово більшість керівних посад в українському футболі зайняли народні депутати, губернатори областей, інші посадовці, які не мали жодного стосунку до футболу та сприймали його як джерело власного збагачення і задоволення власних амбіцій.
ParlaMint-UA_2019-11-15-m0.u194.p2.sent5	І як результат – відчуття безкарності керівництвом Федерації футболу України в приналежності до минулої влади.
ParlaMint-UA_2019-11-15-m0.u194.p2.sent6	Це призвело до створення наймаштабнішої корупційної схеми розкрадання бюджетних коштів.
ParlaMint-UA_2019-11-15-m0.u194.p2.sent7	Адже виділення на будівництво футбольних майданчиків одного мільярда бюджетних гривень, розподіл їх і контроль був одними і тими самими людьми – керівниками Федерації футболу.
ParlaMint-UA_2019-11-15-m0.u194.p3.sent1	Корупційне свавілля Федерації футболу протягом тривалого часу залишається актуальною темою для журналістів-розслідувачів в Україні і за її межами.
ParlaMint-UA_2019-11-15-m0.u194.p4.sent1	Український футбол все більше асоціюється з корупцією, а не з ефективними виступами та перемогами.
ParlaMint-UA_2019-11-15-m0.u194.p4.sent2	І створення та робота тимчасової слідчої комісії має неупереджено об’єктивно сказати нам правду і навести порядок в українському футболі.
ParlaMint-UA_2019-11-15-m0.u194.p5.sent1	Дякую.
ParlaMint-UA_2019-11-15-m0.u195.p1.sent1	Мокан Василь Іванович, з мотивів.
ParlaMint-UA_2019-11-15-m0.u196.p1.sent1	Дякую.
ParlaMint-UA_2019-11-15-m0.u196.p1.sent2	Хочу сказати ще як один з ініціаторів цієї постанови, ми направляли листи всім бажаючим фракціям.
ParlaMint-UA_2019-11-15-m0.u196.p1.sent3	Бажаючі виявилися 3 депутатські фракції ввійти в цю тимчасову слідчу комісію.
ParlaMint-UA_2019-11-15-m0.u196.p1.sent4	І хочу запевнити, що мова йде про неупереджене розслідування можливих фактів корупції.
ParlaMint-UA_2019-11-15-m0.u196.p1.sent5	Жодної політизації не передбачається.
ParlaMint-UA_2019-11-15-m0.u196.p2.sent1	Федерація футболу як найбільша федерація України, вона є найбільш фінансованою, відповідно тема резонансна.
ParlaMint-UA_2019-11-15-m0.u196.p2.sent2	Думаю, що варто розібратися і неупереджено дійти висновку про те, чи були там ті зловживання, чи ні.
ParlaMint-UA_2019-11-15-m0.u196.p3.sent1	Дякую.
ParlaMint-UA_2019-11-15-m0.u196.p3.sent2	Прошу підтримати.
ParlaMint-UA_2019-11-15-m0.u197.p1.sent1	Включіть мікрофон Кальченку, будь ласка.
ParlaMint-UA_2019-11-15-m0.u198.p1.sent1	Враховуючи побажання представників деяких фракцій деяких політичних партій, то цим проектом постанови пропонується: обрати головою Тимчасової слідчої комісії народного депутата Костюха Анатолія Вячеславовича (депутатська фракція "Слуга народу"), заступником голови - народного депутата Мамку Григорія Миколайовича (член фракції партії "Опозиційна платформа – За життя").
ParlaMint-UA_2019-11-15-m0.u198.p1.sent2	Обрати також до складу тимчасової комісії таких народний депутатів: Мокана Василя Івановича (фракція партії "Слуга народу"), Касая Геннадія Олександровича (фракція партії "Слуга народу"), Захарченка Володимира Васильовича (фракція "Слуга народу"), Бобляха Андрія Ростиславовича (фракція "Слуга народу"), Кицака Богдана Вікторовича (фракція "Слуга народу"), Кривошеєва Ігоря Сергійовича (фракція "Слуга народу"), Загороднього Юрія Івановича (фракція партії "Опозиційна платформа - За життя"), Цимбалюка Михайла Михайловича (фракція партії "Всеукраїнське об’єднання "Батьківщина").
ParlaMint-UA_2019-11-15-m0.u198.p2.sent1	Дякую.
ParlaMint-UA_2019-11-15-m0.u199.p1.sent1	Дякую.
ParlaMint-UA_2019-11-15-m0.u199.p2.sent1	Шановні колеги, всі бажаючі виступили, переходимо до голосування.
ParlaMint-UA_2019-11-15-m0.u199.p2.sent2	Прошу підготуватись до голосування.
ParlaMint-UA_2019-11-15-m0.u199.p3.sent1	Ставлю на голосування пропозицію про прийняття в цілому проекту Постанови "Про утворення Тимчасової слідчої комісії Верховної Ради України з питань розслідування можливих фактів порушення законодавства України та зловживання службовим становищем президентом Української асоціації футболу, головою Комітету з питань бюджету Верховної Ради України восьмого скликання Павелком при вирішенні питання фінансування та реалізації бюджетної програми "Будівництво футбольних полів із штучним покриттям в регіонах України" у 2017-2018 роках".
ParlaMint-UA_2019-11-15-m0.u199.p4.sent1	Прошу підготуватися до голосування.
ParlaMint-UA_2019-11-15-m0.u199.p4.sent2	Готові голосувати?
ParlaMint-UA_2019-11-15-m0.u199.p4.sent3	Прошу підтримати та проголосувати.
ParlaMint-UA_2019-11-15-m0.u199.p5.sent1	За-260
ParlaMint-UA_2019-11-15-m0.u199.p6.sent1	Постанова прийнята в цілому.
ParlaMint-UA_2019-11-15-m0.u199.p6.sent2	Дякую.
ParlaMint-UA_2019-11-15-m0.u199.p7.sent1	По фракціям покажіть.
ParlaMint-UA_2019-11-15-m0.u199.p7.sent2	"Слуга народу" – 214, "Опозиційна платформа - За життя" – 26, "Європейська солідарність" – 0, "Батьківщина" – 2, "За майбутнє" – 5, "Голос" – 11, позафракційні – 2.
ParlaMint-UA_2019-11-15-m0.u199.p8.sent1	Ярослав Железняк.
ParlaMint-UA_2019-11-15-m0.u199.p8.sent2	Ярослав Іванович з мотивів.
ParlaMint-UA_2019-11-15-m0.u199.p8.sent3	З процедури, да?
ParlaMint-UA_2019-11-15-m0.u199.p8.sent4	Включіть, будь ласка, мікрофон.
ParlaMint-UA_2019-11-15-m0.u200.p1.sent1	Шановні колеги, є пропозиція перейти до законопроекту 2116 - щодо ДБР, щоб ми встигли його розглянути сьогодні.
ParlaMint-UA_2019-11-15-m0.u200.p2.sent1	Дякую.
ParlaMint-UA_2019-11-15-m0.u201.p1.sent1	Мова йде, наскільки я розумію, про Державне бюро розслідувань, так?
ParlaMint-UA_2019-11-15-m0.u201.p1.sent2	Да.
ParlaMint-UA_2019-11-15-m0.u201.p2.sent1	Шановні колеги, є пропозиція перейти до розгляду цього питання.
ParlaMint-UA_2019-11-15-m0.u201.p2.sent2	Можемо перейти чи необхідно голосувати?
ParlaMint-UA_2019-11-15-m0.u201.p3.sent1	Шановні колеги, ставлю на голосування пропозицію щодо зміни черговості розгляду питань порядку денного, а саме, щоб зараз розглянути питання – законопроект, реєстраційний номер 2116.
ParlaMint-UA_2019-11-15-m0.u201.p4.sent1	Будь ласка, підготуйтесь до голосування.
ParlaMint-UA_2019-11-15-m0.u201.p4.sent2	Готові голосувати?
ParlaMint-UA_2019-11-15-m0.u201.p4.sent3	Прошу підтримати та проголосувати.
ParlaMint-UA_2019-11-15-m0.u201.p5.sent1	За-246
ParlaMint-UA_2019-11-15-m0.u201.p6.sent1	Рішення прийнято.
ParlaMint-UA_2019-11-15-m0.u201.p7.sent1	Шановні колеги, слово для доповіді надається голові Комітету з питань правоохоронної діяльності Монастирському Денису Анатолійовичу щодо проекту Закону про внесення змін до Закону України "Про Державне бюро розслідувань" щодо удосконалення діяльності Державного бюро розслідувань (реєстраційний номер 2116).
ParlaMint-UA_2019-11-15-m0.u202.p1.sent1	Доброго дня, шановні колеги, шановний головуючий!
ParlaMint-UA_2019-11-15-m0.u202.p1.sent2	Вашій увазі пропонується підготовлений Комітетом з питань правоохоронної діяльності до другого читання проект Закону України про внесення змін до Закону України "Про Державне бюро розслідувань" щодо удосконалення діяльності ДБР.
ParlaMint-UA_2019-11-15-m0.u202.p2.sent1	До законопроекту надійшло 328 поправок, з яких 123 враховано частково або редакційно, 205 поправок відхилено.
ParlaMint-UA_2019-11-15-m0.u202.p2.sent2	В результаті доопрацювання комітетом маємо наступні положення.
ParlaMint-UA_2019-11-15-m0.u202.p3.sent1	Перше.
ParlaMint-UA_2019-11-15-m0.u202.p3.sent2	Державне бюро розслідувань змінює свій статус з центрального органу виконавчої влади, що здійснює правоохоронну діяльність, на державний правоохоронний орган.
ParlaMint-UA_2019-11-15-m0.u202.p4.sent1	Друге.
ParlaMint-UA_2019-11-15-m0.u202.p4.sent2	Державне бюро розслідувань.
ParlaMint-UA_2019-11-15-m0.u202.p4.sent3	Директору ДБР надаються повноваження одноосібно приймати рішення та нести всю повноту відповідальності за результати діяльності ДБР.
ParlaMint-UA_2019-11-15-m0.u202.p5.sent1	Третє.
ParlaMint-UA_2019-11-15-m0.u202.p5.sent2	Посилюється контрольна функція парламенту.
ParlaMint-UA_2019-11-15-m0.u202.p5.sent3	Зокрема Верховна Рада за результатами розгляду звіту Директора ДБР про результати діяльності його органу за календарний рік може визнати роботу ДБР незадовільною, що в свою чергу може стати підставою для звільнення з цієї посади.
ParlaMint-UA_2019-11-15-m0.u202.p6.sent1	Четверте.
ParlaMint-UA_2019-11-15-m0.u202.p6.sent2	З метою забезпечення безперервності розслідувань справ Майдану передбачається можливість переведення слідчих органів прокуратури та прокурорів, які розслідували справи Майдану, до ДБР без обов’язкового проведення конкурсу.
ParlaMint-UA_2019-11-15-m0.u202.p7.sent1	Таким чином, у зв’язку з суттєвою зміною обсягу повноважень Директора ДБР та зміною статусу цього органу з дня набрання чинності цього закону, повноваження Директора ДБР та його заступників припиняються достроково та розпочинається процес перезавантаження Державного бюро розслідувань.
ParlaMint-UA_2019-11-15-m0.u202.p8.sent1	Комітет з питань правоохоронної діяльності на своєму засіданні ухвалив рішення рекомендувати Верховній Раді України прийняти законопроект 2116 у другому читанні та в цілому як закон з подальшим техніко-юридичним доопрацюванням.
ParlaMint-UA_2019-11-15-m0.u202.p9.sent1	Дякую вам за увагу.
ParlaMint-UA_2019-11-15-m0.u202.p9.sent2	Прошу підтримати.
ParlaMint-UA_2019-11-15-m0.u203.p1.sent1	Дякую, Денисе Анатолійовичу.
ParlaMint-UA_2019-11-15-m0.u203.p2.sent1	Шановні колеги, є пропозиція, щоб ми не йшли постатейно.
ParlaMint-UA_2019-11-15-m0.u203.p2.sent2	Я, дивіться.
ParlaMint-UA_2019-11-15-m0.u203.p3.sent1	На якій правці ви наполягаєте, Артуре Володимировичу?
ParlaMint-UA_2019-11-15-m0.u203.p3.sent2	На якій своїй правці ви наполягаєте?
ParlaMint-UA_2019-11-15-m0.u203.p3.sent3	Яка не врахована ваша правка?
ParlaMint-UA_2019-11-15-m0.u203.p3.sent4	2-а?
ParlaMint-UA_2019-11-15-m0.u203.p3.sent5	Це не ваша.
ParlaMint-UA_2019-11-15-m0.u203.p3.sent6	Якщо ви Фролов, то да, тоді пересядьте, будь ласка, в "Слугу народу".
ParlaMint-UA_2019-11-15-m0.u203.p4.sent1	Шановні колеги, чиї правки були не враховані і ви.
ParlaMint-UA_2019-11-15-m0.u203.p4.sent2	Тарасе Івановичу Батенко, яка правка?
ParlaMint-UA_2019-11-15-m0.u204.p1.sent1	Ну, в принципі, шановні друзі, майже всі правки наші не враховані.
ParlaMint-UA_2019-11-15-m0.u204.p1.sent2	Тому давайте ми будемо працювати по процедурі, тим більше ми перенесли час, продовжили до третьої години дня.
ParlaMint-UA_2019-11-15-m0.u204.p1.sent3	Тому всі правки, Дмитро Олександровичу, починаючи з 11-ї, моєї, і колективних, які були відхилені.
ParlaMint-UA_2019-11-15-m0.u204.p1.sent4	Я можу починати?
ParlaMint-UA_2019-11-15-m0.u205.p1.sent1	Да.
ParlaMint-UA_2019-11-15-m0.u206.p1.sent1	Отже, правка номер 11, яка була відхилена.
ParlaMint-UA_2019-11-15-m0.u206.p1.sent2	Суть її полягає в тому, що даною правкою ми пропонуємо зберегти колегіальний принцип роботи Державного бюро розслідування, що дозволить уникнути небезпеки концентрації всіх повноважень і важелів управління в руках директора бюро і виступатиме гарантією незалежності Державного бюро розслідування.
ParlaMint-UA_2019-11-15-m0.u206.p1.sent3	Прошу поставити її на голосування.
ParlaMint-UA_2019-11-15-m0.u206.p1.sent4	Так само ця суть питання полягає цій правці ще 15, яку теж я хочу поставити на голосування.
ParlaMint-UA_2019-11-15-m0.u206.p1.sent5	Правка номер 11 і правка номер 15.
ParlaMint-UA_2019-11-15-m0.u207.p1.sent1	Позиція комітету щодо цих двох правок.
ParlaMint-UA_2019-11-15-m0.u207.p1.sent2	Ставити на голосування будемо окремо.
ParlaMint-UA_2019-11-15-m0.u207.p1.sent3	11 і 15 правки.
ParlaMint-UA_2019-11-15-m0.u208.p1.sent1	Якраз цим проектом закону прибирається принцип колегіального управління правоохоронними органами.
ParlaMint-UA_2019-11-15-m0.u208.p1.sent2	Цей експеримент себе абсолютно не виправдав.
ParlaMint-UA_2019-11-15-m0.u208.p1.sent3	І я сподіваюсь, що більше таких експериментів з правоохоронною системою проводитись не буде.
ParlaMint-UA_2019-11-15-m0.u208.p1.sent4	Єдиноначальність управління означає єдина відповідальність за діяльність органів.
ParlaMint-UA_2019-11-15-m0.u208.p1.sent5	Тому комітет підтримав виключно відповідальність і повноваження директора ДБР і його заступників.
ParlaMint-UA_2019-11-15-m0.u209.p1.sent1	Дякую.
ParlaMint-UA_2019-11-15-m0.u209.p2.sent1	Шановні колеги.
ParlaMint-UA_2019-11-15-m0.u209.p2.sent2	Ви наполягаєте, да, Тарасе Івановичу?
ParlaMint-UA_2019-11-15-m0.u209.p3.sent1	Ставлю на голосування правку номер 11 народного депутата Батенка.
ParlaMint-UA_2019-11-15-m0.u209.p3.sent2	Вона не підтримана комітетом.
ParlaMint-UA_2019-11-15-m0.u209.p3.sent3	Прошу визначатись та голосувати.
ParlaMint-UA_2019-11-15-m0.u209.p4.sent1	За-57
ParlaMint-UA_2019-11-15-m0.u209.p5.sent1	Рішення не прийнято.
ParlaMint-UA_2019-11-15-m0.u209.p6.sent1	Правка номер 15, народного депутата Батенка.
ParlaMint-UA_2019-11-15-m0.u209.p6.sent2	Комітет її не підтримав.
ParlaMint-UA_2019-11-15-m0.u209.p6.sent3	Прошу визначатись та голосувати.
ParlaMint-UA_2019-11-15-m0.u209.p7.sent1	За-75
ParlaMint-UA_2019-11-15-m0.u209.p8.sent1	Рішення не прийнято.
ParlaMint-UA_2019-11-15-m0.u209.p9.sent1	На яких ще правка ви будете наполягати?
ParlaMint-UA_2019-11-15-m0.u209.p10.sent1	Осадчук Андрій Петрович.
ParlaMint-UA_2019-11-15-m0.u210.p1.sent1	Шановні колеги, є абсолютно принципове питання по правках 302 і 303.
ParlaMint-UA_2019-11-15-m0.u210.p1.sent2	302-а врахована, 303-я відхилена, і вони стосуються базового механізму набору людей в ДБР.
ParlaMint-UA_2019-11-15-m0.u210.p1.sent3	Я прошу дуже зосередитись.
ParlaMint-UA_2019-11-15-m0.u210.p2.sent1	Коли ми приймали закон, ми домовилися, і ця Верховна Рада проголосувала за пропорцію 40 на 60. 40 працівників можна було брати в ДБР, вони мали право брати участь в конкурсі, ті, хто мали досвід роботи в правоохоронних органах.
ParlaMint-UA_2019-11-15-m0.u210.p2.sent2	60 відсотків людей мали б набиратися серед тих, які мають досвід в галузі права, що було написано в законі.
ParlaMint-UA_2019-11-15-m0.u210.p2.sent3	До першого читання добавили "або в правоохоронних органах".
ParlaMint-UA_2019-11-15-m0.u210.p2.sent4	Тобто, щоб можна було брати відставних і бувших поліцейських, прокурорів, кого завгодно.
ParlaMint-UA_2019-11-15-m0.u210.p2.sent5	Зараз затверджено вже до другого читання "в правоохоронних органах або в інших військових формуваннях".
ParlaMint-UA_2019-11-15-m0.u210.p2.sent6	Тобто тепер ми ДБР будемо формувати навіть з бувших військових.
ParlaMint-UA_2019-11-15-m0.u210.p3.sent1	Ця правка повністю деградує.
ParlaMint-UA_2019-11-15-m0.u211.p1.sent1	10 секунд дайте завершити.
ParlaMint-UA_2019-11-15-m0.u212.p1.sent1	Ця правка повністю деградує суть цього закону.
ParlaMint-UA_2019-11-15-m0.u212.p1.sent2	Тому 302 правку я пропоную відхилити, а підтримати 303-ю, яка залишає первинну модель цього закону.
ParlaMint-UA_2019-11-15-m0.u213.p1.sent1	303-ю, да, ви наполягаєте на голосуванні?
ParlaMint-UA_2019-11-15-m0.u213.p2.sent1	Шановні колеги, ставлю на голосування правку номер 303 народного депутата Осадчука.
ParlaMint-UA_2019-11-15-m0.u213.p2.sent2	Позиція комітету.
ParlaMint-UA_2019-11-15-m0.u214.p1.sent1	Позиція комітету - відхилити дану правку.
ParlaMint-UA_2019-11-15-m0.u215.p1.sent1	Ставлю на голосуванню правку номер 303, народного депутата Осадчука.
ParlaMint-UA_2019-11-15-m0.u215.p1.sent2	Комітет її не підтримав.
ParlaMint-UA_2019-11-15-m0.u215.p1.sent3	Прошу визначатись та голосувати.
ParlaMint-UA_2019-11-15-m0.u215.p2.sent1	За-84
ParlaMint-UA_2019-11-15-m0.u215.p3.sent1	За – 84.
ParlaMint-UA_2019-11-15-m0.u215.p3.sent2	Рішення не прийнято.
ParlaMint-UA_2019-11-15-m0.u215.p4.sent1	Тарас Іванович Батенко.
ParlaMint-UA_2019-11-15-m0.u216.p1.sent1	Я розумію ініціаторів закону, які експериментально хочуть прибрати колегіальний принцип формування Державного бюро розслідувань.
ParlaMint-UA_2019-11-15-m0.u216.p1.sent2	О’кей, ми можемо десь з цим погодитись, розуміючи, як нам тяжко звільняти чиновників, але не такого рівня, як голова ДБР, а чиновників в багатьох міністерствах і відомствах.
ParlaMint-UA_2019-11-15-m0.u216.p2.sent1	Але я настоюю на правці 82, яка передбачає, за аналогією із Законом про НАБУ, де визначено, що Верховна Рада України вступає ініціатором питання звільнення Директора ДБР у низці випадків такого звільнення.
ParlaMint-UA_2019-11-15-m0.u216.p2.sent2	Давайте ми збережемо принцип і впливи Верховної Ради України як ініціатора питання звільнення голови ДБР.
ParlaMint-UA_2019-11-15-m0.u216.p3.sent1	Прошу поставити це питання на голосування.
ParlaMint-UA_2019-11-15-m0.u217.p1.sent1	А який номер правки?
ParlaMint-UA_2019-11-15-m0.u218.p1.sent1	Номер правки - 82-а, так, Тарас Іванович?
ParlaMint-UA_2019-11-15-m0.u218.p1.sent2	82-а.
ParlaMint-UA_2019-11-15-m0.u218.p2.sent1	Позиція комітету.
ParlaMint-UA_2019-11-15-m0.u219.p1.sent1	Комітет визначив, що може.
ParlaMint-UA_2019-11-15-m0.u219.p1.sent2	В даному плані пропонується процедура звільнення Верховною Радою України.
ParlaMint-UA_2019-11-15-m0.u219.p1.sent3	Комітет же запропонував пропозицію, що директор звітує і Верховна Рада може визнати цей звіт незадовільним, що є підставою для подальшого звільнення такого директора.
ParlaMint-UA_2019-11-15-m0.u219.p1.sent4	Тому контрольна функція Верховної Ради тут однозначно посилена.
ParlaMint-UA_2019-11-15-m0.u220.p1.sent1	Дякую.
ParlaMint-UA_2019-11-15-m0.u220.p2.sent1	Наполягаєте на голосуванні?
ParlaMint-UA_2019-11-15-m0.u220.p3.sent1	Шановні колеги, ставлю на голосування правку номер 82 народного депутата Батенка.
ParlaMint-UA_2019-11-15-m0.u220.p3.sent2	Комітет її не підтримав.
ParlaMint-UA_2019-11-15-m0.u220.p3.sent3	Прошу визначатись та голосувати.
ParlaMint-UA_2019-11-15-m0.u220.p4.sent1	За-78
ParlaMint-UA_2019-11-15-m0.u220.p5.sent1	Рішення не прийнято.
ParlaMint-UA_2019-11-15-m0.u220.p5.sent2	Правка не врахована.
ParlaMint-UA_2019-11-15-m0.u220.p6.sent1	Цимбалюк Михайло Михайлович.
ParlaMint-UA_2019-11-15-m0.u221.p1.sent1	Шановний пане Голово, шановний доповідачу, я хотів би попросити Голову Верховної Ради дати три хвилини, я скажу по всіх поправках і не буду настоювати на голосуванні, якщо можна.
ParlaMint-UA_2019-11-15-m0.u221.p1.sent2	Шановний пане Голово Верховної Ради, я прошу дати мені три хвилини по всіх правках, і я тоді не буду настоювати.
ParlaMint-UA_2019-11-15-m0.u222.p1.sent1	Добре, добавте 2 хвилини, будь ласка.
ParlaMint-UA_2019-11-15-m0.u223.p1.sent1	Дякую.
ParlaMint-UA_2019-11-15-m0.u223.p2.sent1	Михайло Цимбалюк, фракція "Батьківщина".
ParlaMint-UA_2019-11-15-m0.u223.p2.sent2	Шановні колеги, коли ми побачили проект цього Закону про Державне бюро розслідувань в редакції, який запропонував Президент, ми справді думали, що до другого читання цей законопроект буде більш удосконалений і він створить умови, щоб цей орган, тоді ще центральний орган виконавчої влади, а зараз вже правоохоронний орган, працював ефективно.
ParlaMint-UA_2019-11-15-m0.u223.p2.sent3	Що відбулося?
ParlaMint-UA_2019-11-15-m0.u223.p2.sent4	У процесі доопрацювання до другого читання це став взагалі інший проект закону.
ParlaMint-UA_2019-11-15-m0.u223.p2.sent5	Я хотів би, до речі, щоб сьогодні надали слово депутату Верховної Ради, діючому голові ДБР пану Роману Трубі, щоб він висловився в цьому плані
ParlaMint-UA_2019-11-15-m0.u223.p3.sent1	Я хотів би зосередитися на декількох речах.
ParlaMint-UA_2019-11-15-m0.u223.p3.sent2	Коли голова комітету каже, що це востаннє, коли ми будемо створювати центральний орган виконавчої влади, а потім перетворювати у правоохоронні, то ми маємо аналогічний документ про створення Державного бюро фінансових розслідувань, який пропонується як центральний орган виконавчої влади.
ParlaMint-UA_2019-11-15-m0.u223.p4.sent1	Тепер по суті.
ParlaMint-UA_2019-11-15-m0.u223.p4.sent2	Ми справді викидаємо чи виключаємо Верховну Раду з процесу контролю за діяльністю Державного бюро розслідувань.
ParlaMint-UA_2019-11-15-m0.u223.p4.sent3	В теперішній редакції це центральний, це, вірніше, орган правоохоронний, який безпосередньо підпорядкований Президенту держави, і надається право керівнику Державного бюро розслідувань повністю призначати заступників, самостійно створювати на свою думку чи на думку тих, хто йому запропонує, територіальні органи Державного бюро розслідувань, спільно з Кабінетом Міністрів розробляти штатний розпис і повністю керувати ним практично безконтрольно.
ParlaMint-UA_2019-11-15-m0.u223.p5.sent1	Через те ми вважаємо, і генерал Кожем’якін, який в попередньому скликанні був головою Комітету з правоохоронної діяльності, що це неприпустимо.
ParlaMint-UA_2019-11-15-m0.u223.p5.sent2	Тим більше, ми знаємо позицію європейських структур і Венеційської комісії з прав людини, що вони попередню редакцію схвалили.
ParlaMint-UA_2019-11-15-m0.u223.p5.sent3	Ми за такий проект закону в другому читанні і в цілому голосувати не будемо.
ParlaMint-UA_2019-11-15-m0.u223.p6.sent1	Дякую.
ParlaMint-UA_2019-11-15-m0.u224.p1.sent1	Дякую.
ParlaMint-UA_2019-11-15-m0.u224.p2.sent1	Хто ще бажає виступити по своїм.
ParlaMint-UA_2019-11-15-m0.u224.p2.sent2	Тарас Іванович Батенко.
ParlaMint-UA_2019-11-15-m0.u224.p2.sent3	Яка правка?
ParlaMint-UA_2019-11-15-m0.u225.p1.sent1	Правка номер 106.
ParlaMint-UA_2019-11-15-m0.u225.p1.sent2	Шановні друзі, ми все-таки, я звертаюсь до парламентарів, щоб ми не допускали надмірного звуження можливостей впливу на процес не тільки звільнення - а ми вже фактично звузили звільнення голови ДБР, - але і призначення голови ДБР при можливості впливу Верховної Ради на цей процес.
ParlaMint-UA_2019-11-15-m0.u225.p2.sent1	Тому пропонується надати можливість Верховній Раді України брати участь в питанні призначення Директора ДБР в межах в її конституційних повноважень шляхом прийняття закону України про процедуру призначення.
ParlaMint-UA_2019-11-15-m0.u225.p3.sent1	Я прошу врахувати цю поправку і проголосувати за неї.
ParlaMint-UA_2019-11-15-m0.u226.p1.sent1	Позиція комітету?
ParlaMint-UA_2019-11-15-m0.u227.p1.sent1	Закон передбачає процедуру призначення в своєму змісті, тому вона відхилена комітетом.
ParlaMint-UA_2019-11-15-m0.u227.p2.sent1	Дякую.
ParlaMint-UA_2019-11-15-m0.u228.p1.sent1	Дякую.
ParlaMint-UA_2019-11-15-m0.u228.p2.sent1	Ставлю на голосування правку 106 народного депутата Батенка, комітет її не врахував, не підтримав.
ParlaMint-UA_2019-11-15-m0.u228.p2.sent2	Прошу визначатись та голосувати.
ParlaMint-UA_2019-11-15-m0.u228.p3.sent1	За-81
ParlaMint-UA_2019-11-15-m0.u228.p4.sent1	81.
ParlaMint-UA_2019-11-15-m0.u228.p4.sent2	Рішення не прийнято.
ParlaMint-UA_2019-11-15-m0.u228.p5.sent1	Тарас Іванович Батенко.
ParlaMint-UA_2019-11-15-m0.u229.p1.sent1	Шановні колеги, услід за тим, як ми прибираємо колегіальний принцип і можливості впливу Верховної Ради України.
ParlaMint-UA_2019-11-15-m0.u230.p1.sent1	Яка правка, скажіть, будь ласка?
ParlaMint-UA_2019-11-15-m0.u231.p1.sent1	Правка номер 116.
ParlaMint-UA_2019-11-15-m0.u231.p1.sent2	Дана правка покликана не виводити ДБР з-під контролю Кабінету Міністрів України як вищого виконавчого органу в структурі органів влади.
ParlaMint-UA_2019-11-15-m0.u231.p2.sent1	Просимо забезпечити можливість впливу Кабінету Міністрів на ДБР.
ParlaMint-UA_2019-11-15-m0.u231.p2.sent2	Прошу її поставити на голосування.
ParlaMint-UA_2019-11-15-m0.u232.p1.sent1	Шановні колеги!
ParlaMint-UA_2019-11-15-m0.u232.p1.sent2	Позиція комітету.
ParlaMint-UA_2019-11-15-m0.u233.p1.sent1	Позиція комітету, що ДБР має бути віднесено до державного правоохоронного органу, і це було в зауваженнях юруправління 5 років тому, коли приймався закон.
ParlaMint-UA_2019-11-15-m0.u233.p1.sent2	Тому ми до цього рухаємося.
ParlaMint-UA_2019-11-15-m0.u233.p2.sent1	Дякую вам.
ParlaMint-UA_2019-11-15-m0.u234.p1.sent1	Дякую.
ParlaMint-UA_2019-11-15-m0.u234.p2.sent1	Ставлю на голосування правку номер 116 народного депутата Батенка.
ParlaMint-UA_2019-11-15-m0.u234.p2.sent2	Комітет її не підтримав.
ParlaMint-UA_2019-11-15-m0.u234.p2.sent3	Прошу визначатись та голосувати.
ParlaMint-UA_2019-11-15-m0.u234.p3.sent1	За-81
ParlaMint-UA_2019-11-15-m0.u234.p4.sent1	Рішення не прийнято.
ParlaMint-UA_2019-11-15-m0.u234.p5.sent1	Наступна правка.
ParlaMint-UA_2019-11-15-m0.u234.p5.sent2	Тарас Іванович Батенко.
ParlaMint-UA_2019-11-15-m0.u235.p1.sent1	Шановні друзі, я, розуміючи те, що ми все-таки хочемо тут приймати закони не під конкретну більшість і не під конкретну особу, а ми хочемо прагнути все-таки будувати все ж таки демократичну правову державу, я прошу поставити на підтвердження правку номер 320.
ParlaMint-UA_2019-11-15-m0.u235.p2.sent1	Дмитре Олександровичу, прошу поставити правку 320 на підтвердження.
ParlaMint-UA_2019-11-15-m0.u235.p3.sent1	Дякую.
ParlaMint-UA_2019-11-15-m0.u236.p1.sent1	Ще раз, Тарасе Івановичу, яка правка?
ParlaMint-UA_2019-11-15-m0.u237.p1.sent1	Правка номер 320 на підтвердження.
ParlaMint-UA_2019-11-15-m0.u237.p1.sent2	Дякую.
ParlaMint-UA_2019-11-15-m0.u238.p1.sent1	320?
ParlaMint-UA_2019-11-15-m0.u238.p2.sent1	Будь ласка, підготуйтеся до голосування і займіть свої місця.
ParlaMint-UA_2019-11-15-m0.u238.p3.sent1	Зараз будемо ставити правку 320.
ParlaMint-UA_2019-11-15-m0.u238.p3.sent2	І було звернення Осадчука – правка 302, поставити їх на підтвердження.
ParlaMint-UA_2019-11-15-m0.u238.p3.sent3	Я чув.
ParlaMint-UA_2019-11-15-m0.u238.p3.sent4	Я повторюю, була пропозиція Батенка Тараса Івановича поставити на підтвердження правку 320 і Осадчук Андрій Петрович просив на підтвердження поставити правку 302.
ParlaMint-UA_2019-11-15-m0.u238.p3.sent5	Правильно я розумію?
ParlaMint-UA_2019-11-15-m0.u238.p3.sent6	Да?
ParlaMint-UA_2019-11-15-m0.u238.p3.sent7	Вже ні?
ParlaMint-UA_2019-11-15-m0.u238.p3.sent8	Да.
ParlaMint-UA_2019-11-15-m0.u238.p3.sent9	Добре.
ParlaMint-UA_2019-11-15-m0.u238.p4.sent1	Будь ласка, підготуйтесь до голосування.
ParlaMint-UA_2019-11-15-m0.u238.p4.sent2	Позиція комітету.
ParlaMint-UA_2019-11-15-m0.u239.p1.sent1	Ця правка стосується принципового питання про перезавантаження керівництва ДБР.
ParlaMint-UA_2019-11-15-m0.u239.p1.sent2	У зв’язку з тим, що змінився суттєво обсяг повноважень Директора Державного бюро розслідувань і змінився статус органу, вважаємо, що в даному випадку потрібно, щоби конкурсна комісія обрала нового Директора ДБР.
ParlaMint-UA_2019-11-15-m0.u240.p1.sent1	Дякую.
ParlaMint-UA_2019-11-15-m0.u240.p2.sent1	Шановні колеги, будь ласка, підготуйтесь до голосування.
ParlaMint-UA_2019-11-15-m0.u240.p3.sent1	Позиція комітету щодо 320 правки.
ParlaMint-UA_2019-11-15-m0.u241.p1.sent1	Підтримати.
ParlaMint-UA_2019-11-15-m0.u242.p1.sent1	Підтримати.
ParlaMint-UA_2019-11-15-m0.u242.p2.sent1	Шановні колеги, ставлю на голосування правку 320, вона була врахована комітетом.
ParlaMint-UA_2019-11-15-m0.u242.p2.sent2	Шановні колеги, готові голосувати?
ParlaMint-UA_2019-11-15-m0.u242.p2.sent3	Прошу підтримати та проголосувати, правка 320.
ParlaMint-UA_2019-11-15-m0.u242.p3.sent1	За-259
ParlaMint-UA_2019-11-15-m0.u242.p4.sent1	Правка врахована.
ParlaMint-UA_2019-11-15-m0.u242.p5.sent1	Правка 302.
ParlaMint-UA_2019-11-15-m0.u242.p6.sent1	По фракціям покажіть.
ParlaMint-UA_2019-11-15-m0.u242.p6.sent2	"Слуга народу" - 209, "Європейська солідарність" – 20, "Голос" – 18, позафракційні – 12.
ParlaMint-UA_2019-11-15-m0.u242.p7.sent1	Шановні колеги, правка 302.
ParlaMint-UA_2019-11-15-m0.u242.p7.sent2	Ставлю на голосування правку.
ParlaMint-UA_2019-11-15-m0.u242.p7.sent3	позиція комітету.
ParlaMint-UA_2019-11-15-m0.u242.p7.sent4	Будь ласка, підготуйтесь до голосування щодо 302 правки.
ParlaMint-UA_2019-11-15-m0.u243.p1.sent1	Її потрібно підтримати, оскільки в іншому випадку.
ParlaMint-UA_2019-11-15-m0.u243.p1.sent2	ми вже не підтримали правку пана Осадчука 303, в зв’язку із цим потрібно її підтримати.
ParlaMint-UA_2019-11-15-m0.u244.p1.sent1	Шановні колеги, ставлю на підтвердження правку 302.
ParlaMint-UA_2019-11-15-m0.u244.p2.sent1	Осадчук Андрій Петрович.
ParlaMint-UA_2019-11-15-m0.u245.p1.sent1	Ще раз, колеги, я пояснював перед цим.
ParlaMint-UA_2019-11-15-m0.u245.p1.sent2	Ми зараз деградуємо всю логіку моделі створення і існування ДБР.
ParlaMint-UA_2019-11-15-m0.u245.p1.sent3	Замість спеціалістів в області права, ми хочемо набирати бувших військових, бувших поліцейських, звільнених поліцейських, кого завгодно.
ParlaMint-UA_2019-11-15-m0.u245.p2.sent1	Тому, якщо ви не підтримали мою правку, я пропоную хоча б не підтримувати правку, яка зараз ухвалена, і тоді ми, як мінімум, приберемо бувших військових, яких ми зараз хочемо брати, і залишимо бувших поліцейських, як це зараз вже написано в першому читанні.
ParlaMint-UA_2019-11-15-m0.u245.p2.sent2	Тому я вважаю абсолютно критично зараз не підтримати, не підтвердити правку 302.
ParlaMint-UA_2019-11-15-m0.u245.p3.sent1	Дякую.
ParlaMint-UA_2019-11-15-m0.u246.p1.sent1	Шановні колеги, ставлю на підтвердження правку 302.
ParlaMint-UA_2019-11-15-m0.u246.p1.sent2	Комітет її підтримав і звертається з пропозицією підтримати.
ParlaMint-UA_2019-11-15-m0.u246.p1.sent3	Правильно я розумію?
ParlaMint-UA_2019-11-15-m0.u246.p1.sent4	Шановні колеги, ставлю на підтвердження правку 302.
ParlaMint-UA_2019-11-15-m0.u246.p1.sent5	Прошу підтримати та проголосувати.
ParlaMint-UA_2019-11-15-m0.u246.p2.sent1	За-256
ParlaMint-UA_2019-11-15-m0.u246.p3.sent1	Рішення прийнято, правка врахована.
ParlaMint-UA_2019-11-15-m0.u246.p4.sent1	Шановні колеги, на яких ще правках ви наполягати будете?
ParlaMint-UA_2019-11-15-m0.u246.p5.sent1	Григорій Мамка.
ParlaMint-UA_2019-11-15-m0.u246.p5.sent2	Яка правка?
ParlaMint-UA_2019-11-15-m0.u246.p5.sent3	Мікрофон, будь ласка.
ParlaMint-UA_2019-11-15-m0.u247.p1.sent1	Я буду наполягати на всіх правках своїх, і буду просити, щоб проголосували.
ParlaMint-UA_2019-11-15-m0.u247.p1.sent2	Чому?
ParlaMint-UA_2019-11-15-m0.u247.p1.sent3	Тому що на даний час, може, народним депутатам у зв’язку з турборежимом немає часу звернути на ті документи, які секретаріат роздає, а керівник комітету про це не каже.
ParlaMint-UA_2019-11-15-m0.u247.p1.sent4	Хочу звернути увагу на правку номер 6, де сказано, що державним правоохоронним органом, на який покладається завдання щодо запобігання, виявлення, припинення, розкриття злочинів.
ParlaMint-UA_2019-11-15-m0.u247.p1.sent5	Хочу сказати про те, що за даним законом повний конфлікт інтересів з Конституцією України.
ParlaMint-UA_2019-11-15-m0.u247.p2.sent1	Також стаття 116.
ParlaMint-UA_2019-11-15-m0.u247.p2.sent2	Зауваження всім роздало юридичне управління про те, що дана норма прямо конфліктує зі статтею 116 Конституції, також пунктом 7 і пунктом 9 зі значком 1.
ParlaMint-UA_2019-11-15-m0.u247.p2.sent3	Без змін до Конституції України даний законопроект буде мертвим.
ParlaMint-UA_2019-11-15-m0.u247.p2.sent4	Ми тільки.
ParlaMint-UA_2019-11-15-m0.u248.p1.sent1	10 секунд, дайте завершити.
ParlaMint-UA_2019-11-15-m0.u249.p1.sent1	Хочу звернути увагу, що ми робимо також правоохоронний орган, який буде напряму підпорядкований Президенту України.
ParlaMint-UA_2019-11-15-m0.u249.p1.sent2	Президент України.
ParlaMint-UA_2019-11-15-m0.u250.p1.sent1	Дякую.
ParlaMint-UA_2019-11-15-m0.u250.p2.sent1	На яких ще правках наполягають народні депутати?
ParlaMint-UA_2019-11-15-m0.u250.p2.sent2	А?
ParlaMint-UA_2019-11-15-m0.u250.p2.sent3	Ще раз, я не почув.
ParlaMint-UA_2019-11-15-m0.u250.p2.sent4	Включіть, будь ласка, мікрофон Мамці.
ParlaMint-UA_2019-11-15-m0.u251.p1.sent1	Поставте спочатку 6-у на підтвердження.
ParlaMint-UA_2019-11-15-m0.u252.p1.sent1	Ще раз номер.
ParlaMint-UA_2019-11-15-m0.u252.p1.sent2	Ви.
ParlaMint-UA_2019-11-15-m0.u253.p1.sent1	6 правка - на підтвердження.
ParlaMint-UA_2019-11-15-m0.u254.p1.sent1	6 правка на підтвердження.
ParlaMint-UA_2019-11-15-m0.u254.p1.sent2	Прошу зайняти свої місця.
ParlaMint-UA_2019-11-15-m0.u254.p1.sent3	Ви - автор правки?
ParlaMint-UA_2019-11-15-m0.u254.p2.sent1	Включіть, будь ласка, мікрофон.
ParlaMint-UA_2019-11-15-m0.u255.p1.sent1	Дякую.
ParlaMint-UA_2019-11-15-m0.u255.p1.sent2	Я не наполягаю на правці, я не розумію, хто надав мені слово.
ParlaMint-UA_2019-11-15-m0.u255.p1.sent3	Дякую.
ParlaMint-UA_2019-11-15-m0.u256.p1.sent1	Горбенко Руслан.
ParlaMint-UA_2019-11-15-m0.u256.p1.sent2	А чого був Пузійчук?
ParlaMint-UA_2019-11-15-m0.u256.p1.sent3	Горбенку Руслану включіть, будь ласка, мікрофон.
ParlaMint-UA_2019-11-15-m0.u257.p1.sent1	Доброго дня, колеги.
ParlaMint-UA_2019-11-15-m0.u257.p1.sent2	Я прошу проголосувати за 93 правку.
ParlaMint-UA_2019-11-15-m0.u258.p1.sent1	Шановні колеги, у нас 15:00 - питання "Різного".
ParlaMint-UA_2019-11-15-m0.u258.p1.sent2	Нам чомусь, ну, мені чомусь здається, що важливіше закони, ніж поговорити.
ParlaMint-UA_2019-11-15-m0.u258.p1.sent3	Але є, да, ми голосували.
ParlaMint-UA_2019-11-15-m0.u258.p1.sent4	Можуть бути і інші пропозиції.
ParlaMint-UA_2019-11-15-m0.u258.p1.sent5	Слухаю.
ParlaMint-UA_2019-11-15-m0.u258.p1.sent6	Давайте кожну фракцію послухаємо.
ParlaMint-UA_2019-11-15-m0.u258.p2.sent1	Янченко Галина Ігорівна, фракція "Слуга народу".
ParlaMint-UA_2019-11-15-m0.u258.p2.sent2	Включіть, будь ласка, мікрофон.
ParlaMint-UA_2019-11-15-m0.u259.p1.sent1	Колеги, оскільки ми почали розглядати цей законопроект і розглянули вже половину правок, є пропозиція продовжити розгляд законопроекту і далі також розглянути "Різне".
ParlaMint-UA_2019-11-15-m0.u259.p1.sent2	Прошу поставити головуючого це питання на голосування – про продовження розгляду цього законопроекту, він надзвичайно важливий.
ParlaMint-UA_2019-11-15-m0.u260.p1.sent1	Нестор Іванович Шуфрич.
ParlaMint-UA_2019-11-15-m0.u261.p1.sent1	Колеги, ми з повагою поставились до всіх рішень, які ми сьогодні прийняли.
ParlaMint-UA_2019-11-15-m0.u261.p1.sent2	Ці рішення були остаточні.
ParlaMint-UA_2019-11-15-m0.u261.p1.sent3	Ми маємо поважати, в першу чергу, самих себе.
ParlaMint-UA_2019-11-15-m0.u261.p1.sent4	Я, чесно кажучи, ще зранку був здивований, чому ми не підтримуємо запити до Президента своїх колег.
ParlaMint-UA_2019-11-15-m0.u261.p1.sent5	Але в цьому питанні ми визначились чітко: не знаючи, який законопроект буде розглядатись, ми проголосували за те, що працюємо до 15:00 і надаємо нашим колегам можливість виступити з 15:00 до 16:00.
ParlaMint-UA_2019-11-15-m0.u261.p1.sent6	Ми зараз втручаємось в роботу наших колег, позбавляємо їх права виступити.
ParlaMint-UA_2019-11-15-m0.u261.p2.sent1	І хочу ще раз сказати, що встановлені терміни, ми вже визначились.
ParlaMint-UA_2019-11-15-m0.u261.p2.sent2	І зараз ми не маємо права змінювати режим роботи сьогодні.
ParlaMint-UA_2019-11-15-m0.u261.p2.sent3	Час на прийняття рішень вичерпано.
ParlaMint-UA_2019-11-15-m0.u261.p2.sent4	Ми не можемо вносити зміни на зміни.
ParlaMint-UA_2019-11-15-m0.u261.p2.sent5	Прошу поважати самих себе і Верховну Раду в цілому і виконати власне ж рішення.
ParlaMint-UA_2019-11-15-m0.u261.p3.sent1	Дякую за увагу.
ParlaMint-UA_2019-11-15-m0.u262.p1.sent1	Це рішення Верховної Ради, я ж.
ParlaMint-UA_2019-11-15-m0.u263.p1.sent1	А закон не причому.
ParlaMint-UA_2019-11-15-m0.u264.p1.sent1	Ірина Володимирівна Геращенко.
ParlaMint-UA_2019-11-15-m0.u265.p1.sent1	Шановні колеги, очевидно, що зараз ми розглядаємо надзвичайно важливий закон.
ParlaMint-UA_2019-11-15-m0.u265.p1.sent2	Наша фракція так само підготувала до нього низку поправок.
ParlaMint-UA_2019-11-15-m0.u265.p1.sent3	І ми хочемо, щоб вони були озвучені.
ParlaMint-UA_2019-11-15-m0.u265.p1.sent4	І практика дня така, що коли не розглянуті всі поправки до закону, його розгляд переноситься, ці поправки, на наступний сесійний день.
ParlaMint-UA_2019-11-15-m0.u265.p1.sent5	Тому буде зараз саме так.
ParlaMint-UA_2019-11-15-m0.u265.p1.sent6	Зараз рубрика "Різне".
ParlaMint-UA_2019-11-15-m0.u265.p1.sent7	Я хочу нагадати, що саме ви, "слуги", поставили без порядку денного, цього ж не було, ТСК по футболу, хоча за цей час можна було розглянути Закон про ДБР.
ParlaMint-UA_2019-11-15-m0.u265.p1.sent8	Ваш турборежим, ви знаєте, він уже і вас ввів в якийсь просто хаос і маячню.
ParlaMint-UA_2019-11-15-m0.u265.p2.sent1	І також ми зрозуміли, чому сьогодні не зареєстровано нашого колегу В’ятровича.
ParlaMint-UA_2019-11-15-m0.u265.p2.sent2	Тільки що касаційний суд оскаржив рішення ЦВК.
ParlaMint-UA_2019-11-15-m0.u265.p2.sent3	І ви, пане Разумков, підіграли цим ігрищам насправді.
ParlaMint-UA_2019-11-15-m0.u265.p2.sent4	Ми висловлюємо наше обурення тим, що сьогодні наш колега Разумков не був вами приведений до присяги і ви зараз намагаєтеся опозицію позбавити.
ParlaMint-UA_2019-11-15-m0.u266.p1.sent1	Я, по-перше, хотів би нагадати, що саме ваша фракція брала 30-хвилинну перерву, і саме тому ми зараз не встигаємо розглянути цей законопроект.
ParlaMint-UA_2019-11-15-m0.u266.p2.sent1	Щодо другого.
ParlaMint-UA_2019-11-15-m0.u266.p2.sent2	Дві фракції, дві фракції, да, погоджуюсь, але одна з них була ваша.
ParlaMint-UA_2019-11-15-m0.u266.p3.sent1	Щодо іншого питання.
ParlaMint-UA_2019-11-15-m0.u266.p3.sent2	Насправді я від вас це дізнаюсь, щодо того, що якесь є рішення суду.
ParlaMint-UA_2019-11-15-m0.u267.p1.sent1	Ні, я не згадав фракцію, я сказав, що ваша фракція.
ParlaMint-UA_2019-11-15-m0.u267.p1.sent2	Я не згадав.
ParlaMint-UA_2019-11-15-m0.u267.p2.sent1	"Голос".
ParlaMint-UA_2019-11-15-m0.u267.p2.sent2	Хто від "Голосу"?
ParlaMint-UA_2019-11-15-m0.u267.p2.sent3	Юрчишин Ярослав Романович.
ParlaMint-UA_2019-11-15-m0.u268.p1.sent1	Насправді ми зараз у колізії Регламенту, тому що Регламент не дозволяє переходити до іншого питання, коли попереднє не закінчене.
ParlaMint-UA_2019-11-15-m0.u268.p1.sent2	Тому ми підтримуємо пропозицію колег зі "Слуги народу" завершити це питання і перейти до іншого питання "Різне".
ParlaMint-UA_2019-11-15-m0.u269.p1.sent1	Дякую.
ParlaMint-UA_2019-11-15-m0.u269.p2.sent1	Шановні колеги, у нас є дві пропозиції.
ParlaMint-UA_2019-11-15-m0.u269.p2.sent2	Перша пропозиція – продовжити розгляд питання.
ParlaMint-UA_2019-11-15-m0.u269.p2.sent3	Це процедурне питання, і ми можемо його зараз розглянути, проголосувавши, або перейти до "Різного".
ParlaMint-UA_2019-11-15-m0.u269.p2.sent4	Я думаю, що треба поставити це на голосування на розгляд залу.
ParlaMint-UA_2019-11-15-m0.u269.p2.sent5	Рішення Верховної Ради буде - і визначимось, що нам робити далі: або займатися "Різним", або приймати все ж таки закони.
ParlaMint-UA_2019-11-15-m0.u269.p3.sent1	Будь ласка, підготуйтесь до голосування.
ParlaMint-UA_2019-11-15-m0.u269.p4.sent1	Дмитро Валерійович Лубінець.
ParlaMint-UA_2019-11-15-m0.u269.p4.sent2	І після цього голосуємо.
ParlaMint-UA_2019-11-15-m0.u269.p4.sent3	З мотивів.
ParlaMint-UA_2019-11-15-m0.u269.p4.sent4	Включіть, будь ласка, мікрофон.
ParlaMint-UA_2019-11-15-m0.u270.p1.sent1	У нас уже традиція: я виступаю, а після цього голосування.
ParlaMint-UA_2019-11-15-m0.u270.p1.sent2	Але, шановні колеги.
ParlaMint-UA_2019-11-15-m0.u271.p1.sent1	І бачите, як результативно?
ParlaMint-UA_2019-11-15-m0.u272.p1.sent1	Дмитро Олександрович, я попросив би вас не називати розділ "Різне" такими словами, що таке враження, що народні депутати тут при розгляді "Різне" займаються незрозуміло чим.
ParlaMint-UA_2019-11-15-m0.u272.p1.sent2	Всі народні депутати мають право скористатись, вийти на трибуну, це прямо прописано в Законі про Регламент.
ParlaMint-UA_2019-11-15-m0.u272.p1.sent3	Це перше.
ParlaMint-UA_2019-11-15-m0.u272.p2.sent1	Друге.
ParlaMint-UA_2019-11-15-m0.u272.p2.sent2	Не займайтесь маніпуляціями, що на наступному тижні народні депутати поїдуть в округи, там займайтесь "Різними".
ParlaMint-UA_2019-11-15-m0.u272.p2.sent3	Там теж мажоритарники будуть їхати і займатись.
ParlaMint-UA_2019-11-15-m0.u272.p2.sent4	Ми самі проголосували про те, щоб з 15 години почати розгляд, перейти в питання "Різного".
ParlaMint-UA_2019-11-15-m0.u272.p2.sent5	Дайте можливість нам скористатись своїм правом виступити з трибуни Верховної Ради.
ParlaMint-UA_2019-11-15-m0.u272.p3.sent1	На даний час ви обмежуєте наше конституційне право, користуючись своїми повноваженнями, абсолютно незаконно.
ParlaMint-UA_2019-11-15-m0.u272.p3.sent2	Тому звертаю вашу.
ParlaMint-UA_2019-11-15-m0.u273.p1.sent1	Перерва не оголошується під час розгляду питання.
ParlaMint-UA_2019-11-15-m0.u273.p1.sent2	Нестор Іванович, ви ж досвідчений народний депутат.
ParlaMint-UA_2019-11-15-m0.u273.p1.sent3	Після розгляду ми обов’язково оголосимо перерву.
ParlaMint-UA_2019-11-15-m0.u273.p2.sent1	Я розумію.
ParlaMint-UA_2019-11-15-m0.u273.p2.sent2	Я не чую.
ParlaMint-UA_2019-11-15-m0.u273.p2.sent3	Кого?
ParlaMint-UA_2019-11-15-m0.u273.p2.sent4	Я розумію, ну, це ваше право.
ParlaMint-UA_2019-11-15-m0.u273.p2.sent5	Це право народних депутатів.
ParlaMint-UA_2019-11-15-m0.u273.p3.sent1	Сергій Владиславович Власенко.
ParlaMint-UA_2019-11-15-m0.u273.p4.sent1	Соболєв.
ParlaMint-UA_2019-11-15-m0.u273.p4.sent2	Вибачте, Сергій Владиславович Соболєв.
ParlaMint-UA_2019-11-15-m0.u274.p1.sent1	Шановні колеги, всі чудово розуміють, чому це відбувається.
ParlaMint-UA_2019-11-15-m0.u274.p1.sent2	Є рішення Європейської комісії, завдяки якій нам надавали відповідний статус безвізової країни, завдяки чому ми підписували Угоду про асоціацію, де чітко було визначено, що призначення голови ДБР відбувається на конкурсних засадах.
ParlaMint-UA_2019-11-15-m0.u274.p2.sent1	Те, що ви робите цим законом, ви змінюєте редакцію першої частини, де ви пропонуєте Президенту одноосібно призначати таку особу.
ParlaMint-UA_2019-11-15-m0.u274.p2.sent2	Ви думаєте, що ви робите?
ParlaMint-UA_2019-11-15-m0.u274.p2.sent3	Читайте 320 поправку.
ParlaMint-UA_2019-11-15-m0.u274.p2.sent4	У вас совість є це робити?
ParlaMint-UA_2019-11-15-m0.u274.p2.sent5	Є чіткі зобов’язання, які взяла держава.
ParlaMint-UA_2019-11-15-m0.u274.p2.sent6	Викиньте цю 320 статтю.
ParlaMint-UA_2019-11-15-m0.u274.p2.sent7	Проводьте конкурс, якщо вам хтось не подобається.
ParlaMint-UA_2019-11-15-m0.u274.p2.sent8	Президент не має права.
ParlaMint-UA_2019-11-15-m0.u274.p2.sent9	Читайте Конституцію.
ParlaMint-UA_2019-11-15-m0.u274.p2.sent10	В Конституції записано.
ParlaMint-UA_2019-11-15-m0.u275.p1.sent1	Я даю слово голові комітету.
ParlaMint-UA_2019-11-15-m0.u275.p1.sent2	І після цього перерва.
ParlaMint-UA_2019-11-15-m0.u275.p1.sent3	Але я дуже чекаю представників шановних фракцій, які так виступають за "Різне", на той проміжок часу між, я так розумію, десь без п’ятнадцяти чотири і чотири.
ParlaMint-UA_2019-11-15-m0.u275.p1.sent4	Нестор Іванович, вас особисто запрошую.
ParlaMint-UA_2019-11-15-m0.u275.p1.sent5	Дякую.
ParlaMint-UA_2019-11-15-m0.u276.p1.sent1	Згідно чинної статті Закону про ДБР і згідно тої пропозиції, яку подав комітет, Директора ДБР обирає конкурсна комісія у складі дев’яти осіб: три представника Президента, три представника Верховної Ради України і три представника Кабінету Міністрів України.
ParlaMint-UA_2019-11-15-m0.u276.p1.sent2	І вже після цього рішення його на посаду призначає Президент.
ParlaMint-UA_2019-11-15-m0.u276.p1.sent3	Будь ласка, давайте коректно читати норму закону.
ParlaMint-UA_2019-11-15-m0.u276.p2.sent1	Дякую.
ParlaMint-UA_2019-11-15-m0.u277.p1.sent1	Шановні колеги, оголошується перерва на прохання двох фракцій на 30 хвилин.
ParlaMint-UA_2019-11-15-m0.u277.p1.sent2	Чекаю всіх народних депутатів після перерви в залі.
ParlaMint-UA_2019-11-15-m0.u278.p1.sent1	Шановні колеги, продовжуємо ранкове засідання Верховної Ради України.
ParlaMint-UA_2019-11-15-m0.u278.p2.sent1	Бачите, в Раді відбуваються дивні речі: Нестор Іванович Шуфрич перейшов до фракції "Слуга народу".
ParlaMint-UA_2019-11-15-m0.u278.p2.sent2	Не до сектору, це не футбольне поле.
ParlaMint-UA_2019-11-15-m0.u278.p3.sent1	Я надаю слово Руслану Олексійовичу Стефанчуку щодо оголошення заяви.
ParlaMint-UA_2019-11-15-m0.u279.p1.sent1	Вельмишановні колеги, ви не повірите у нас чергова радість: відповідно до статті 60 прим.
ParlaMint-UA_2019-11-15-m0.u279.p1.sent2	Регламенту Верховної Ради повідомляю про створення у Верховній Раді України дев’ятого скликання міжфракційного депутатського об’єднання "Україна – ОАЕ: співробітництво, інвестиції, партнерство".
ParlaMint-UA_2019-11-15-m0.u279.p1.sent3	Головою цього об’єднання обрано народного депутата України Ковальова Олександра Івановича.
ParlaMint-UA_2019-11-15-m0.u280.p1.sent1	Дякую, Руслан Олексійович.
ParlaMint-UA_2019-11-15-m0.u280.p2.sent1	Шановні колеги!
ParlaMint-UA_2019-11-15-m0.u280.p2.sent2	Прошу записатись на виступи.
ParlaMint-UA_2019-11-15-m0.u280.p2.sent3	На "Різне", звісно на "Різне".
ParlaMint-UA_2019-11-15-m0.u280.p2.sent4	ДБР не можемо розглядати.
ParlaMint-UA_2019-11-15-m0.u280.p2.sent5	Але, скажіть, будь ласка, у нас є колеги, які дійсно гарно розуміються на Регламенті: ми можемо заходити в "Різне" під час розгляду питання по суті в другому читанні?
ParlaMint-UA_2019-11-15-m0.u280.p3.sent1	Іван Григорович, скажіть, будь ласка.
ParlaMint-UA_2019-11-15-m0.u280.p3.sent2	Кириленко Іван Григорович.
ParlaMint-UA_2019-11-15-m0.u281.p1.sent1	Шановний пане Голово!
ParlaMint-UA_2019-11-15-m0.u281.p1.sent2	Я вам скажу, колись тут прозвучала сакраментальна фраза, я її повторю, не всім вона сподобається, вона звучить так: Верховна Рада завжди права.
ParlaMint-UA_2019-11-15-m0.u281.p1.sent3	Так прозвучало, і ви бачили, що б ми не робили, хто б що не хотів, які б норми Регламенту не були прописані, завжди будуть "за" і "проти".
ParlaMint-UA_2019-11-15-m0.u281.p1.sent4	То я цю фразу завжди згадую: Верховна Рада права.
ParlaMint-UA_2019-11-15-m0.u281.p1.sent5	Це тоді, коли більшість, реальна більшість, консолідована більшість проголосує за те чи інше рішення.
ParlaMint-UA_2019-11-15-m0.u281.p1.sent6	Бажано, щоб це проголосували консолідовано всі, представники всіх політичних сил, і тоді Верховна Рада завжди права.
ParlaMint-UA_2019-11-15-m0.u282.p1.sent1	Дякую.
ParlaMint-UA_2019-11-15-m0.u282.p2.sent1	Почекайте, щоб голосувати, треба, почекайте, ми не записались на виступи, тому що ми не розуміємо: можемо виступати чи ні?
ParlaMint-UA_2019-11-15-m0.u282.p3.sent1	Ні, почекайте, почекайте.
ParlaMint-UA_2019-11-15-m0.u282.p4.sent1	Михайло Миколайович Папієв.
ParlaMint-UA_2019-11-15-m0.u282.p4.sent2	Щодо Регламенту.
ParlaMint-UA_2019-11-15-m0.u282.p4.sent3	Скажіть, будь ласка, чи може Верховна Рада України сьогодні під час розгляду законопроекту в другому читанні по суті переходити до "Різного".
ParlaMint-UA_2019-11-15-m0.u282.p4.sent4	Чи не є тут порушення Регламенту?
ParlaMint-UA_2019-11-15-m0.u283.p1.sent1	Якщо по-чесному, то не може.
ParlaMint-UA_2019-11-15-m0.u284.p1.sent1	Не може.
ParlaMint-UA_2019-11-15-m0.u284.p2.sent1	Тобто зараз.
ParlaMint-UA_2019-11-15-m0.u284.p2.sent2	Якщо я правильно зрозумів, то ваші колеги, які зверталися до Голови Верховної Ради з пропозицією взяти перерву, а після цього перейти до "Різного", це навмисно, мабуть, зробили, як ви вважаєте?
ParlaMint-UA_2019-11-15-m0.u284.p2.sent3	Дякую.
ParlaMint-UA_2019-11-15-m0.u284.p3.sent1	Але, дійсно, ми не можемо виходити в "Різне", шановні колеги.
ParlaMint-UA_2019-11-15-m0.u284.p3.sent2	Можемо записатися на виступи.
ParlaMint-UA_2019-11-15-m0.u284.p3.sent3	Сигнальне голосування до чого?
ParlaMint-UA_2019-11-15-m0.u284.p4.sent1	З процедури.
ParlaMint-UA_2019-11-15-m0.u284.p4.sent2	Нестор Іванович Шуфрич з процедури.
ParlaMint-UA_2019-11-15-m0.u285.p1.sent1	Дякую, Дмитре Олександровичу.
ParlaMint-UA_2019-11-15-m0.u285.p2.sent1	Я вважаю, що "Різне" - це не є законопроектом.
ParlaMint-UA_2019-11-15-m0.u285.p2.sent2	Тому припинення розгляду законопроекту в зв’язку з тим, що ми вийшли з регламентного часу, не може бути підставою переходити до інших процедурних питань, які передбачені Регламентом.
ParlaMint-UA_2019-11-15-m0.u285.p2.sent3	Це перше.
ParlaMint-UA_2019-11-15-m0.u285.p3.sent1	Друге.
ParlaMint-UA_2019-11-15-m0.u285.p3.sent2	Дозвольте мені процитувати мого колегу, на жаль, його з нами вже немає, це дійсно був видатний спікер – пан Плющ, який говорив: "Верховна Рада може все, якщо не все - то майже все".
ParlaMint-UA_2019-11-15-m0.u285.p4.sent1	І третє.
ParlaMint-UA_2019-11-15-m0.u285.p4.sent2	Якщо ми знаходимося в розгляді питання закону, то запитайте, в кого є які поправки, і тоді ставте цей закон в цілому на голосування, до 16 години у нас є час.
ParlaMint-UA_2019-11-15-m0.u285.p5.sent1	Дякую.
ParlaMint-UA_2019-11-15-m0.u286.p1.sent1	Дивіться, це можливо, тому що ми зараз знаходимось в досить дивному становищі.
ParlaMint-UA_2019-11-15-m0.u286.p1.sent2	Ви правильно згадали Івана Степановича Плюща, Голову Верховної Ради України, так само, як згадував Іван Григорович його цитату.
ParlaMint-UA_2019-11-15-m0.u286.p1.sent3	Але зараз ви, перед тим як надати цю заяву щодо перерви, ви звернулися до мене як до Голови Верховної Ради, що ми не можемо далі розглядати цей законопроект, взяли перерву для того, щоб після цього перейти до "Різного".
ParlaMint-UA_2019-11-15-m0.u286.p1.sent4	Однак, як було зауважено колегами, ми не можемо переходити до "Різного", тому що ми знаходимося в рамках розгляду законопроекту по суті.
ParlaMint-UA_2019-11-15-m0.u286.p1.sent5	Неможливо це зробити, тому що деякі фракції звернулися з пропозицією, що ні в якому разі не можна відміняти "Різне".
ParlaMint-UA_2019-11-15-m0.u286.p1.sent6	Але і продовжувати роботу в рамках "Різного" теж неможливо.
ParlaMint-UA_2019-11-15-m0.u286.p1.sent7	Тому я пропоную.
ParlaMint-UA_2019-11-15-m0.u286.p2.sent1	По процедурі, Марія Миколаївна.
ParlaMint-UA_2019-11-15-m0.u286.p2.sent2	Павленко Ростислав Михайлович.
ParlaMint-UA_2019-11-15-m0.u287.p1.sent1	Дмитре Олександровичу шановний, друзі, питання просто в тому, що в парламенту є різні види діяльності: і розгляд, і прийняття законопроектів - це один вид діяльності, виступи народних депутатів, запити і все інше – це теж інші види діяльності.
ParlaMint-UA_2019-11-15-m0.u287.p1.sent2	А на "Різне" передбачено окремий час в Регламенті, і це окремий вид діяльності від розгляду питань, от і все, власне.
ParlaMint-UA_2019-11-15-m0.u287.p2.sent1	Тому ми вичерпали час на розгляд питання, змушені перенести його на два тижні.
ParlaMint-UA_2019-11-15-m0.u287.p2.sent2	А в "Різному", якщо є бажаючі виступати, можемо заслухати.
ParlaMint-UA_2019-11-15-m0.u288.p1.sent1	Я думаю, що це, ну, не зовсім можливо, оскільки не можна переривати розгляд питання іншими питаннями, які передбачені Регламентом.
ParlaMint-UA_2019-11-15-m0.u288.p1.sent2	"Різне" якраз передбачено Регламентом, тому дозволю з вами не погодитись.
ParlaMint-UA_2019-11-15-m0.u288.p2.sent1	Шановні колеги, я пропоную все ж таки завершити ранкове засідання Верховної Ради.
ParlaMint-UA_2019-11-15-m0.u288.p2.sent2	Почекайте, почекайте.
ParlaMint-UA_2019-11-15-m0.u289.p1.sent1	Друзі, я перепрошую.
ParlaMint-UA_2019-11-15-m0.u289.p1.sent2	Я знайшов ще одне оголошення.
ParlaMint-UA_2019-11-15-m0.u289.p1.sent3	Відповідно до статті 60 прим.
ParlaMint-UA_2019-11-15-m0.u289.p1.sent4	Регламенту Верховної Ради України ще одне міжфракційне депутатське об’єднання "Invest in Ukraine", головою цього об’єднання обрано народного депутата Володіну Дар’ю Артемівну.
ParlaMint-UA_2019-11-15-m0.u290.p1.sent1	Закриваємо?
ParlaMint-UA_2019-11-15-m0.u290.p2.sent1	Шановні.
ParlaMint-UA_2019-11-15-m0.u290.p2.sent2	Ми не можемо виступати.
ParlaMint-UA_2019-11-15-m0.u290.p2.sent3	Ні, виключно у випадках з мотивів я можу вам надати слово.
ParlaMint-UA_2019-11-15-m0.u290.p3.sent1	Урбанському з мотивів.
ParlaMint-UA_2019-11-15-m0.u290.p3.sent2	Урбанський звернувся з мотивів.
ParlaMint-UA_2019-11-15-m0.u290.p3.sent3	Будь ласка.
ParlaMint-UA_2019-11-15-m0.u290.p4.sent1	Лубінець Дмитро Валерійович, з мотивів.
ParlaMint-UA_2019-11-15-m0.u291.p1.sent1	Шановні колеги, по-перше.
ParlaMint-UA_2019-11-15-m0.u291.p1.sent2	Дмитро Олександрович!
ParlaMint-UA_2019-11-15-m0.u291.p1.sent3	Дмитро Олександрович!
ParlaMint-UA_2019-11-15-m0.u292.p1.sent1	Да, я слухаю вас.
ParlaMint-UA_2019-11-15-m0.u293.p1.sent1	Я тримав руку десять хвилин, ви принципово не даєте мені право висказатися з мотивів.
ParlaMint-UA_2019-11-15-m0.u293.p1.sent2	Це перше.
ParlaMint-UA_2019-11-15-m0.u293.p1.sent3	По-друге.
ParlaMint-UA_2019-11-15-m0.u294.p1.sent1	У нас перерва закінчилась пізніше.
ParlaMint-UA_2019-11-15-m0.u295.p1.sent1	Давайте не перетворювати на жарти.
ParlaMint-UA_2019-11-15-m0.u295.p1.sent2	Я розумію, що всім дуже смішно, але все це почалося з того, що ми спочатку почали міняти календарний план, як це заманеться.
ParlaMint-UA_2019-11-15-m0.u295.p1.sent3	По-друге, почали ми голосувати за продовження в порушення закону.
ParlaMint-UA_2019-11-15-m0.u295.p1.sent4	Тому давайте не перетворювати діяльність у Верховній Раді на те, що вона перетворювалась раніше.
ParlaMint-UA_2019-11-15-m0.u295.p1.sent5	Якщо ми будемо чітко дотримуватись норм Регламенту, а це: перше, як тільки закінчується розгляд законопроекту, і ви бачите, що це п’ятниця і це вже 13-а або більше, ви автоматично переходите до питання "Різного".
ParlaMint-UA_2019-11-15-m0.u295.p2.sent1	Наступне.
ParlaMint-UA_2019-11-15-m0.u295.p2.sent2	Ви не могли об’явити перерву під час розгляду законопроекту.
ParlaMint-UA_2019-11-15-m0.u295.p2.sent3	Потрібно було дочекатись, за щось проголосувати, і тільки після цього об’явити перерву.
ParlaMint-UA_2019-11-15-m0.u295.p2.sent4	Тому, коли ми будемо дотримуватись закону, у нас.
ParlaMint-UA_2019-11-15-m0.u296.p1.sent1	Тут різне.
ParlaMint-UA_2019-11-15-m0.u296.p1.sent2	Дивіться, по-перше, в нас зараз в "Різному" стільки, скільки зазвичай було у Верховній Раді в п’ятницю зранку.
ParlaMint-UA_2019-11-15-m0.u296.p1.sent3	Це така ситуація.
ParlaMint-UA_2019-11-15-m0.u296.p2.sent1	Друге.
ParlaMint-UA_2019-11-15-m0.u296.p2.sent2	Я не впевнений, що ви праві щодо порушення закону.
ParlaMint-UA_2019-11-15-m0.u296.p2.sent3	Якщо є порушення закону, ви можете звернутись і зазначити, де саме ми з вами порушили закон.
ParlaMint-UA_2019-11-15-m0.u296.p2.sent4	Тому що ви також є народним депутатом України, і Верховна Рада України приймала таке рішення.
ParlaMint-UA_2019-11-15-m0.u296.p3.sent1	Макаров.
ParlaMint-UA_2019-11-15-m0.u297.p1.sent1	Я в залі бачу зараз майже в повному складі фракцію політичної партії "Голос", бачу "Європейську солідарність", бачу "Батьківщину" і групу "За єдність".
ParlaMint-UA_2019-11-15-m0.u297.p1.sent2	Я хотів би, щоб.
ParlaMint-UA_2019-11-15-m0.u297.p1.sent3	"За майбутнє", вибачте.
ParlaMint-UA_2019-11-15-m0.u297.p1.sent4	Я хотів би, я хотів би, щоб Голова Верховної Ради повідомив, чи повноважна зараз Верховна Рада продовжувати засідання.
ParlaMint-UA_2019-11-15-m0.u297.p1.sent5	У Голови Верховної Ради видно, скільки карток в слотах знаходиться.
ParlaMint-UA_2019-11-15-m0.u297.p1.sent6	Прошу провести голосування в режимі реєстрації, таке сигнальне голосування, для того, щоб люди розуміли, скільки людей зараз знаходиться в залі, і чи повноважені ми взагалі розглядати чи питання "Різне", чи питання законопроекту.
ParlaMint-UA_2019-11-15-m0.u298.p1.sent1	Дякую, Олег Анатолійович.
ParlaMint-UA_2019-11-15-m0.u298.p2.sent1	"Різне" не передбачає реєстрації, так само, як ми не можемо реєструватися двічі на засіданні.
ParlaMint-UA_2019-11-15-m0.u298.p2.sent2	Оскільки ми зранку.
ParlaMint-UA_2019-11-15-m0.u298.p2.sent3	Я вибачаюся, я не можу провести другу реєстрацію, третю, п’яту, вона лише одна.
ParlaMint-UA_2019-11-15-m0.u298.p2.sent4	І якщо б у нас було з вами вечірнє засідання, яке б мало розпочатися через 5 хвилин, то у нас була б можливість зареєструватися.
ParlaMint-UA_2019-11-15-m0.u298.p2.sent5	Якщо ми говоримо, чи правомочна, чи не правомочна Рада зараз, то під час розгляду питань "Різного" не передбачається прийняття якихось рішень, тому і голосувати ми також не можемо за це, це і передбачено Регламентом Верховної Ради України.
ParlaMint-UA_2019-11-15-m0.u298.p3.sent1	А ми не можемо розглядати не тому, що тут багато чи мало людей в залі, а тому що ми знаходимося в не зовсім зрозумілій.
ParlaMint-UA_2019-11-15-m0.u298.p4.sent1	З місця, будь ласка, з мотивів.
ParlaMint-UA_2019-11-15-m0.u298.p4.sent2	Ви виступали з мотивів під час розгляду цього питання.
ParlaMint-UA_2019-11-15-m0.u298.p4.sent3	Марія Миколаївна, ви виступали з цього питання.
ParlaMint-UA_2019-11-15-m0.u298.p4.sent4	Бакумов Олександр Сергійович – з мотивів.
ParlaMint-UA_2019-11-15-m0.u299.p1.sent1	Шановний головуючий, шановні народні депутати України, таке оголошення і прохання.
ParlaMint-UA_2019-11-15-m0.u299.p1.sent2	Наскільки є інформація із засобів масової інформації, на Харківщині у місті Балаклея почали взриватися артилерійські склади, і є пропозиція дати доручення Комітету з питань національної безпеки і оборони зібратися і цю ситуацію дослідити.
ParlaMint-UA_2019-11-15-m0.u299.p2.sent1	Дякую.
ParlaMint-UA_2019-11-15-m0.u300.p1.sent1	Шановні колеги, я думаю, що жарти жартами, це дійсно серйозна ситуація.
ParlaMint-UA_2019-11-15-m0.u300.p1.sent2	Тому я звертаюся до народних депутатів України, представників Комітету з питань оборони зібратися та провести засідання.
ParlaMint-UA_2019-11-15-m0.u300.p2.sent1	Степан Іванович Кубів.
ParlaMint-UA_2019-11-15-m0.u301.p1.sent1	Шановний пане Голово, шановні колеги, ми роз’їжджаємося по округах.
ParlaMint-UA_2019-11-15-m0.u301.p1.sent2	Наступний тиждень, коли ми говоримо про суботу, це будуть спогади України Голодомору 1932-33 років, де було знищено мозок нації, як писав Рафаель Лемкін – автор концепції геноциду.
ParlaMint-UA_2019-11-15-m0.u301.p1.sent3	Наслідки цього злочину ми відчуваємо і сьогодні.
ParlaMint-UA_2019-11-15-m0.u301.p1.sent4	Знищено природніх багато носіїв культури, села і були споконвічними носіями національного коду.
ParlaMint-UA_2019-11-15-m0.u301.p2.sent1	Я хочу підкреслити як Голова "Меморіалу" імені Василя Стуса, щоб ми на місцях долучилися до низки заходів, які відбудуться в цьому році з нагоди 86 роковин Голодомору.
ParlaMint-UA_2019-11-15-m0.u301.p2.sent2	І ми повинні провести роботу пам’яті, пам’яті молитви і пам’яті спогадів тих людей, які більше 7 мільйонів були знищені в Україні.
ParlaMint-UA_2019-11-15-m0.u301.p3.sent1	Дякую.
ParlaMint-UA_2019-11-15-m0.u302.p1.sent1	Марія Миколаївна Іонова.
ParlaMint-UA_2019-11-15-m0.u303.p1.sent1	Дякую.
ParlaMint-UA_2019-11-15-m0.u303.p2.sent1	У вас, пане Голово, якась дуже вибірковість, ви комусь хочете – надаєте слово, комусь не хочете – не надаєте.
ParlaMint-UA_2019-11-15-m0.u303.p2.sent2	Це перше.
ParlaMint-UA_2019-11-15-m0.u303.p3.sent1	По-друге, всю передвиборчу кампанію "Слуги народу" кричали про те, що попередня Верховна Рада по п’ятницям не працювала.
ParlaMint-UA_2019-11-15-m0.u303.p3.sent2	Хочу зазначити, що навіть коли ми розглядали Виборчий кодекс, Закон про мову, ми завжди.
ParlaMint-UA_2019-11-15-m0.u303.p3.sent3	все одно в п’ятницю була рубрика "Різне".
ParlaMint-UA_2019-11-15-m0.u303.p4.sent1	До нас звертаються виборці, вони хочуть, щоб ми озвучили їх проблематику і звернулися до компетентних органів, щоб ця проблематика була озвучена, вивчена і належно на неї реагували.
ParlaMint-UA_2019-11-15-m0.u303.p4.sent2	Тому, будь ласка, ми дуже наполягаємо, щоб була рубрика "Різне", де ми зможемо озвучити звернення і відреагувати на звернення наших громадян і виборців.
ParlaMint-UA_2019-11-15-m0.u303.p5.sent1	Дуже дякую.
ParlaMint-UA_2019-11-15-m0.u304.p1.sent1	Дякую, Марія Миколаївна.
ParlaMint-UA_2019-11-15-m0.u304.p2.sent1	Але я думаю, це моя особиста думка, що виборцям, які до вас звертаються, важливо, не щоб ми про це поговорили, а щоб ми це зробили.
ParlaMint-UA_2019-11-15-m0.u304.p3.sent1	Шахов Сергій Володимирович.
ParlaMint-UA_2019-11-15-m0.u304.p3.sent2	І ми майже закінчили ранкове засідання Верховної Ради України.
ParlaMint-UA_2019-11-15-m0.u304.p3.sent3	Після цього Урбанський?
ParlaMint-UA_2019-11-15-m0.u305.p1.sent1	Сергій Шахов, Луганщина.
ParlaMint-UA_2019-11-15-m0.u305.p1.sent2	Дмитро Олександрович, прошу 2 хвилини від всіх народних депутатів з Луганщини.
ParlaMint-UA_2019-11-15-m0.u305.p2.sent1	Ситуація вкрай складна в місті Сєвєродонецьку.
ParlaMint-UA_2019-11-15-m0.u305.p2.sent2	Я закликаю парламент вже 3 роки, щоб розглянули питання про перевибори в місті Сєвєродонецьку банди, яка грабує кожен день.
ParlaMint-UA_2019-11-15-m0.u305.p2.sent3	700 мільйонів гривень було розкрадено бандою бутковською, вбито Сергія Самарського, 76 кримінальних проваджень порушено, жодне не розслідувалося!
ParlaMint-UA_2019-11-15-m0.u305.p2.sent4	Кожен день, ще раз хочу зазначити, грабують кожного громадянина міста Сєвєродонецька.
ParlaMint-UA_2019-11-15-m0.u305.p2.sent5	До мене звернулись 50 тисяч мешканців по всіх приймальнях.
ParlaMint-UA_2019-11-15-m0.u305.p2.sent6	Люди не знають вже робити що.
ParlaMint-UA_2019-11-15-m0.u305.p2.sent7	Виходили на мітинги.
ParlaMint-UA_2019-11-15-m0.u305.p2.sent8	Виходили до одного губернатора, до другого, до третього.
ParlaMint-UA_2019-11-15-m0.u305.p2.sent9	Їм що, їхати під Верховну Раду?
ParlaMint-UA_2019-11-15-m0.u305.p3.sent1	Поставте, будь ласка, на наступному пленарному тижні Постанову 2048 на голосування і проголосуйте.
ParlaMint-UA_2019-11-15-m0.u305.p3.sent2	Мер міста вже закликав до вас і.
ParlaMint-UA_2019-11-15-m0.u306.p1.sent1	Любота Дмитро Олександрович.
ParlaMint-UA_2019-11-15-m0.u307.p1.sent1	Дмитро Валерійович.
ParlaMint-UA_2019-11-15-m0.u308.p1.sent1	Валерійович, вибачте.
ParlaMint-UA_2019-11-15-m0.u309.p1.sent1	Вітаю!
ParlaMint-UA_2019-11-15-m0.u309.p1.sent2	Доброго дня!
ParlaMint-UA_2019-11-15-m0.u309.p1.sent3	Мене звати Любота Дмитро, 177 округ, Харківська область.
ParlaMint-UA_2019-11-15-m0.u309.p1.sent4	Звертаюсь до Прем’єр-міністра України пана Гончарука.
ParlaMint-UA_2019-11-15-m0.u309.p2.sent1	Шановний Олексію Валерійовичу, у місті Куп’янськ Харківської області в результаті злочинної діяльності керівників міста по руйнуванню системи централізованого теплопостачання та злочинної бездіяльності в період підготовки до опалювального сезону мешканці Куп’янська та бюджетні організації досі залишаються без тепла.
ParlaMint-UA_2019-11-15-m0.u309.p2.sent2	Школи та дитячі садочки закрито.
ParlaMint-UA_2019-11-15-m0.u309.p2.sent3	Порушено невід’ємні конституційні права громадян на забезпечення належних умов життя, гарантовані державою.
ParlaMint-UA_2019-11-15-m0.u309.p2.sent4	У зв’язку з цим прошу вашого втручання до негайного подання природного газу до котелень міста.
ParlaMint-UA_2019-11-15-m0.u309.p3.sent1	Звертаюсь також до керівництва правоохоронних органів зареєструвати кримінальне провадження проти посадових осіб державного управління та місцевого самоврядування Харківської області, міста Куп’янська та тепло- , газопостачальних підприємств, винних у зриві опалювального сезону у місті Куп’янську.
ParlaMint-UA_2019-11-15-m0.u309.p4.sent1	Дякую.
ParlaMint-UA_2019-11-15-m0.u310.p1.sent1	Дякую.
ParlaMint-UA_2019-11-15-m0.u310.p2.sent1	Шановні колеги, як не прикро про це казати, але час засідання Верховної Ради України, ранкового засідання, вичерпано.
ParlaMint-UA_2019-11-15-m0.u310.p2.sent2	Оголошую ранкове засідання Верховної Ради України закритим.
ParlaMint-UA_2019-11-15-m0.u310.p2.sent3	Я всім дякую і сподіваюсь.
ParlaMint-UA_2019-11-15-m0.u310.p3.sent1	Я не чую.
ParlaMint-UA_2019-11-15-m0.u310.p3.sent2	Правда, не чую.
ParlaMint-UA_2019-11-15-m0.u310.p3.sent3	Продовжити?
ParlaMint-UA_2019-11-15-m0.u310.p3.sent4	Я думаю, що наступного разу.
ParlaMint-UA_2019-11-15-m0.u310.p3.sent5	Тут, я дивлюсь, що просто збільшується кількість народних депутатів, які залишаються.
ParlaMint-UA_2019-11-15-m0.u310.p3.sent6	Ще 2-3 п’ятниці з "Різного" – і ми будемо тут працювати, мінімум 226 буде в залі.
ParlaMint-UA_2019-11-15-m0.u310.p4.sent1	Дякую.
