id	text
ParlaMint-UA_2007-12-11-m0.u1.p1.sent1	Всім доброго ранку, шановні народні депутати України, запрошені та гості!
ParlaMint-UA_2007-12-11-m0.u1.p1.sent2	Прошу народних депутатів зареєструватися.
ParlaMint-UA_2007-12-11-m0.u1.p2.sent1	Зареєструвалося 274 народних депутати України.
ParlaMint-UA_2007-12-11-m0.u1.p2.sent2	Ранкове засідання Верховної Ради України оголошую відкритим.
ParlaMint-UA_2007-12-11-m0.u1.p3.sent1	Шановні народні депутати, хотів би розпочати з приємного: у нас сьогодні два ювіляра, два іменинника.
ParlaMint-UA_2007-12-11-m0.u1.p3.sent2	Дозвольте привітати Москаля Геннадія Геннадійовича та привітати Томенка Миколу Володимировича з днями народжень.
ParlaMint-UA_2007-12-11-m0.u1.p4.sent1	Шановні народні депутати!
ParlaMint-UA_2007-12-11-m0.u1.p4.sent2	У нас сьогодні надзвичайно складний порядок денний.
ParlaMint-UA_2007-12-11-m0.u1.p4.sent3	І з огляду на те, що ми готуємося до приїзду Президента України до Верховної Ради України, поступила технічна заява двох фракцій на те, щоб розпочати засідання Верховної Ради України, а точніше зробити технічну перерву на 30 хвилин, так як не всі ще народні депутати України прибули до залу Верховної Ради, і з тією метою, щоб ми провели в нормальному порядку засідання Верховної Ради.
ParlaMint-UA_2007-12-11-m0.u1.p4.sent4	З огляду на це, я оголошую 30-хвилинну перерву для приїзду Президента України і голосування.
ParlaMint-UA_2007-12-11-m0.u1.p5.sent1	Дякую.
ParlaMint-UA_2007-12-11-m0.u2.p1.sent1	Шановні народні депутати!
ParlaMint-UA_2007-12-11-m0.u2.p1.sent2	На превеликий жаль, відповідно до пункту 51 частини сьомої Регламенту, далі продовжуються консультації, у тому числі щодо застосування норм Регламенту.
ParlaMint-UA_2007-12-11-m0.u2.p1.sent3	З огляду на це, Голова Верховної Ради скористується своїм законним правом і продовжує перерву до 12.30.
ParlaMint-UA_2007-12-11-m0.u2.p1.sent4	При цьому я зазначаю.
ParlaMint-UA_2007-12-11-m0.u2.p2.sent1	Шановні народні депутати!
ParlaMint-UA_2007-12-11-m0.u2.p2.sent2	При цьому я зазначаю, я звертаюся до всіх депутатських фракцій і до всіх тих, хто, в тому числі ініціюють перерву, я як Голова Верховної Ради фактично останній раз оголошую перерву.
ParlaMint-UA_2007-12-11-m0.u2.p3.sent1	Я прошу, щоби ми о 12.30 розпочали роботу Верховної Ради України.
ParlaMint-UA_2007-12-11-m0.u2.p4.sent1	Дякую.
ParlaMint-UA_2007-12-11-m0.u3.p1.sent1	Президент України Віктор Ющенко приймає участь у ранковому засіданні Верховної Ради України.
ParlaMint-UA_2007-12-11-m0.u3.p1.sent2	Я попрошу, щоб ми всі привітали Президента.
ParlaMint-UA_2007-12-11-m0.u3.p2.sent1	Вельмишановні народні депутати, продовжуємо ранкове засідання Верховної Ради України.
ParlaMint-UA_2007-12-11-m0.u3.p2.sent2	Дозвольте вас поінформувати про результати вчорашнього засідання Погоджувальної ради, яке я просив би всіх почути і відповідним процесуальним рішенням затвердити.
ParlaMint-UA_2007-12-11-m0.u3.p3.sent1	Учора відбувалося засідання Погоджувальної ради.
ParlaMint-UA_2007-12-11-m0.u3.p3.sent2	І одностайно на засіданні Погоджувальної ради було прийнято рішення щодо подання на розгляд Верховної Ради України проекту рішення в частині зміни послідовності та порядку щодо розгляду питань на даному пленарному засіданні Верховної Ради.
ParlaMint-UA_2007-12-11-m0.u3.p4.sent1	Хотів би нагадати, що за статтею 16 Регламенту Верховної Ради послідовність визначається, в тому числі, і самою статтею, так і рішенням народних депутатів України.
ParlaMint-UA_2007-12-11-m0.u3.p5.sent1	З огляду на те, що в нас визначений п’ятиденний присічний термін для розгляду питання щодо формування складу Кабінету Міністрів України, Погоджувальна рада одностайно схвалила рішення щодо початку роботи на ранковому засіданні Верховної Ради України саме з питання формування уряду України.
ParlaMint-UA_2007-12-11-m0.u3.p6.sent1	Коротко зупинюся на юридичній термінології щодо порядку формування уряду України.
ParlaMint-UA_2007-12-11-m0.u3.p6.sent2	Це прийняття декількох рішень, які повинні розглядатися Верховною Радою України.
ParlaMint-UA_2007-12-11-m0.u3.p6.sent3	Перше: мова йде про внесення Президентом України кандидатури на пост Прем’єр-міністра України.
ParlaMint-UA_2007-12-11-m0.u3.p6.sent4	Друге: після цього внесення в нас є процедура щодо доповіді кандидатом на пост Прем’єр-міністра України.
ParlaMint-UA_2007-12-11-m0.u3.p6.sent5	Регламент передбачає до 20 хвилин.
ParlaMint-UA_2007-12-11-m0.u3.p6.sent6	Друге: йде раунд запитань та відповідей.
ParlaMint-UA_2007-12-11-m0.u3.p6.sent7	Регламент передбачає до 30 хвилин.
ParlaMint-UA_2007-12-11-m0.u3.p6.sent8	Третє: йде процедура обговорення.
ParlaMint-UA_2007-12-11-m0.u3.p6.sent9	Регламент також передбачає до 30 хвилин.
ParlaMint-UA_2007-12-11-m0.u3.p6.sent10	І загалом вся процедура повинна зайняти не більше однієї години.
ParlaMint-UA_2007-12-11-m0.u3.p6.sent11	Після цього йде процедура голосування.
ParlaMint-UA_2007-12-11-m0.u3.p6.sent12	Я хотів би зазначити, що процедура за Регламентом - йде так зване відкрите поіменне голосування.
ParlaMint-UA_2007-12-11-m0.u3.p6.sent13	Після прийняття рішення щодо кандидатури Прем’єр-міністра ми це рішення виголошуємо.
ParlaMint-UA_2007-12-11-m0.u3.p7.sent1	З огляду на це, шановні народні депутати, я просив би дуже уважно всіх вслухатися.
ParlaMint-UA_2007-12-11-m0.u3.p7.sent2	Я ставлю на голосування питання щодо включення до порядку денного і зміни послідовності формування порядку денного, а саме: включення до порядку денного питання щодо формування уряду України, яке формується з п’яти підпитань, що я вже зазначав, - це призначення Прем’єра, це звільнення попереднього Прем’єр-міністра, це припинення повноважень попереднім складом уряду, це призначення нового складу уряду і останнє питання – це припинення повноважень народними депутатами, які обрані до складу українського уряду, п’ять питань.
ParlaMint-UA_2007-12-11-m0.u3.p7.sent3	Я прошу поставити питання на голосування щодо включення до порядку денного.
ParlaMint-UA_2007-12-11-m0.u3.p7.sent4	Прошу голосувати.
ParlaMint-UA_2007-12-11-m0.u3.p8.sent1	За-246
ParlaMint-UA_2007-12-11-m0.u3.p9.sent1	Дякую.
ParlaMint-UA_2007-12-11-m0.u3.p10.sent1	Шановні народні депутати, рішення прийнято, 271 голос.
ParlaMint-UA_2007-12-11-m0.u3.p10.sent2	Прошу по фракціям показати.
ParlaMint-UA_2007-12-11-m0.u3.p10.sent3	Вибачте, по фракціям.
ParlaMint-UA_2007-12-11-m0.u3.p10.sent4	Дякую.
ParlaMint-UA_2007-12-11-m0.u3.p11.sent1	Шановні народні депутати, таким чином нами сформований порядок денний розгляду питання щодо формування уряду України.
ParlaMint-UA_2007-12-11-m0.u3.p11.sent2	Відповідно до Конституції України, закону „Про Кабінет Міністрів України” та Регламенту Верховної Ради надаю слово для внесення кандидатури на посаду, пост Прем’єр-міністра України Президенту України Ющенко Віктору Андрійовичу.
ParlaMint-UA_2007-12-11-m0.u3.p12.sent1	Прошу, Віктор Андрійович.
ParlaMint-UA_2007-12-11-m0.u4.p1.sent1	Шановні народні депутати, шановний Арсенію Петровичу, пані та панове!
ParlaMint-UA_2007-12-11-m0.u4.p1.sent2	Для мене є великою честю сьогодні звернутися до національного парламенту України, як до соборного виразника інтересів української нації і українського вибору.
ParlaMint-UA_2007-12-11-m0.u4.p2.sent1	Перш за все, шановні народні депутати, я хотів би привітати вас із рішенням українських виборців, українських громадян, 30 вересня поточного року.
ParlaMint-UA_2007-12-11-m0.u4.p2.sent2	Сьогодні ми маємо оновлений склад Верховної Ради і переконаний, що є нашою спільною перемогою у тому, що із масштабної, колосально затяжної парламентської кризи ми вийшли через мирний спосіб, справедливий, і, що не менш важливо, правовий.
ParlaMint-UA_2007-12-11-m0.u4.p3.sent1	Ревізія політичних результатів попередніх виборів, ігнорування Конституції України, політична корупція, дуже часто шабаш вседозволеності – це основна причина, чому парламент п’ятого скликання припинив своє існування.
ParlaMint-UA_2007-12-11-m0.u4.p3.sent2	Це ті уроки, з якими, переконаний, український політикум виходить із результатів роботи парламенту України п’ятого скликання.
ParlaMint-UA_2007-12-11-m0.u4.p4.sent1	Хотів би підкреслити, що сьогодні Україна виходить із цієї кризи.
ParlaMint-UA_2007-12-11-m0.u4.p4.sent2	Україна виходить нелегко.
ParlaMint-UA_2007-12-11-m0.u4.p4.sent3	Переконаний, що вихід з цієї кризи, досягнення політичної стабільності – це є поточним питанням номер один.
ParlaMint-UA_2007-12-11-m0.u4.p4.sent4	Кожна політична сила, незалежно від того, під яким прапором чи ідеологією вона виступає, сьогодні повинна ясно зрозуміти, що політична нестабільність забирає українську перспективу, українські можливості.
ParlaMint-UA_2007-12-11-m0.u4.p4.sent5	Кінець кінцем, політична криза, парламентська криза – це гальмо нашого політичного, соціально-гуманітарного розвитку.
ParlaMint-UA_2007-12-11-m0.u4.p5.sent1	Як досягти стабільності у цих непростих стінах, у парламенті з непростим скликанням?
ParlaMint-UA_2007-12-11-m0.u4.p5.sent2	Переконаний, що над усе ми повинні поставити національні пріоритети.
ParlaMint-UA_2007-12-11-m0.u4.p5.sent3	Ніщо більше не об’єднує людей, як мета.
ParlaMint-UA_2007-12-11-m0.u4.p5.sent4	Думати сьогодні про інтереси фракції і ігнорувати інтереси чи більшості, чи меншості – це, на мій погляд, велика помилка, думати сьогодні про інтереси більшості або меншості і в той же час ігнорувати інтереси держави – це злочин.
ParlaMint-UA_2007-12-11-m0.u4.p5.sent5	І тому переконаний, що стабільність в український парламент принесе не розподіл парламентських комітетів, хоча це важливо, не розподіл портфелів міністрів, хоч це також важливо, нерозподіл посад президії Верховної Ради України, хоча це також важливо.
ParlaMint-UA_2007-12-11-m0.u4.p6.sent1	Злагоду в український парламент, переконаний, принесе політика, яка ставить за мету реалізацію ключових національних пріоритетів.
ParlaMint-UA_2007-12-11-m0.u4.p6.sent2	Чим вище мета, тим більшу стабільність ми можемо очікувати у стінах національного парламенту.
ParlaMint-UA_2007-12-11-m0.u4.p6.sent3	Для великих цілей, переконаний, не існує лукавих шляхів.
ParlaMint-UA_2007-12-11-m0.u4.p6.sent4	І ті великі достойники, які сидять сьогодні в українському парламенті, є депутатами шостого скликання, переконаний, чітко розуміють, що жодна політична сила, як і жоден народний депутат, не може бути в опозиції до України.
ParlaMint-UA_2007-12-11-m0.u4.p6.sent5	Це величава ціль, задля якої, я переконаний, ми повинні всі присягнутися і працювати.
ParlaMint-UA_2007-12-11-m0.u4.p7.sent1	Безумовно, перше, що я хотів би побажати українському парламентові, - це взаємоповаги, порозуміння і людської гідності.
ParlaMint-UA_2007-12-11-m0.u4.p8.sent1	Я сердечно вітаю створення демократичної коаліції депутатських фракцій, які сумарно перемогли на дострокових виборах.
ParlaMint-UA_2007-12-11-m0.u4.p8.sent2	Я вірю у перспективу цієї роботи і бажаю всіляких гараздів.
ParlaMint-UA_2007-12-11-m0.u4.p9.sent1	Хочу підкреслити, я був і завжди буду надійним союзником українського парламенту.
ParlaMint-UA_2007-12-11-m0.u4.p9.sent2	Переконаний, що жодне знакове для нації рішення не повинно бути прийнято поза стінами українського парламенту.
ParlaMint-UA_2007-12-11-m0.u4.p9.sent3	Я був, підкреслюю, і буду стояти на цих позиціях.
ParlaMint-UA_2007-12-11-m0.u4.p9.sent4	Хоча попереду, безумовно, нас чекають великі виклики і великі випробування.
ParlaMint-UA_2007-12-11-m0.u4.p10.sent1	Вірю, що новий парламент продемонструє нормальну і продуктивну роботу задля нації і країни.
ParlaMint-UA_2007-12-11-m0.u4.p10.sent2	Саме цього найбільше чекають наші виборці.
ParlaMint-UA_2007-12-11-m0.u4.p10.sent3	Нам спільно належить відновити політичний і моральний авторитет єдиного законодавчого органу держави, а відтак – всієї влади.
ParlaMint-UA_2007-12-11-m0.u4.p10.sent4	Переконаний, що часу для зволікань у нас немає.
ParlaMint-UA_2007-12-11-m0.u4.p11.sent1	Виконуючи свій конституційний обов’язок, відповідно до статті 106 за пропозицією коаліції депутатських фракцій, я вношу на ваше схвалення і прошу підтримати подання на призначення Прем’єр-міністром України Юлії Володимирівни Тимошенко .
ParlaMint-UA_2007-12-11-m0.u4.p12.sent1	Я також вношу до Верховної Ради України і прошу підтримати подання на призначення Єханурова Юрія Івановича міністром оборони України і Огризка Володимира Станіславовича міністром закордонних справ України.
ParlaMint-UA_2007-12-11-m0.u4.p13.sent1	Шановний Голово Верховної Ради, шановні народні депутати, пані та панове!
ParlaMint-UA_2007-12-11-m0.u4.p13.sent2	Я вірю в нашу спільну працю.
ParlaMint-UA_2007-12-11-m0.u4.p13.sent3	Я кажу прямо, у цих стінах не може буде ворожнечі між політичними силами, які хочуть працювати задля національних інтересів України.
ParlaMint-UA_2007-12-11-m0.u4.p13.sent4	Нація і держава вище за політичну і партійну приналежність.
ParlaMint-UA_2007-12-11-m0.u4.p13.sent5	Саме тому я вважаю, що в парламенті мусить постати нова якість співпраці, виражена у цілісній законодавчій роботі, кадрових призначеннях, справедливому розподілі повноважень.
ParlaMint-UA_2007-12-11-m0.u4.p13.sent6	Шанс є.
ParlaMint-UA_2007-12-11-m0.u4.p13.sent7	Я готовий пройти з вами всю цю дорогу, щоб його реалізувати.
ParlaMint-UA_2007-12-11-m0.u4.p14.sent1	Дякую за увагу.
ParlaMint-UA_2007-12-11-m0.u5.p1.sent1	Дякуємо, пане Президенте.
ParlaMint-UA_2007-12-11-m0.u5.p2.sent1	Шановні народні депутати України!
ParlaMint-UA_2007-12-11-m0.u5.p2.sent2	Керуючись вимогами статті 200 Регламенту Верховної Ради України пропонується наступна процедура розгляду питання.
ParlaMint-UA_2007-12-11-m0.u5.p2.sent3	Ще раз нагадаю, кандидат на пост Прем’єр-міністра Україна виступає з короткою доповіддю до 20 хвилин і далі у на два блоки: запитання і відповіді, і обговорення.
ParlaMint-UA_2007-12-11-m0.u5.p2.sent4	Чи є заперечення?
ParlaMint-UA_2007-12-11-m0.u5.p2.sent5	Заперечень немає.
ParlaMint-UA_2007-12-11-m0.u5.p2.sent6	З огляду на це я прошу, Тимошенко Юлію Володимирівну як кандидата на пост Прем’єр-міністра України виступити з короткою доповіддю з приводу основних напрямків діяльності на можливій посаді Прем’єр-міністра України.
ParlaMint-UA_2007-12-11-m0.u6.p1.sent1	Шановні громадяни України!
ParlaMint-UA_2007-12-11-m0.u6.p1.sent2	Шановні колеги народні депутати!
ParlaMint-UA_2007-12-11-m0.u6.p1.sent3	Сьогодні дійсно ми констатуємо, що в парламенті після дострокових виборів абсолютно очевидно, що владу формує, владі дає вказівки, владу міняє, владу критикує виключно народ України.
ParlaMint-UA_2007-12-11-m0.u6.p2.sent1	Я думаю, що ми за 17 років прийшли до такої ситуації, коли дійсно політикум крок за кроком стає сильнішим, стає чистішим і абсолютно залежним від вибору народу.
ParlaMint-UA_2007-12-11-m0.u6.p3.sent1	Я пам’ятаю прекрасно, коли почалися дострокові вибори, і я хочу подякувати Президенту України за те, що вони відбулися, тому що вони зберегли і народний вибір і честь парламенту.
ParlaMint-UA_2007-12-11-m0.u6.p3.sent2	І коли відбувались дострокові вибори ми з вами чули такі дорікання, що нічого не зміниться, що все буде як завжди, що знову ми будемо бачити мінливий політичний спектр, який не спирається на підтримку людей.
ParlaMint-UA_2007-12-11-m0.u6.p4.sent1	Але дострокові вибори продемонстрували, що люди сьогодні вміють розбиратися в політиці.
ParlaMint-UA_2007-12-11-m0.u6.p4.sent2	Частина політиків більше не прийшли в парламент, частина політиків повернулася до парламенту, навіть перебуваючи певний час за його межами.
ParlaMint-UA_2007-12-11-m0.u6.p4.sent3	І ми бачимо сьогодні і на далі, що найціннішим, що є у політиків, мусить бути дотримання слова, яке політики дають людям під час виборів.
ParlaMint-UA_2007-12-11-m0.u6.p5.sent1	І я думаю, що для нас всіх, для нашої демократичної команди перший пріоритет – це кожне зобов’язання, яке ми брали перед людьми, мусить бути чітко втілено в життя.
ParlaMint-UA_2007-12-11-m0.u6.p5.sent2	І якщо ми будемо дотримуватися цього головного дороговказу, то політичні сили будуть міцнішати, будуть більш ефективно працювати і давати результат суспільству.
ParlaMint-UA_2007-12-11-m0.u6.p6.sent1	І думаю, що якщо українське суспільство знову побачить серед політичного нашого середовища замість роботи знову корупцію, знову зраду, знову продажність, я думаю, що вони ще раз і ще раз будуть робити свій вибір, і ставити все на свої місця.
ParlaMint-UA_2007-12-11-m0.u6.p6.sent2	І зараз, коли сформована демократична коаліція, і коли ніякі інші процедури, крім вибору народу, не вплинули на формування коаліції, ми можемо твердо сказати, що головним пріоритетом нашої спільної команди, головним пріоритетом можливого нового уряду мусить стати проведення не поточної ситуативної роботи, а глибинних професійних, чітких перетворень в кожній сфері нашого життя, починаючи від конституційної сфери, переходячи до питань створення найкращого, на які ми здатні, інвестиційного клімату і клімату для ведення малого, і середнього бізнесу.
ParlaMint-UA_2007-12-11-m0.u6.p6.sent3	І переходячи до соціальних питань, які нарешті мусять визначитися і проведеною пенсійною реформою, яка зніме всю дискримінацію наших пенсіонерів і проведеною глибинною податковою реформою, ми зможемо зробити все для того, щоб показати високий клас реформування кожної сфери нашого життя.
ParlaMint-UA_2007-12-11-m0.u6.p7.sent1	І команда, яка сьогодні підібрана, в повній мірі відповідає цих вимогам.
ParlaMint-UA_2007-12-11-m0.u6.p7.sent2	Але в тому числі нашим завданням є те, з чим не впорався жоден уряд і жодна політична команда до сьогодення.
ParlaMint-UA_2007-12-11-m0.u6.p7.sent3	Це провести інвентаризацію, практично, де, в яких сферах державного управління, де, в яких сферах нашого суспільного життя живе і процвітає корупція, хаос, лобізм тіньовий і нечесний, де у нас прописалася несправедливість і знищення гідності людей.
ParlaMint-UA_2007-12-11-m0.u6.p7.sent4	І на базі цієї інвентаризації пройти крок за кроком, і закрити всі ці брудні діри, і показати світу, що ми дійсно країна, яка може не стояти на останніх місцях в світі по рівню корупції і по рівню тіньової економіки в нашій державі.
ParlaMint-UA_2007-12-11-m0.u6.p7.sent5	Я вірю, що ми здатні це робити, тому що у нас є свобода для цього, ми не зв’язані ніякими тіньовими бізнес-зобов’язаннями, у нас є воля для цього, і у нас є для цього команда.
ParlaMint-UA_2007-12-11-m0.u6.p7.sent6	А почати, я думаю, очищення української влади від всього, що не подобається ні світу, ні українцям, я думаю, потрібно з того, щоб нова влада відкрилася для контролю цілком і повністю.
ParlaMint-UA_2007-12-11-m0.u6.p7.sent7	Нам немає чого приховувати, нам немає чому не відповідати за наші дії.
ParlaMint-UA_2007-12-11-m0.u6.p8.sent1	І тому, я хотіла б, щоб один з перших законопроектів в нашому парламенті був прийнятий законопроект „Про опозицію”.
ParlaMint-UA_2007-12-11-m0.u6.p8.sent2	І я думаю, що тут практично законодавцем мусить стати сама опозиція парламентська.
ParlaMint-UA_2007-12-11-m0.u6.p8.sent3	І ми, як демократична коаліція, відкриті для того, щоб дати надзвичайно сильні права Рахунковій палаті.
ParlaMint-UA_2007-12-11-m0.u6.p8.sent4	Щоб зробити Рахункову палату набагато сильнішим контрольним органом, ніж всі інші контрольні органи в державі, дати їй спеціальний статус, і дати можливість опозиції призначати на Рахункову палату не того, кого обере більшість, а саме складом опозиції те, що потрібно, власне, мати на цій посаді, яку людину.
ParlaMint-UA_2007-12-11-m0.u6.p9.sent1	Я переконана, що ми зможемо зробити все для того, щоб працювали в українському парламенті Тимчасові слідчі комісії, які можуть по кожному напрямку, по кожному спектру започаткувати не просто контроль, а ще і притягнення до відповідальності кожного чиновника, який порушує Конституцію, який порушує закони, і порушує взагалі моральні правила і норми в політиці.
ParlaMint-UA_2007-12-11-m0.u6.p10.sent1	Я думаю, що ми з вами обов’язково повернемося до того, щоб створити спеціальні контрольні парламентські комітети, яких наділити також статусом майже рівним до спеціальних слідчих комісій.
ParlaMint-UA_2007-12-11-m0.u6.p11.sent1	Я хочу, щоб знала парламентська опозиція, що немає такої вимоги щодо посилення роботи контрольних функцій опозиції, які ми не задовільнимо.
ParlaMint-UA_2007-12-11-m0.u6.p11.sent2	І таким чином наша нова влада зробить крок до того, щоб всі наступні влади були абсолютно прозорі, зрозумілі, підконтрольні і відповідальні.
ParlaMint-UA_2007-12-11-m0.u6.p11.sent3	І я не бачу такого механізму, коли владу контролює сама влада, і контролюють ті силові структури, яку більшість і влада призначає.
ParlaMint-UA_2007-12-11-m0.u6.p11.sent4	Я думаю, що кращого контролера, ніж парламентська опозиція з інструментами в руках, бути просто не може.
ParlaMint-UA_2007-12-11-m0.u6.p12.sent1	І ще я вам хочу сказати останнє, тому що я не збираюся використати весь регламент в 20 хвилин і думаю, що коли ми будемо захищати Програму уряду, то я пройдуся по кожному напрямку реформування країни.
ParlaMint-UA_2007-12-11-m0.u6.p13.sent1	Ну чого б я дійсно хотіла б, щоб відбулося в новому парламенті.
ParlaMint-UA_2007-12-11-m0.u6.p13.sent2	Мені дуже прикро, що коли голосуються для України пріоритетні питання, які стосуються національних інтересів України, парламент ділиться на проінші країни, тобто хтось сповідує прозахідні цінності, хтось сповідує просхідні цінності, хтось сповідує взагалі незрозуміло які цінності тіньового капіталу.
ParlaMint-UA_2007-12-11-m0.u6.p14.sent1	Мені хотілося б, щоб так, як в інших парламентах, влада і опозиція, коли мова іде про українські національні інтереси, була єдиною і давала всі до єдиного голосу, які можна дати на захист України.
ParlaMint-UA_2007-12-11-m0.u6.p14.sent2	Я знаю, що по всім питанням ми зможемо знайти порозуміння.
ParlaMint-UA_2007-12-11-m0.u6.p15.sent1	Так, дійсно, є вболівальники, які слідкують за тим, як грає, наприклад, „Дніпро”, є вболівальники „Шахтаря”, є вболівальники „Динамо”, але коли грає національна збірна команда, то ми всі вболіваємо однаково.
ParlaMint-UA_2007-12-11-m0.u6.p15.sent2	І я хотіла б, щоб в парламенті народилася національна збірна України і щоб ми мали здатність зробити Україну найпотужнішою європейською державою.
ParlaMint-UA_2007-12-11-m0.u6.p16.sent1	Щоб наша національна українська самоідентичність не була предметом распрі і протистоянь, щоб ми знали, що це є наша головна цінність, яка власне і визначає нашу силу і нашу здатність бути конкурентами на світовому просторі.
ParlaMint-UA_2007-12-11-m0.u6.p17.sent1	Я вірю в це і знаю, що не так багато часу пройде до тієї хвилини, коли наша команда побудує не ситуативні певні рішення, а побудує в кожній галузі системи, які вже ніхто не зможе ні зруйнувати, ні зламати.
ParlaMint-UA_2007-12-11-m0.u6.p17.sent2	І тоді, я думаю, питання про коаліцію буде стояти набагато легше.
ParlaMint-UA_2007-12-11-m0.u6.p18.sent1	Я вірю в Україну!
ParlaMint-UA_2007-12-11-m0.u6.p18.sent2	Свято вірю в те, що у України є її національна команда і буду цьому служити попри всі протистояння і попри всі перешкоди.
ParlaMint-UA_2007-12-11-m0.u6.p18.sent3	Дякую за увагу.
ParlaMint-UA_2007-12-11-m0.u7.p1.sent1	Дякуємо, Юлія Володимирівна.
ParlaMint-UA_2007-12-11-m0.u7.p1.sent2	Доповідь завершена, я прошу народних депутатів України записатися на запитання для дачі їх кандидату на посаду, пост Прем’єр-міністра України.
ParlaMint-UA_2007-12-11-m0.u7.p1.sent3	Прошу, записуємся з місця.
ParlaMint-UA_2007-12-11-m0.u7.p1.sent4	Я прошу, Шевченко Андрій Віталійович, "Блок Юлії Тимошенко", прошу, Андрій Віталійович.
ParlaMint-UA_2007-12-11-m0.u8.p1.sent1	Юлія Володимирівна, я впевнений, що сьогодні ви станете прем’єр-міністром і в Україні з’явиться уряд, який нарешті розпочне ті реформи, які так важливі країні.
ParlaMint-UA_2007-12-11-m0.u8.p1.sent2	У мене запитання, чим уряд Юлії Тимошенко зразка дві тисячі сьомого року буде відрізнятися у своїй роботі від уряду зразка 2005 року?
ParlaMint-UA_2007-12-11-m0.u8.p1.sent3	Дякую.
ParlaMint-UA_2007-12-11-m0.u9.p1.sent1	Дякую.
ParlaMint-UA_2007-12-11-m0.u9.p1.sent2	Терещук Сергій Миколайович.
ParlaMint-UA_2007-12-11-m0.u10.p1.sent1	Шановні друзі, я думаю, що ми всі пом’ятаємо роботу уряду 2005 року.
ParlaMint-UA_2007-12-11-m0.u10.p1.sent2	Попри всі не дуже гарні слова, які були на користь нашого уряду, я хочу нагадати, що ми за півтора місяці переглянули всю фінансову політику країни і сформували бюджет майже на сімдесят відсотків більший по доходам за рахунок закриття тіньових обігів і зниження частини податків.
ParlaMint-UA_2007-12-11-m0.u10.p1.sent3	Я хочу нагадати вам, що саме наш уряд в 2005 році переглянув більше п’яти тисяч нормативних актів, які створювали додаткові, нікому не потрібні регуляторні функції для бізнесу і робили корупційний бульйон для існування бізнесу в країні.
ParlaMint-UA_2007-12-11-m0.u10.p1.sent4	Я хочу, щоб ми згадали, як в 2005 році ми крок за кроком закривали контрабанду і все, що є неподобством для роботи української влади.
ParlaMint-UA_2007-12-11-m0.u10.p1.sent5	На жаль, цю справу ми не змогли довести до логічного завершення.
ParlaMint-UA_2007-12-11-m0.u10.p1.sent6	Але сьогодні я хотіла б, щоб була преємственність в роботі уряду двух тищі п’ятого року, в двух тищі сьомому році.
ParlaMint-UA_2007-12-11-m0.u11.p1.sent1	Дайте завершити.
ParlaMint-UA_2007-12-11-m0.u12.p1.sent1	І знаю, що команда, яка збирається в уряді, достойна і сильна.
ParlaMint-UA_2007-12-11-m0.u13.p1.sent1	Дякую.
ParlaMint-UA_2007-12-11-m0.u13.p1.sent2	Терещук Сергій Миколайович, "Блок Литвина".
ParlaMint-UA_2007-12-11-m0.u14.p1.sent1	Шановна Юлія Володимирівна, хотілося б почути вашу точку зору, ваше значення на реформування і саме на політичну реформу.
ParlaMint-UA_2007-12-11-m0.u14.p1.sent2	А саме, якраз в розділі підвищення ролі і статус місцевих органів самоврядування і зміни виборчого законодавства, або ж перехід на мажоритарну систему, або зміна пропорційної системи, коли будуть вибори прив’язані або ж до регіонів, або до мажоритарних округів.
ParlaMint-UA_2007-12-11-m0.u14.p1.sent3	Дякую.
ParlaMint-UA_2007-12-11-m0.u15.p1.sent1	Що стосується додаткової влади, а власне реальної влади, яку ми мусимо дати місцевим органам самоврядування, наша політична сила і наша демократична команда є послідовними в тому, що місцеві органи самоврядування мусять отримати не просто обіцянки або пусті декларації, мусять отримати реальну владу через право створення виконавчих структур в місцевих органах самоврядування.
ParlaMint-UA_2007-12-11-m0.u15.p2.sent1	Крім того, я хотіла б, щоб ми з вами мали можливість переглянути виборче законодавство і зробити так, щоб, залишаючи пропорційну систему виборів, ми все ж таки мали чітке закріплення депутатів за певними округами.
ParlaMint-UA_2007-12-11-m0.u15.p2.sent2	Щоб по цим округам депутати працювали віддано і потрапляли до списку в залежності від того, яку кожен депутат на певному окрузі отримав підтримку громадян.
ParlaMint-UA_2007-12-11-m0.u15.p3.sent1	А ще я мрію про те, щоб ми і громадянам в громадах надали додаткових можливостей і повноважень.
ParlaMint-UA_2007-12-11-m0.u15.p3.sent2	Щоб нарешті не чиновники місцевого пошиву говорили про те, що гарна.
ParlaMint-UA_2007-12-11-m0.u16.p1.sent1	Дякую, Юлія Володимирівна.
ParlaMint-UA_2007-12-11-m0.u16.p1.sent2	Я прошу завершити, тому що у нас дуже багато депутатів записано.
ParlaMint-UA_2007-12-11-m0.u16.p1.sent3	Дайте завершити.
ParlaMint-UA_2007-12-11-m0.u17.p1.sent1	а щоб саме громадяни мали можливість проводити місцеві референдуми і усувати владу або визначатись, коли вибори будуть, або робити те, що хоче громада.
ParlaMint-UA_2007-12-11-m0.u17.p2.sent1	Сьогодні референдуми місцеві практично відсутні і їх не існує ні законах, ні в реальності.
ParlaMint-UA_2007-12-11-m0.u17.p2.sent2	Дякую.
ParlaMint-UA_2007-12-11-m0.u18.p1.sent1	Томенко Микола Володимирович, „Блок Юлії Тимошенко”.
ParlaMint-UA_2007-12-11-m0.u19.p1.sent1	Шановна Юлія Володимирівна, сьогодні я нагадаю 11 грудня і це означає, що до завершення календарного року достатньо не багато і принциповим питанням залишається механізм, процедура і принципи формування основного документу України бюджету, враховуючи те, що попередній уряд передає країну у відомому стані з відомими цінами на газ.
ParlaMint-UA_2007-12-11-m0.u19.p1.sent2	Як ви бачите принципи формування цього бюджету, головні пріоритети, я б сказав, такі базові речі Основного документу економічного на наступний рік?
ParlaMint-UA_2007-12-11-m0.u20.p1.sent1	Якщо сьогодні всі голосування відбудуться успішно, то завтра уряд збереться на своє перше урядове засідання.
ParlaMint-UA_2007-12-11-m0.u20.p1.sent2	І я думаю, що головний пріоритет на перші тижні до нового року – це є практично розробка Державного бюджету і передачі його до Верховної Ради для затвердження Верховною Радою.
ParlaMint-UA_2007-12-11-m0.u20.p2.sent1	Я думаю, що ми зробимо все для того, щоб бюджет був прийнятий своєчасно, до нового року і щоб цей бюджет уже певним чином навіть за ці два тижні відповідав нашим програмним засадам наших двох політичних сил, які створили демократичну коаліцію.
ParlaMint-UA_2007-12-11-m0.u20.p2.sent2	Ми встигнемо і зробимо так, щоб Україна не втратила свій авторитет в наслідок відсутності бюджету.
ParlaMint-UA_2007-12-11-m0.u20.p2.sent3	І я знаю, що у нас прийнято, знаєте, скидати, особливо, ну, політики чоловіки, я перепрошую, з попередньої влади таке люблять робити: скидати відповідальність на опонентів, на опозицію, на попередників.
ParlaMint-UA_2007-12-11-m0.u20.p2.sent4	Я хочу вам сказати, що ми ні на кого відповідальність перекладати не будемо, ми достатньо сильні для того, щоб всю відповідальність брати на себе, навіть з тими вадами, які ми отримуємо у спадщину.
ParlaMint-UA_2007-12-11-m0.u21.p1.sent1	Дякую.
ParlaMint-UA_2007-12-11-m0.u21.p2.sent1	Сербін Юрій Сергійович, "Блок Юлії Тимошенко".
ParlaMint-UA_2007-12-11-m0.u22.p1.sent1	Прошу передати слово депутату Яворівському.
ParlaMint-UA_2007-12-11-m0.u23.p1.sent1	Будь ласка, передайте слово.
ParlaMint-UA_2007-12-11-m0.u24.p1.sent1	Шановна пані Юля, ми цікаві світові передусім нашою культурою, ми не доженемо ні автомобілями, ні телевізорами – це вже зробили інші.
ParlaMint-UA_2007-12-11-m0.u24.p1.sent2	Сьогодні українська інтелігенція справедливо оголошує Україну зоною культурного лиха.
ParlaMint-UA_2007-12-11-m0.u24.p2.sent1	Попередній уряд, не буду його згадувати, мав поетесу Анну Ахмєтову, мав прекрасного співака, ви знаєте, про кого говоримо, Артьомовського, його називали.
ParlaMint-UA_2007-12-11-m0.u24.p2.sent2	Ми ще фактично не мали культурного жодного уряду, хіба що опріч уряду Ющенка і вашого.
ParlaMint-UA_2007-12-11-m0.u24.p2.sent3	Сьогодні уряд виділив у цьому році на утримання тюрем у півтора раза більше коштів, аніж на утримання української культури.
ParlaMint-UA_2007-12-11-m0.u24.p2.sent4	Ну, я розумію цей сентимент до тюремних структур, це цілком зрозуміло.
ParlaMint-UA_2007-12-11-m0.u24.p3.sent1	У мене до вас запитання.
ParlaMint-UA_2007-12-11-m0.u24.p3.sent2	Чи нарешті ви подасте руку українській культурі, ваш уряд, чи ні?
ParlaMint-UA_2007-12-11-m0.u24.p3.sent3	Я вірю, що так буде, що ви все-таки поставите це на перше місце.
ParlaMint-UA_2007-12-11-m0.u24.p3.sent4	Ще раз повторюю, ми цікаві світові передусім культурою.
ParlaMint-UA_2007-12-11-m0.u25.p1.sent1	Я думаю, що в нашій програмі, яка носить сьогодні назву „Український прорив” не для політиків, а для людей, і ця програма дійсно є та програма, яку ми будемо виконувати разом демократичною коаліцією має перший пріоритет, це розвиток і посилення духовності українського народу, розвиток, посилення, всестороння підтримка української культури.
ParlaMint-UA_2007-12-11-m0.u25.p1.sent2	І я думаю, що ці пріоритети будуть залишатися як пріоритетами бюджету, так і пріоритетами прийняття урядових рішень, і переконана в тому, що це буде пріоритетом і для голосування законопроектів в нашій демократичній коаліції.
ParlaMint-UA_2007-12-11-m0.u25.p1.sent3	Я щирю вірю і переконана в тому, що, якщо ми не віддамо пріоритет саме цьому напрямку, нам дуже важко буде проводити будь-які економічні реформи, нам дуже важко буде піднесенням українського духу української нації займатись, якщо ми не зробимо це абсолютним пріоритетом.
ParlaMint-UA_2007-12-11-m0.u26.p1.sent1	Мовчан Павло Михайлович, „Блок Юлії Тимошенко”.
ParlaMint-UA_2007-12-11-m0.u27.p1.sent1	Шановна Юлія Володимирівна, мені дуже подобається нова формула, яку ви щойно нам подали, нової національної української ідеї, опертої на всі глибинні наші поклади.
ParlaMint-UA_2007-12-11-m0.u27.p2.sent1	У мене до вас запитання.
ParlaMint-UA_2007-12-11-m0.u27.p2.sent2	В зв’язку з тим, що інформаційна мовна проблема для нас є дуже важлива, я хотів би, щоб ми почули від вас чи ми будемо і далі спостерігачами того як Національний канал перетворився по суті в автонаціональний канал, як інформаційна сфера, яка окупована багатьма-багатьма електронними ЗМІ, представниками інших медійних засобів не належить українцям.
ParlaMint-UA_2007-12-11-m0.u27.p2.sent3	Що нам треба робити в цій сфері.
ParlaMint-UA_2007-12-11-m0.u27.p3.sent1	І друге питання - це питання села, відродження його, адже без відродження українського села ми по суті не можемо зробити українського національного прориву.
ParlaMint-UA_2007-12-11-m0.u27.p4.sent1	І останнє.
ParlaMint-UA_2007-12-11-m0.u27.p4.sent2	Я хотів би, щоб українська національна збірна брала участь у світовій першості.
ParlaMint-UA_2007-12-11-m0.u28.p1.sent1	Шановні друзі, я думаю, що з часів нашої з вами Помаранчевої революції ми маємо значно соліднішу свободу слова в Україні.
ParlaMint-UA_2007-12-11-m0.u28.p1.sent2	Дійсно, з цього моменту в нашій Україні змінилося дуже багато відносно свободи і права висловлення журналістами своєї думки, доступності політиків практично до всіх можливих засобів масової інформації.
ParlaMint-UA_2007-12-11-m0.u28.p1.sent3	І, користуючись тим, що на такі події по затвердженню нового уряду практично зібралися всі представники засобів масової інформації, я хочу подякувати вам всім за те, що з 2005 року ми маємо абсолютно інший інформаційний простір.
ParlaMint-UA_2007-12-11-m0.u28.p1.sent4	Я хочу подякувати нашим журналістам за мужність, за те, що вони здатні сьогодні формувати абсолютно правдиву інформацію.
ParlaMint-UA_2007-12-11-m0.u28.p1.sent5	І я знаю, що сьогодні політики не добиваються на те, щоб потрапити до ефірів, а іноді відбиваються, щоб туди не ходити часто.
ParlaMint-UA_2007-12-11-m0.u28.p1.sent6	І це є велике наше надбання.
ParlaMint-UA_2007-12-11-m0.u28.p1.sent7	Але я переконана в тому, що суспільне мовлення.
ParlaMint-UA_2007-12-11-m0.u29.p1.sent1	Завершити дайте.
ParlaMint-UA_2007-12-11-m0.u30.p1.sent1	суспільне телебачення і радіомовлення – це є нашою спільною задачею, нашою спільною метою, щоб ми мали можливість продемонструвати повну різноманітність інформаційного простору.
ParlaMint-UA_2007-12-11-m0.u31.p1.sent1	Дякую.
ParlaMint-UA_2007-12-11-m0.u31.p2.sent1	Шаров Ігор Федорович, Блок Литвина.
ParlaMint-UA_2007-12-11-m0.u32.p1.sent1	Шановний Арсенію Петровичу, прошу надати слово Олегу Зарубінському.
ParlaMint-UA_2007-12-11-m0.u33.p1.sent1	Олег Зарубінський, будь ласка,
ParlaMint-UA_2007-12-11-m0.u34.p1.sent1	Дуже дякую.
ParlaMint-UA_2007-12-11-m0.u34.p1.sent2	Шановна Юлія Володимирівна, в передвиборній програмі вашого блоку є, на наш погляд, абсолютно правильна і справедлива позиція.
ParlaMint-UA_2007-12-11-m0.u34.p1.sent3	Цитую: „Земля належатиме тільки громадянам України, які живуть і працюють на ній”.
ParlaMint-UA_2007-12-11-m0.u34.p1.sent4	У зв’язку з цим у мене запитання: як ви ставитеся до ринку землі в повному обсязі, адже ви прекрасно розумієте, що в такому разі земля якраз буде знаходитися в руках тих, хто на ній не тільки не живе, але тим більше на ній не працює, в кого є величезні гроші?
ParlaMint-UA_2007-12-11-m0.u34.p2.sent1	І друге запитання.
ParlaMint-UA_2007-12-11-m0.u34.p2.sent2	Президент України теж абсолютно справедливо сказав, що сьогодні більше 60 відсотків людей тримають свої заощадження у доларах, і це не вина їх, це вина держави.
ParlaMint-UA_2007-12-11-m0.u34.p2.sent3	Яка ваша буде позиція і політика щодо курсу гривні до долара, бо, наскільки нам відомо, то певні ідеологи ревальвації гривні знаходяться і у вашому блоці?
ParlaMint-UA_2007-12-11-m0.u34.p3.sent1	Дуже дякую.
ParlaMint-UA_2007-12-11-m0.u35.p1.sent1	Ви знаєте, я з повагою до вас ставлюся, і ви багато років є депутатом народним, ви маєте досвід і ви не можете не знати, що кредитно-грошова політика затверджується у парламенті, а потім проводиться у життя Національним банком.
ParlaMint-UA_2007-12-11-m0.u35.p1.sent2	І не прерогатива уряду встановлювати курси валют, це абсолютно не стосується уряду, це є політика, яка складається ринком і Національним банком України.
ParlaMint-UA_2007-12-11-m0.u35.p1.sent3	І тому я можу тільки вітати політику Верховної Ради і Національного банку на зміцнення нашої національної валюти.
ParlaMint-UA_2007-12-11-m0.u35.p1.sent4	І я вважаю, що зараз наша національна валюта по всім практично тенденціям ринку найкраща для зберігання.
ParlaMint-UA_2007-12-11-m0.u35.p1.sent5	І люди дуже швидко це відчують і будуть заощаджувати свої гроші саме у гривнях, тому що це сьогодні є вигідно, насправді, по всім курсовим процесам, які відбуваються на банківських ринках.
ParlaMint-UA_2007-12-11-m0.u35.p1.sent6	Це є перше.
ParlaMint-UA_2007-12-11-m0.u35.p2.sent1	Друге, що стосується землі.
ParlaMint-UA_2007-12-11-m0.u35.p2.sent2	Ви знаєте, що наша політична сила проголосувала за пролонгацію мораторію.
ParlaMint-UA_2007-12-11-m0.u36.p1.sent1	Дайте завершити, це дуже важливе питання.
ParlaMint-UA_2007-12-11-m0.u37.p1.sent1	на те, щоб робити сільськогосподарську землю товаром.
ParlaMint-UA_2007-12-11-m0.u37.p1.sent2	І ми вважаємо, що у такому хаосі, в якому зараз перебуває законодавство, на цьому зараз етапі це є недопустимі речі.
ParlaMint-UA_2007-12-11-m0.u37.p1.sent3	Але, з іншого боку, ми не можемо не знати, що сьогодні у тіньовому секторі сільськогосподарська земля продається повним ходом, змінюється напрямок використання землі і практично іде на ринку, де селянам дають копійки, а потім продають за реальну ринкову вартість спекулянти.
ParlaMint-UA_2007-12-11-m0.u37.p1.sent4	Ці процеси потрібно припиняти, приймаючи всі законопроекти, які забезпечують цивілізований ринок землі, і після цього спільно, вирішуючи всім парламентом, переходити на інші моделі земельних стосунків.
ParlaMint-UA_2007-12-11-m0.u38.p1.sent1	Шановні народні депутати, я хотів з вашого дозволу порадитися.
ParlaMint-UA_2007-12-11-m0.u38.p1.sent2	У нас ще 66 виступаючих.
ParlaMint-UA_2007-12-11-m0.u38.p1.sent3	Якщо дозволите, надійшла пропозиція від фракції „Блоку Юлії Тимошенко”, щоб ми зараз визначилися, чи ми дамо тим фракціям, які ще зараз записані, які генератор випадкових чисел зарахував нижче в таблиці, тобто мова іде про фракцію комуністів і про фракцію „Блок Литвина”, чи ми ще далі будемо іти за списком, який передбачений в нас по запису?
ParlaMint-UA_2007-12-11-m0.u39.p1.sent1	Турчинов, будь ласка.
ParlaMint-UA_2007-12-11-m0.u40.p1.sent1	Шановні друзі, я вважаю, що дуже багато роботи для майбутніх урядовців, і саме тому в зв’язку з тим, що питання ідуть фактично зрозумілі для всіх і всі фракції, які мали можливість записатись, записались і отримали можливість задати питання, є пропозиція підвести риску і перейти до виступів від фракцій.
ParlaMint-UA_2007-12-11-m0.u41.p1.sent1	Якщо ми просто зараз не змінимо порядок, то я переживаю, що інші фракції не зможуть виступити, тому що зараз записані фактично „Блок Юлії Тимошенко” і "Наша Україна".
ParlaMint-UA_2007-12-11-m0.u41.p1.sent2	Нема заперечень, щоб я зараз надав слово, який іде по списку, спуститися на 17 позицію, фракції комуністів?
ParlaMint-UA_2007-12-11-m0.u41.p1.sent3	Немає заперечень?
ParlaMint-UA_2007-12-11-m0.u41.p1.sent4	Дякую.
ParlaMint-UA_2007-12-11-m0.u41.p2.sent1	Фракція комуністів, Кравченко Микола Васильович.
ParlaMint-UA_2007-12-11-m0.u42.p1.sent1	Спасибо.
ParlaMint-UA_2007-12-11-m0.u42.p1.sent2	Юлия Владимировна, вчера на «5 канале» член вашей фракции Омельченко Григорий заявил о том, что в период выборной кампании была коррупция и, будем говорить так, мздоимство за место во фракции в выборном списке.
ParlaMint-UA_2007-12-11-m0.u42.p1.sent3	Как вы можете вот это прокомментировать?
ParlaMint-UA_2007-12-11-m0.u42.p1.sent4	– Раз.
ParlaMint-UA_2007-12-11-m0.u42.p2.sent1	И второе.
ParlaMint-UA_2007-12-11-m0.u42.p2.sent2	Вы сегодня, вот сейчас, выступили, ну, ближе туда, как Президент.
ParlaMint-UA_2007-12-11-m0.u42.p2.sent3	Почему?
ParlaMint-UA_2007-12-11-m0.u42.p2.sent4	Потому что вы ни слова не сказали о Кабинете Министров.
ParlaMint-UA_2007-12-11-m0.u42.p3.sent1	Я бы хотел, чтобы вы конкретно сказали, каким вы Премьер-министром хотите быть – в условиях республики парламентско-президентской или президентско-парламентской?
ParlaMint-UA_2007-12-11-m0.u42.p3.sent2	Почему?
ParlaMint-UA_2007-12-11-m0.u42.p3.sent3	Потому что вы обязались проголосовать за відміну Закону про Кабінет Міністрів.
ParlaMint-UA_2007-12-11-m0.u42.p3.sent4	Спасибо.
ParlaMint-UA_2007-12-11-m0.u43.p1.sent1	Ну, по першому питанню я відносно заяв, виступів і всього іншого хотіла б сказати наступне.
ParlaMint-UA_2007-12-11-m0.u43.p1.sent2	Шановні друзі, до сьогодення, в тому числі і під час виборчої кампанії всі силові структури - Генеральна прокуратура, Міністерство внутрішніх справ були сформовані за участю більшості тоді, практично, вашої команди.
ParlaMint-UA_2007-12-11-m0.u43.p1.sent3	І я вважаю, що ви розраховували на їх якісну роботу.
ParlaMint-UA_2007-12-11-m0.u43.p1.sent4	І якщо ваші силові структури не дали ніяких сигналів на цю тему, не дали ніякого фактажу і ніяких доказів, значить поки що це залишається тільки розмовою.
ParlaMint-UA_2007-12-11-m0.u43.p2.sent1	Наші політичні сили йшли абсолютно на вибори чесно.
ParlaMint-UA_2007-12-11-m0.u43.p2.sent2	І ви знаєте, що значну частину нашого списку складають саме ті народні депутати, які склали свою мандати і потім прийшли в тій же послідовності до Верховної Рад, по списку.
ParlaMint-UA_2007-12-11-m0.u43.p2.sent3	І тому претензії можуть бути тільки до силових структур, які ви поки що очолюєте.
ParlaMint-UA_2007-12-11-m0.u43.p3.sent1	Що стосується уряду, у мене буде час, представити кожного урядовця, сказати про його кар’єру.
ParlaMint-UA_2007-12-11-m0.u44.p1.sent1	Дайте завершити.
ParlaMint-UA_2007-12-11-m0.u45.p1.sent1	про його можливості і про уряд я скажу.
ParlaMint-UA_2007-12-11-m0.u45.p1.sent2	І хочу ще раз зазначити, що за діючою Конституцією уряд України самотужки не переглядає Конституцію.
ParlaMint-UA_2007-12-11-m0.u45.p1.sent3	І тому ми будемо жити і працювати в тому конституційному полі, яке нам запропонує Верховна Рада.
ParlaMint-UA_2007-12-11-m0.u45.p2.sent1	І якщо сьогоднішня Конституція діє і працює, це як раз ті межі, в яких ми будемо працювати.
ParlaMint-UA_2007-12-11-m0.u45.p2.sent2	Прийме парламент трьохстами голосами, або на референдумі, нову редакцію Конституції, або зміни - уряд буде підпорядковуватися і чітко дотримуватися кожної позиції Конституції.
ParlaMint-UA_2007-12-11-m0.u46.p1.sent1	Гриневецький Сергій Рафаїлович, „Блок Литвина”.
ParlaMint-UA_2007-12-11-m0.u47.p1.sent1	Дякую, Арсеній Петрович.
ParlaMint-UA_2007-12-11-m0.u47.p2.sent1	Перш за все, хотів би подякувати вам за те, що ви прислухаєтесь до голосу народу.
ParlaMint-UA_2007-12-11-m0.u47.p2.sent2	Шановна Юлія Володимирівна, чи погодитесь ви з тим, щоб зіграла національна збірна, треба якось обмежити кількість легіонерів і щоб національну лігу не суди іноземні судді, бо правда дуже дорожче?
ParlaMint-UA_2007-12-11-m0.u48.p1.sent1	Я абсолютно з вами погоджуюся.
ParlaMint-UA_2007-12-11-m0.u48.p1.sent2	І, до речі, і в політиці, і в футболі я за те.
ParlaMint-UA_2007-12-11-m0.u48.p1.sent3	щоб у нас було менше легіонерів, тоді нам легше буде вболівати за національні збірні.
ParlaMint-UA_2007-12-11-m0.u48.p2.sent1	І можу вам сказати, що наша команда буде стояти виключно на позиціях національних інтересів України.
ParlaMint-UA_2007-12-11-m0.u48.p2.sent2	І я думаю, що ви в цьому переконаєтеся.
ParlaMint-UA_2007-12-11-m0.u48.p3.sent1	А якщо ми домовимося з Ренатом Леонідовичем відносно кількості легіонерів футбольних збірних, я думаю, у нас їх також буде менше, і ми будемо бачити там українців.
ParlaMint-UA_2007-12-11-m0.u49.p1.sent1	Дякую.
ParlaMint-UA_2007-12-11-m0.u49.p2.sent1	Шановні народні депутати, у нас на запитання-відповіді залишилося 11 хвилин.
ParlaMint-UA_2007-12-11-m0.u49.p2.sent2	Є два підходи.
ParlaMint-UA_2007-12-11-m0.u49.p2.sent3	Підхід перший: я далі продовжую по записам.
ParlaMint-UA_2007-12-11-m0.u49.p2.sent4	Підхід другий: хто підніме руку, хто настоює на виступі, ми маємо в межах 11-ти хвилин, вибачте, на запитання, в межах 11-ти хвилин ми маємо можливість попрацювати.
ParlaMint-UA_2007-12-11-m0.u49.p3.sent1	Я прошу тоді, підхід другий, хто настоює на виступі?
ParlaMint-UA_2007-12-11-m0.u49.p3.sent2	За Регламентом, шановний Петро Миколайович, я вам хочу доповісти, я запитую у народних депутатів: якщо немає заперечень, то я тоді надаю слово вам.
ParlaMint-UA_2007-12-11-m0.u49.p3.sent3	Якщо заперечення є, то по Регламенту до вас слово не дійде, шановний Петро Миколайович, так як ви записаний десь 20 з якимось.
ParlaMint-UA_2007-12-11-m0.u49.p3.sent4	Вибачте.
ParlaMint-UA_2007-12-11-m0.u49.p4.sent1	По Регламенту, фракція комуністів настоює на тому, щоб все відбувалося без запитання Головою Верховної Ради і зверненням до залу, тому що, мені здається, що треба працювати із залом.
ParlaMint-UA_2007-12-11-m0.u49.p4.sent2	Тоді будемо працювати з машиною.
ParlaMint-UA_2007-12-11-m0.u49.p5.sent1	Скубенко Володимир Петрович, "Блок Юлії Тимошенко".
ParlaMint-UA_2007-12-11-m0.u50.p1.sent1	Уважаемая Юлия Владимировна, вы знаете, что одна из самых больных отраслей Украины – это угольная промышленность.
ParlaMint-UA_2007-12-11-m0.u50.p1.sent2	Последние трагические события, которые произошли в этой отрасли, привернули к ней всю увагу.
ParlaMint-UA_2007-12-11-m0.u50.p2.sent1	Скажите, пожалуйста, исходя их того, что за последние годы не построено ни одной шахты на Украине, какой будет политика нового Кабинета Министров в угольной промышленности?
ParlaMint-UA_2007-12-11-m0.u51.p1.sent1	Ну, по-перше, я досить тривалий час, працюючи двічі в уряді – один раз на посаді віце-прем’єр-міністра, другий раз на посаді Прем’єр-міністра, ще раз говорю вам, що головний пріоритет нашої країни – це розвиток видобутку вугілля, який підтримує нашу справжню політичну незалежність, нашу енергетичну незалежність і дає нам прогнозовану стратегію на сотні років вперед.
ParlaMint-UA_2007-12-11-m0.u51.p1.sent2	І тому наша команда домовилася зберігати у складі уряду Міністерство вугільної промисловості.
ParlaMint-UA_2007-12-11-m0.u51.p1.sent3	Ми запропонуємо на посаду міністра вугільної промисловості людину, яку багато років шанує, цінує вся вугільна галузь від шахтаря до керівників вугільних об’єднань.
ParlaMint-UA_2007-12-11-m0.u51.p1.sent4	І я знаю, що ця людина зможе дати абсолютно нову якість і новий поштовх розвитку вугільної промисловості.
ParlaMint-UA_2007-12-11-m0.u51.p2.sent1	Наша ж позиція буде очевидною.
ParlaMint-UA_2007-12-11-m0.u51.p2.sent2	Головні інвестиції країни мусять піти в розвиток вугільної галузі як основи енергетичної безпеки країни.
ParlaMint-UA_2007-12-11-m0.u51.p2.sent3	Але при цьому не забувати, що наші шахтарі сьогодні отримують.
ParlaMint-UA_2007-12-11-m0.u52.p1.sent1	Дайте завершити.
ParlaMint-UA_2007-12-11-m0.u53.p1.sent1	Втричі меншу заробітну плату, навіть ніж на теренах СНД отримують шахтарі, і, як свідчать останні трагедії на шахтах, їх життя абсолютно не захищено ні системою, ні керівництвом, ні практично політикумом України.
ParlaMint-UA_2007-12-11-m0.u53.p1.sent2	Я вважаю, що тут докорінно потрібно міняти підходи.
ParlaMint-UA_2007-12-11-m0.u53.p1.sent3	І підтримаю пропозицію і демократичної коаліції, і Фракції Володимира Литвина, щоб створити спеціальну слідчу комісію у Верховній Раді щодо вивчення ситуації у вугільній галузі, в тому числі на рівні фінансових потоків.
ParlaMint-UA_2007-12-11-m0.u54.p1.sent1	Олійник Святослав Васильович, Блок Юлії Тимошенко.
ParlaMint-UA_2007-12-11-m0.u55.p1.sent1	Шановна Юлія Володимирівна, це зрозуміло, що висока посада Прем’єр-міністра вимагає дбати про кожного громадянина і про кожний регіон нашої держави.
ParlaMint-UA_2007-12-11-m0.u55.p2.sent1	Проте як представник регіону, який є для вас Батьківщиною, я все ж таки хотів би спитати.
ParlaMint-UA_2007-12-11-m0.u55.p2.sent2	Чи може Дніпропетровщина розраховувати на те, що, нарешті, центральна виконавча влада повернеться обличчям до свого регіону, рідного для вас, ще раз підкреслюю?
ParlaMint-UA_2007-12-11-m0.u55.p2.sent3	І такі питання, які болять дніпропетровцям, і про які ми сьогодні говорили на виборчій кампанії, як побудова метрополітену, як водопостачання райцентрів і сіл, як сільські лікарні і дитячі садки, будуть врешті вирішені за допомогою нового уряду.
ParlaMint-UA_2007-12-11-m0.u55.p2.sent4	Це перше питання.
ParlaMint-UA_2007-12-11-m0.u55.p3.sent1	І друге.
ParlaMint-UA_2007-12-11-m0.u55.p3.sent2	Ви дуже добре знаєте, що уряд, який пішов, склав повноваження перед новообраною Верховною Радою, до сього дня веде непримиренну війну з дітьми війни.
ParlaMint-UA_2007-12-11-m0.u55.p3.sent3	Вже маючи на руках судові рішення, ми сьогодні не можемо добитися захисту цієї категорії громадян.
ParlaMint-UA_2007-12-11-m0.u55.p3.sent4	Скажіть, будь ласка, чи можемо ми запевнити їх, що за вашого прем’єрства ми врешті віддамо їм належне за законом?
ParlaMint-UA_2007-12-11-m0.u55.p3.sent5	Дякую.
ParlaMint-UA_2007-12-11-m0.u56.p1.sent1	По-перше, я, дійсно, народилася і майже все своє, першу всю частину життя провела в Дніпропетровську, в Дніпропетровській області.
ParlaMint-UA_2007-12-11-m0.u56.p1.sent2	І я люблю свій край, поважаю дніпропетровчан, ціную їх підтримку.
ParlaMint-UA_2007-12-11-m0.u56.p1.sent3	І думаю, що і Дніпропетровська область , і всі інші області України відчують, що в Україну прийшла влада, яка переймається життям кожного регіону, і люди відчують зміни, я думаю, достатньо швидко.
ParlaMint-UA_2007-12-11-m0.u56.p2.sent1	Що стосується дітей війни, це, як правило, пенсіонери, це люди, які сьогодні вимушені жити на 400-600 гривень в місяць при колосальній інфляції.
ParlaMint-UA_2007-12-11-m0.u56.p2.sent2	Ми захистимо пенсійною реформою, чесним підходом до нарахування пенсії кожного пенсіонера в країні і в тому числі дітей війни, які багато років не можуть отримати захисту.
ParlaMint-UA_2007-12-11-m0.u57.p1.sent1	Дякую.
ParlaMint-UA_2007-12-11-m0.u57.p1.sent2	Губський Богдан Володимирович, „Блок Юлії Тимошенко”.
ParlaMint-UA_2007-12-11-m0.u58.p1.sent1	Шановна Юліє Володимирівно, наступне запитання.
ParlaMint-UA_2007-12-11-m0.u58.p1.sent2	Ви, коли вивчали соціально-економічну ситуацію в нашій державі і потреби людей, сформулювали, що одна з найважливіших проблем сьогодні в Україні – це проблема повернення втрачених заощаджень в „Ощадбанку”.
ParlaMint-UA_2007-12-11-m0.u58.p1.sent3	За останніми соціальними дослідженнями 92,5 відсотка громадян України підтримують ваше формулювання, а саме – за два роки повернути ці гроші.
ParlaMint-UA_2007-12-11-m0.u58.p1.sent4	Є дуже багато в людей запитань.
ParlaMint-UA_2007-12-11-m0.u58.p1.sent5	Ось виборці зверталися, зокрема на минулому тижні я був у ряді областей України, і знаючи, що буде голосування за вас, за Прем’єра, мене попросили саме виборці з ряду сіл і Черкащини, і Київської області сформулювати таке запитання.
ParlaMint-UA_2007-12-11-m0.u58.p1.sent6	Люди запитують: за рахунок яких резервів, за рахунок чого ви зможете добитися того, щоб за два роки ці вклади були повернені?
ParlaMint-UA_2007-12-11-m0.u58.p1.sent7	Дякую за відповідь.
ParlaMint-UA_2007-12-11-m0.u59.p1.sent1	Мені дуже шкода, що політикум України за 17 років звик думати так, що повернення, наприклад, ПДВ експортерам – це першочергове завдання.
ParlaMint-UA_2007-12-11-m0.u59.p1.sent2	Повернення, наприклад, будь-яким великим корпораціям грошей за будь-який крок, плата за будь-яку дію – це є абсолютно, безумовно, зобов’язання влади.
ParlaMint-UA_2007-12-11-m0.u59.p1.sent3	А те, що ті копійки, які люди тримають на своїх ощадних книжках, для них є майже останньою надією в житті, чомусь політикум про це не думає.
ParlaMint-UA_2007-12-11-m0.u59.p1.sent4	Для цього є пояснення: інфляція, відсутність грошей, і взагалі це не першочергове питання.
ParlaMint-UA_2007-12-11-m0.u59.p1.sent5	Я хотіла б, щоб ми поміняли пріоритети і щоб державна влада в Україні мала честь і совість перед людьми, які по 30 років збирали ці гривні, тоді ще рублі, на свої ощадні книжки.
ParlaMint-UA_2007-12-11-m0.u59.p2.sent1	І я вважаю, що справою честі демократичної коаліції є приватна власність, в тому числі на заощадження.
ParlaMint-UA_2007-12-11-m0.u59.p2.sent2	І повернути їх людям, це буде перший крок, який ми будемо робити, повертаючи старі борги.
ParlaMint-UA_2007-12-11-m0.u59.p2.sent3	А повернути.
ParlaMint-UA_2007-12-11-m0.u60.p1.sent1	Дайте завершити.
ParlaMint-UA_2007-12-11-m0.u61.p1.sent1	А повернути ці гроші, так, щоб не було інфляції, це не питання людей, яким заборгували, а це питання фаховості влади, яка або здатна, або не здатна.
ParlaMint-UA_2007-12-11-m0.u61.p1.sent2	Не здатна - немає чого братись.
ParlaMint-UA_2007-12-11-m0.u61.p2.sent1	Ми здатні і будемо повертати за два роки.
ParlaMint-UA_2007-12-11-m0.u62.p1.sent1	У нас залишилось три хвилини, Таран Віктор Васильович, "Блок Юлії Тимошенко".
ParlaMint-UA_2007-12-11-m0.u63.p1.sent1	Шановна Юлія Володимирівна!
ParlaMint-UA_2007-12-11-m0.u63.p1.sent2	Держава міцна тоді, коли вона стоятиме на духовних каменях, а яка духовність у нас, коли, скажімо, на душі населення видається менше однієї книжки, в Росії – порядка десяти, у Франції - порядка двадцяти.
ParlaMint-UA_2007-12-11-m0.u63.p1.sent3	І то питання, які будуть кроки вашого уряду, щоб Україна була Україною, а не, скажімо, так космополітичною, бездуховною територією, де колись жили українці.
ParlaMint-UA_2007-12-11-m0.u63.p2.sent1	І Україна знову ж таки буде Україною, коли вона буде соборною.
ParlaMint-UA_2007-12-11-m0.u63.p2.sent2	І от в Комітеті з прав людини, надіюсь, надіюсь, ми будемо розглядати розроблену нами програму повернення українців на рідну землю.
ParlaMint-UA_2007-12-11-m0.u63.p2.sent3	То знову таки, які будуть діяти дії уряду, щоб Україна об’єднала всіх в одну сім’ю, всіх сущих українців в усьому світі, розкиданих поза океанах, по „росіях”, по всіх кутках.
ParlaMint-UA_2007-12-11-m0.u63.p2.sent4	Дякую.
ParlaMint-UA_2007-12-11-m0.u64.p1.sent1	Я думаю, що це одне з ключових питань, яке потрібно вирішити владі.
ParlaMint-UA_2007-12-11-m0.u64.p1.sent2	І ми всі володіємо статистикою, що по різним оцінкам біля п’яти мільйонів громадян України виїжджають, або сезонно, або довгостроково працювати за межі України, залишаючи свої родити, залишаючи своїх дітей в Україні, і причина для того безумовно одна – це нездатність влади створити умови, при яких людина може мати роботу і достойну заробітну плату, бути захищеною і не порабощеною чиновниками, і ця причина приводить до того, що ми втрачаємо і втрачаємо високопрофесійних людей.
ParlaMint-UA_2007-12-11-m0.u64.p1.sent3	Наше завдання, зібрати громадян України по всьому світові не закликами, не переконаннями, а створенням умов, які будуть конкурентними порівняно з іншими країнами світу для того, щоб громадяни України приїхали, жили і працювали в Україні.
ParlaMint-UA_2007-12-11-m0.u64.p1.sent4	І тут є дві складові: це зняти колосальний тиск, який чиниться сьогодні на малий бізнес, щоб люди, повертаючи, мали можливість цей малий бізнес мати і друге, це заробітна плата.
ParlaMint-UA_2007-12-11-m0.u65.p1.sent1	Завершити дайте.
ParlaMint-UA_2007-12-11-m0.u66.p1.sent1	Яка буде конкурентною порівняно з іншими країнами.
ParlaMint-UA_2007-12-11-m0.u66.p1.sent2	Тому що ми боремося за людей, які будуть жити і працювати в Україні.
ParlaMint-UA_2007-12-11-m0.u67.p1.sent1	Дякую, Юлія Володимирівна.
ParlaMint-UA_2007-12-11-m0.u67.p1.sent2	Шевчук Сергій Володимирович, це останнє запитання, „Блок Юлії Тимошенко.”.
ParlaMint-UA_2007-12-11-m0.u68.p1.sent1	Дякую.
ParlaMint-UA_2007-12-11-m0.u68.p1.sent2	Шановна Юлія Володимирівна, ми торкнулися питання українських мігрантів і в мене з цього приводу є також до вас запитання.
ParlaMint-UA_2007-12-11-m0.u68.p1.sent3	Як відомо, дві політичні сили „Батьківщина” і „Наша Україна” розпочали досить тісну кооперацію з Європейською народною партією, як найбільш потужною Європейською політичною силою.
ParlaMint-UA_2007-12-11-m0.u68.p1.sent4	Водночас, відомо, що Європейська народна партія проявляє досить стримане ставлення до входження України до ЄС і надає перевагу європейській поліції сусідства.
ParlaMint-UA_2007-12-11-m0.u68.p1.sent5	Скажіть, будь ласка, які аргументи будуть знайдені урядом разом із Президентом України і парламентом для того, щоб відновити довіру наших європейських партнерів, щоб пришвидшити процеси європейської інтеграції України?
ParlaMint-UA_2007-12-11-m0.u68.p1.sent6	Дякую.
ParlaMint-UA_2007-12-11-m0.u69.p1.sent1	Дійсно, дві наші політичні сили є учасниками партійної асоціації, партійного об’єднання Європейська народна партія.
ParlaMint-UA_2007-12-11-m0.u69.p1.sent2	І я думаю, перший крок, який ми мусимо з вами робити, це дійсно будувати в Україні європейські стандарти і правила, і починати, безумовно, потрібно з політиків самих, а в другу чергу, з адаптації європейського законодавства в Україні.
ParlaMint-UA_2007-12-11-m0.u69.p1.sent3	Я думаю, що цей шлях ми пройдемо і будемо надійними партнерами для Європейського Союзу.
ParlaMint-UA_2007-12-11-m0.u69.p1.sent4	І враховуючи, що це було останнє запитання, я хочу завершити відповіді на запитання, по-перше, вдячністю демократичній коаліції як нашій рідній фракції, так і нашим партнерам по демократичній коаліції "Нашій Україні-Народній самообороні", Президенту України Віктору Андрійовичу Ющенко за довіру, яку ви висловили до мене, запропонувавши кандидатуру на посаду Прем’єр-міністра.
ParlaMint-UA_2007-12-11-m0.u69.p1.sent5	І я хочу, щоб ви знали, що ця довіра для мене є дуже цінною, і я жодним кроком, словом, навіть, поглядом цю довіру ніяк не принижу.
ParlaMint-UA_2007-12-11-m0.u69.p1.sent6	Я думаю, що ми будемо працювати дійсно як українська влада.
ParlaMint-UA_2007-12-11-m0.u70.p1.sent1	Дякуємо, Юлії Володимирівні.
ParlaMint-UA_2007-12-11-m0.u70.p2.sent1	Дайте завершити.
ParlaMint-UA_2007-12-11-m0.u71.p1.sent1	І думаю, що не тільки демократична коаліція, а й політикум і народ буде пишатися новою владою в Україні.
ParlaMint-UA_2007-12-11-m0.u71.p1.sent2	Дякую дуже.
ParlaMint-UA_2007-12-11-m0.u72.p1.sent1	Дякуємо, Юлія Володимирівна.
ParlaMint-UA_2007-12-11-m0.u72.p2.sent1	Час на запитання і відповіді, шановні народні депутати вичерпано.
ParlaMint-UA_2007-12-11-m0.u72.p2.sent2	Зараз ми повинні перейти до наступного етапу – це обговорення кандидатури на пост Прем’єр-міністра України.
ParlaMint-UA_2007-12-11-m0.u72.p2.sent3	Я прошу на виступ з трибуни по фракціям записатися.
ParlaMint-UA_2007-12-11-m0.u72.p2.sent4	30 хвилин – так, як ми домовлялися.
ParlaMint-UA_2007-12-11-m0.u72.p2.sent5	Тому по 5 хвилин кожна фракція, будь ласка.
ParlaMint-UA_2007-12-11-m0.u72.p3.sent1	Я попрошу до слова Кириленка В’ячеслав Анатолійовича, блок "Наша Україна-Народна самооборона".
ParlaMint-UA_2007-12-11-m0.u73.p1.sent1	Шановний пане Президент!
ParlaMint-UA_2007-12-11-m0.u73.p1.sent2	Шановні народні депутати!
ParlaMint-UA_2007-12-11-m0.u73.p1.sent3	Ми пройшли складну, виборчу кампанію, під час якої люди висловлювалися щодо позиції наших політичних сил.
ParlaMint-UA_2007-12-11-m0.u73.p1.sent4	У кожної із сили, яка тут у залі, різний погляд на багато речей.
ParlaMint-UA_2007-12-11-m0.u73.p1.sent5	Однак ми всі переймаємося тим, якою буде у майбутньому наша рідна країна.
ParlaMint-UA_2007-12-11-m0.u73.p1.sent6	Ми бачили пропозицію для країни у створенні коаліції демократичних сил і у початку системних економічних реформ.
ParlaMint-UA_2007-12-11-m0.u73.p1.sent7	Як це не було складно, але дві фракції "Наша Україна-Народна самооборона" і БЮТ утворили демократичну коаліцію, спромоглися обрати Голову Верховної Ради і винесли на затвердження залу і цілого суспільства кандидатуру Прем’єр-міністра.
ParlaMint-UA_2007-12-11-m0.u73.p2.sent1	Ми переконані, що цей уряд повинен вдатися до цілої низки першочергових справ, він не повинен розмінюватися на дрібниці, але сконцентруватися на головному.
ParlaMint-UA_2007-12-11-m0.u73.p2.sent2	Оскільки в країні давно уже очікується податкова реформа і зменшення податків, ми повинні побачити новий Бюджетний кодекс і реформу самоврядування.
ParlaMint-UA_2007-12-11-m0.u73.p2.sent3	Ми бачимо цей новий уряд як уряд, який запропонує суспільству і забезпечить реалізацію усіх соціальних ініціатив президента.
ParlaMint-UA_2007-12-11-m0.u73.p2.sent4	Ми бачимо цей уряд як уряд, понад усе, економічних та соціальних реформ.
ParlaMint-UA_2007-12-11-m0.u73.p3.sent1	І взагалі, ми в „Нашій Україні” переконані у тому, що об’єднати країну може не механічне поєднання якихось політичних сил і якихось політичних фракцій, а спільна робота заради економічних реформ.
ParlaMint-UA_2007-12-11-m0.u73.p4.sent1	Будуть вдалі і якісні реформи, значить буде реальне і остаточне об’єднання країни.
ParlaMint-UA_2007-12-11-m0.u73.p4.sent2	І то, це якщо вважати, що вона роз’єднана.
ParlaMint-UA_2007-12-11-m0.u73.p4.sent3	Ми маємо просто різні погляди громадян на розв’язання тих, чи інших політичних проблем.
ParlaMint-UA_2007-12-11-m0.u73.p4.sent4	І зараз свій спосіб розв’язання цих проблем країні запропонує демократична коаліція.
ParlaMint-UA_2007-12-11-m0.u73.p4.sent5	Але при цьому, ми переконані, що значення парламентської опозиції і в парламенті, і в суспільстві повинно зростати.
ParlaMint-UA_2007-12-11-m0.u73.p5.sent1	Саме тому „Наша Україна - Народна самооборона” не налаштована на логіку конфронтації.
ParlaMint-UA_2007-12-11-m0.u73.p5.sent2	Ми вважаємо, що опозиційні фракції повинні мати могутні і впливові важелі впливу на ситуацію, як в парламенті, так і в цілому в країні.
ParlaMint-UA_2007-12-11-m0.u73.p5.sent3	Для цього ми готові іти на ті поступки, які уже задекларовані і на інші наступного характеру.
ParlaMint-UA_2007-12-11-m0.u73.p6.sent1	Але безумовно, ті, хто зараз перебувають у парламентській меншості, не можуть себе почувати тими, хто поза процесом ухвалення політичних рішень в країні, бо це було б не правильно.
ParlaMint-UA_2007-12-11-m0.u73.p7.sent1	Ну і крім того, я хотів би наголосити на питанні, яке важливе для самих демократичних сил, бо ми бачимо цей уряд, який, вірю, сьогодні буде обрано сильним урядом демократичних реформ.
ParlaMint-UA_2007-12-11-m0.u73.p7.sent2	Разом з тим, ми не хотіли би бачити повторення помилок 2005 року.
ParlaMint-UA_2007-12-11-m0.u73.p7.sent3	Дві сили, які складають уряд, а також ті позапартійні професіонали, які запрошені до роботи в цьому уряді, повинні демонструвати єдність у підходах.
ParlaMint-UA_2007-12-11-m0.u73.p7.sent4	Вони повинні сто разів зважити перед тим, як запропонувати суспільству рішення.
ParlaMint-UA_2007-12-11-m0.u73.p7.sent5	Але це має бути таке рішення, з яким погодяться не тільки всі депутати демократичної коаліції в парламенті, але навіть по ключових питаннях і наші опоненти.
ParlaMint-UA_2007-12-11-m0.u73.p7.sent6	І, безумовно, це повинні бути рішення економічного та соціального характеру.
ParlaMint-UA_2007-12-11-m0.u73.p7.sent7	Якщо буде таке розуміння відповідальності і така робота, то це буде плідний і ефективний уряд, якого вже давно чекає Україна.
ParlaMint-UA_2007-12-11-m0.u73.p8.sent1	Ну і взагалі, ми переконані, що нарешті вперше з 2005 року всенародно обраний президент Ющенко тепер має більшість у парламенті, на яку він може спертися.
ParlaMint-UA_2007-12-11-m0.u73.p8.sent2	На жаль, такої ситуації для країни і для всенародно обраного президента не було ані в 2005, ані в 2006, ані дотепер, у 2007 році.
ParlaMint-UA_2007-12-11-m0.u73.p8.sent3	Тепер демократична більшість мусить створити всенародному президенту умови для тієї діяльності, яка дозволить країні зробити різкий стрибок до європейських цінностей, до європейських стандартів, до чесної, зрозумілої і прозорої європейської політики.
ParlaMint-UA_2007-12-11-m0.u73.p8.sent4	Спасибі.
ParlaMint-UA_2007-12-11-m0.u74.p1.sent1	Зубов Валентин Сергійович, "Блок Юлії Тимошенко".
ParlaMint-UA_2007-12-11-m0.u74.p1.sent2	Прошу.
ParlaMint-UA_2007-12-11-m0.u75.p1.sent1	Шановний пане президенте, шановний голово, шановні колеги народні депутати!
ParlaMint-UA_2007-12-11-m0.u75.p1.sent2	Я хотів би почати з того, що, ну, не все, очевидно, добре в нашому домі і ми розуміємо, що не все добре.
ParlaMint-UA_2007-12-11-m0.u75.p1.sent3	Але все-таки ми відчуваєм вітер якихсь перемін.
ParlaMint-UA_2007-12-11-m0.u75.p1.sent4	І з сьогоднішнім днем наші виборці, багато громадян України, демократичні сили пов’язують надії на ті зміни, які мають розпочатися відсьогодні.
ParlaMint-UA_2007-12-11-m0.u75.p2.sent1	Я хотів би наголосити на тій обставині, що вперше в Україні саме в ході цих виборів ми отримали можливість сформувати у Верховній Раді демократичну коаліцію і демократичну більшість.
ParlaMint-UA_2007-12-11-m0.u75.p2.sent2	Я й багато моїх колег багато років ішли до цього дня, щоб врешті-решт отримати повні і реальні важелі впливу і важелі розв’язання тих великих проблем, величезних проблем, які набралися на сьогодні, накопичилися в Україні, перш за все в її економіці.
ParlaMint-UA_2007-12-11-m0.u75.p3.sent1	Я хочу звернутися до всіх і сказати, і перш за все, колегам по Верховній Раді, парламентській опозиції, що в нас немає шапкозакидання, в нас немає ейфорії, в нас є відчуття великої тривоги і великої відповідальності за стан справ, який є в нашій державі.
ParlaMint-UA_2007-12-11-m0.u75.p4.sent1	Я цілком усвідомлюю, яке коло питань, і перш за все, в економічній сфері, доведеться вирішити нашій команді.
ParlaMint-UA_2007-12-11-m0.u75.p4.sent2	І оскільки ми говорили сьогодні вже багато разів і використовували таку спортивну і футбольну тематику, я хочу сказати, що ми віримо в нашого капітана, ми віримо в нашу команду.
ParlaMint-UA_2007-12-11-m0.u75.p4.sent3	Я впевнений, що наша команда в складі демократичної коаліції гратиме злагоджено і добре, але при цьому я хочу ще раз наголосити, що ми не збираємося перемагати в цій грі парламентську опозицію і забивати вам голи.
ParlaMint-UA_2007-12-11-m0.u75.p4.sent4	Ми хочемо перемогти той економічний стан, який реально склався на сьогодні.
ParlaMint-UA_2007-12-11-m0.u75.p4.sent5	Ми хочемо вирішити проблеми пенсійної реформи, повернення заощаджень, збалансувати ціни на енергоносії і багато речей про які, стоячі тільки що на цій трибуні, говорила наш кандидат в Прем’єр-міністри Юлія Володимирівна Тимошенко.
ParlaMint-UA_2007-12-11-m0.u75.p5.sent1	Я віру в те, що ми сьогодні матимемо і Прем’єра, і уряд.
ParlaMint-UA_2007-12-11-m0.u75.p5.sent2	Я хочу побажати, і Прем’єру, і уряду, і нашій команді, і тренеру нашій команди успіхів у всьому.
ParlaMint-UA_2007-12-11-m0.u75.p5.sent3	Я висловлюю величезну оптимістичну надію в цей успіх і на закінчення хочу процитувати ще слова одного нашого колеги.
ParlaMint-UA_2007-12-11-m0.u75.p5.sent4	коаліції, перспективного на майбутнє молодого і толкового політика, який співає у своїй пісні: „Все буде добре”, - це співав Славко Вакарчук.
ParlaMint-UA_2007-12-11-m0.u75.p6.sent1	Бажаю всім успіху.
ParlaMint-UA_2007-12-11-m0.u76.p1.sent1	Гриневецький Сергій Рафаїлович, „Блок Литвина”.
ParlaMint-UA_2007-12-11-m0.u77.p1.sent1	Шановний пане Президенте, пане Голово, пані номінантка на прем’єрську посаду, колеги!
ParlaMint-UA_2007-12-11-m0.u77.p1.sent2	Я розпочну свій виступ із цитати: „Триваюча політична нестабільність є результатом того, що численні українські уряди не мали узгодженої політики, підкріпленої змістовними юридичними, адміністративними та економічними реформами”.
ParlaMint-UA_2007-12-11-m0.u77.p1.sent3	Це слова з 1-го пункту Резолюції Парламентської Асамблеї Ради Європи, яка прийнята 19 квітня 2007 року.
ParlaMint-UA_2007-12-11-m0.u77.p2.sent1	За 16 років незалежності сформувалося кілька прикрих традицій урядової діяльності.
ParlaMint-UA_2007-12-11-m0.u77.p3.sent1	По-перше, сердня тривалість роботи одного уряду складає трохи більше року можливо і через те, що, не встигнувши насидіти прем’єрське крісло, починають висмикувати його із-під президента.
ParlaMint-UA_2007-12-11-m0.u77.p4.sent1	По-друге, на посаді прем’єра після певної перерви з’являються ті ж самі особи.
ParlaMint-UA_2007-12-11-m0.u77.p4.sent2	Складається враження, що лава достойників у нас дуже обмежена.
ParlaMint-UA_2007-12-11-m0.u77.p5.sent1	По-третє, кожен уряд запевняє у тому, що він буде кращим за попередників, але виходить так, що він відтворює на новому витку примітивну економіку доступу, тобто систему, у якій важливу роль відіграє те, наскільки ти близький до верхівки владної піраміди, а відтак до державної годівниці.
ParlaMint-UA_2007-12-11-m0.u77.p6.sent1	І в передвиборчих програмах і в коаліційній угоді багато місця приділяється питанням боротьби з корупцією в цілому та політичної корупції зокрема.
ParlaMint-UA_2007-12-11-m0.u77.p6.sent2	Але давайте згадаємо, чи не в цій самій залі у лютому 2005 року закладалися її основи, коли підписувалося призначення на міністерскі та губернаторські посади?
ParlaMint-UA_2007-12-11-m0.u77.p6.sent3	В основі розподілу посад лежав сумнозвісний квотний принцип, який залишається недоторканим і в 2006, і в 2007 році.
ParlaMint-UA_2007-12-11-m0.u77.p6.sent4	Звідци і недостатній професійний рівень посадовців на центральному і особливо на місцевому рівні.
ParlaMint-UA_2007-12-11-m0.u77.p6.sent5	Отже, боротьбу з політичною корупцією треба розпочинати з ліквідації її джерела – квотного принципу.
ParlaMint-UA_2007-12-11-m0.u77.p6.sent6	Саме на це має бути спрямована політична воля всіх гілок влади, бо крадіжки і корупція паралізують державу, стають причиною технологічного відставання, правової і організаційної нездатності.
ParlaMint-UA_2007-12-11-m0.u77.p6.sent7	Про яке диво азійських тигрів можна говорити, коли чиновники діють всупереч інтересам національного товаровиробника, а зношеність основних та виробничих фондів досягла критичної межі.
ParlaMint-UA_2007-12-11-m0.u77.p7.sent1	Показовою є ситуація в агропромисловому комплексі.
ParlaMint-UA_2007-12-11-m0.u77.p7.sent2	Нас розбестили розмови про багаті українські чорноземи, ресурси яких безжалісно експлуатуються.
ParlaMint-UA_2007-12-11-m0.u77.p7.sent3	У той же час площі під корові культури скоротилися вдвічі порівняно з 1990 роком.
ParlaMint-UA_2007-12-11-m0.u77.p7.sent4	Звідси занепад тваринництва.
ParlaMint-UA_2007-12-11-m0.u77.p7.sent5	Українські громадяни споживають морожене м’ясо та рибу невідомого походження, а на десерт ще і трансгенні продукти.
ParlaMint-UA_2007-12-11-m0.u77.p7.sent6	Технологічне відставання буде зростати, якщо вже зараз не приділити уваги проблемам освіти.
ParlaMint-UA_2007-12-11-m0.u77.p7.sent7	Викладачі вищої школи б’ють на сполох, рівень знань катастрофічно падає.
ParlaMint-UA_2007-12-11-m0.u77.p7.sent8	Якщо на фізичні і математичні факультети недобір, то це свідчить про те, що держава не приділяє належної уваги фундаментальним наукам, які є основою технологічного прориву.
ParlaMint-UA_2007-12-11-m0.u77.p7.sent9	Між іншим, саме математика і фізика формують фундамент розвитку логіки інтелекту, світогляду науково-технічного процесу.
ParlaMint-UA_2007-12-11-m0.u77.p8.sent1	І, нарешті, про головне.
ParlaMint-UA_2007-12-11-m0.u77.p8.sent2	Реформа місцевої влади не замінить собою цілісну політику щодо регіонального розвитку, а потреба такої політики підтверджується зростанням соціально-економічних диспропорцій між окремими областями.
ParlaMint-UA_2007-12-11-m0.u77.p8.sent3	Необхідно повернутися до виконання загальнодержавної програми розвитку малих міст, затверджених, до речі, Верховною Радою, Закону про стимулювання розвитку регіонів.
ParlaMint-UA_2007-12-11-m0.u77.p9.sent1	Державна регіональна політика повинна мати не лише соціально-економічний вимір, але і певне культурно-ідеологічне наповнення.
ParlaMint-UA_2007-12-11-m0.u77.p9.sent2	Потрібна відмова від нав’язування цінностей одних регіонів іншим, міжрегіональний діалог, пошук спільних ідеалів.
ParlaMint-UA_2007-12-11-m0.u77.p9.sent3	Тільки так уряд зможе провести політику єднання країни, подолання негативних наслідків подій кінця 2004 року.
ParlaMint-UA_2007-12-11-m0.u77.p10.sent1	Дякую за увагу.
ParlaMint-UA_2007-12-11-m0.u78.p1.sent1	Дякуємо.
ParlaMint-UA_2007-12-11-m0.u78.p2.sent1	Александровська Алла Олександрівна, Комуністична партія України.
ParlaMint-UA_2007-12-11-m0.u79.p1.sent1	Уважаемые присутствующие, уважаемые народные депутаты!
ParlaMint-UA_2007-12-11-m0.u79.p1.sent2	Какие требования мы предъявляем к кандидатам на пост Премьер-министра Украины?
ParlaMint-UA_2007-12-11-m0.u79.p1.sent3	Какими качествами должен обладать человек, возглавляющий вертикаль исполнительной власти в государстве?
ParlaMint-UA_2007-12-11-m0.u79.p2.sent1	Я думаю, вы согласитесь, что к важнейшим качествам следует отнести компетентность и ответственность.
ParlaMint-UA_2007-12-11-m0.u79.p2.sent2	Компетентность, безусловно, потому что, образно говоря, от этого человека будет зависеть принятие решений, в частности влияющих на судьбы граждан Украины, а в целом, определяющих перспективу развития всего государства.
ParlaMint-UA_2007-12-11-m0.u79.p3.sent1	О компетентности судят по тому, каким опытом обладает кандидат, по тому, как он этот опыт в своей жизни использует.
ParlaMint-UA_2007-12-11-m0.u79.p3.sent2	Ведь очень важно, чтобы решение Премьер-министр принимал не в результате манипуляций им окружением – консультантами, советниками, важно, чтобы эти решения принимались ответственно, в том числе и на основании своего собственного опыта и собственных знаний.
ParlaMint-UA_2007-12-11-m0.u79.p4.sent1	О чем же говорит послужной список Тимошенко, который нам с вами роздали для изучения?
ParlaMint-UA_2007-12-11-m0.u79.p4.sent2	Из всего трудового стажа самый продолжительный период работы – пять лет – это работа инженером на заводе в Днепропетровске, инженером по организации труда и три года – это общество с ограниченной ответственностью «Куб», трансформированное впоследствии в печально известные «Единые энергетические системы».
ParlaMint-UA_2007-12-11-m0.u79.p4.sent3	Какой опыт приобрела кандидат за это время?
ParlaMint-UA_2007-12-11-m0.u79.p5.sent1	Не потому ли и вопрос, и на этот вопрос ответ понятен.
ParlaMint-UA_2007-12-11-m0.u79.p5.sent2	Не потому ли ее премьерство в 2005 году сопровождалось бензиновым, сахарным, мясным кризисами, во время которых был дан толчок росту цен на всю и вся?
ParlaMint-UA_2007-12-11-m0.u79.p5.sent3	Не потому ли она приветствовала перепродажу «Криворожстали», в результате чего Украина окончательно потеряла этот крупнейший металлургический комбинат?
ParlaMint-UA_2007-12-11-m0.u79.p5.sent4	А чего стоит громкая ее отставка в 2005 году после скандальных обвинений в использовании служебного положения, выдвинутых в ее адрес со стороны Президента?
ParlaMint-UA_2007-12-11-m0.u79.p6.sent1	Если же говорить об ответственности, то и здесь сомнения одолевают еще в большей степени.
ParlaMint-UA_2007-12-11-m0.u79.p6.sent2	Тяга к громким заявлениям, необоснованным обещаниям и прожектам явно выходят за рамки допустимого.
ParlaMint-UA_2007-12-11-m0.u79.p6.sent3	Неудивительно, что в результате мы имеем всевозможные кризисы, о которых я уже говорила, а люди, к сожалению, переживают настоящие потрясения и стрессы.
ParlaMint-UA_2007-12-11-m0.u79.p7.sent1	Разве не переживают сегодня многие в Украине, особенно те, кто поверил обещаниям Тимошенко вернуть за два года трудовые сбережения и отменить с первого января призыв в армию, ведь они видят сегодня вероятность того, что эти обещания практически вероятность их реализации приближается к нулю.
ParlaMint-UA_2007-12-11-m0.u79.p8.sent1	И вот сегодня в докладе даже на те вопросы, которые прозвучали от коллег по фракции и по блоку не даны были конкретные ответы как, за счет чего это все будет реализовано.
ParlaMint-UA_2007-12-11-m0.u79.p8.sent2	Это значит, что сегодня люди, которые слушают вот эти наши дебаты, они опять встревожены, потому что опять нет конкретного вопроса на эти очень злободневные, острые вопросы.
ParlaMint-UA_2007-12-11-m0.u79.p9.sent1	Необходимо быть ответственным за свои слова и поступки и следовать не политической конъюнктуре, а следовать действительно требованиям времени и думать об Украине.
ParlaMint-UA_2007-12-11-m0.u79.p10.sent1	Тема политической коррупции, громко заявленная Тимошенко в начале этого года, на прошлой неделе получило неожиданное продолжение, когда в ходе выборов Председателя Верховной Рады Юлия Владимировна лично контролировала процесс голосования народными депутатами, членами «оранжевой коалиции».
ParlaMint-UA_2007-12-11-m0.u79.p10.sent2	Напрашивается вопрос – недоверие или отсутствие такого доверия, или несогласованность действий – какими же рычагами Тимошенко осуществляет давление на депутатов или каким же образом осуществляет этот контроль, и почему депутаты это терпят.
ParlaMint-UA_2007-12-11-m0.u79.p10.sent3	Нельзя ли это называть «политическая коррупция в рамках определенных фракций или блоков»?
ParlaMint-UA_2007-12-11-m0.u79.p11.sent1	Фракция коммунистов не будет поддерживать эту кандидатуру на пост Премьер-министра еще и потому, что нет уверенности, что этот человек обеспечит поставки газа по приемлемым ценам в Украину без посредника, того посредника, к деятельности которого причастно и ближайшее окружение Президента.
ParlaMint-UA_2007-12-11-m0.u79.p11.sent2	Почему мы сомневаемся в том, что это будет сделано, эти обещания буду реализованы и посредника не будет?
ParlaMint-UA_2007-12-11-m0.u79.p11.sent3	Просто потому, что возглавляемые ею в своё время «Единые энергетические системы» выполняли аналогичную функцию.
ParlaMint-UA_2007-12-11-m0.u79.p11.sent4	К тому же и все помнят по чьей инициативе были разрушены долговременные договоренности с Россией по поставкам газа в Украину по приемлемым ценам, и все помнят с чего начался рост цен на газ, на коммунальные платежи и практически на всё.
ParlaMint-UA_2007-12-11-m0.u79.p11.sent5	Именно поэтому фракция коммунистов и не будет поддерживать выдвижение Тимошенко на пост Премьер-министра Украины.
ParlaMint-UA_2007-12-11-m0.u79.p11.sent6	Возможно, Юлией Владимировной движут благие намерения, но этого, как известно, недостаточно.
ParlaMint-UA_2007-12-11-m0.u79.p12.sent1	И, Арсений Петрович, спасибо вам большое за то, что вы хотели предоставить нам возможность задать вопросы, но мы понимали бессмысленность, потому что даже на те вопросы, которые задавали коллеги по фракции, ответа конкретного получено не было.
ParlaMint-UA_2007-12-11-m0.u79.p13.sent1	Спасибо вам.
ParlaMint-UA_2007-12-11-m0.u80.p1.sent1	Дякую.
ParlaMint-UA_2007-12-11-m0.u80.p2.sent1	Шановні народні депутати, хотів би зазначити.
ParlaMint-UA_2007-12-11-m0.u80.p2.sent2	Отже, ми дали можливість кандидату на пост Прем’єр-міністра висловити позицію.
ParlaMint-UA_2007-12-11-m0.u80.p2.sent3	Ми 30 хвилин попрацювали по запитаннях–відповідях.
ParlaMint-UA_2007-12-11-m0.u80.p2.sent4	Ми обговорили кандидатуру на пост Прем’єр-міністра України.
ParlaMint-UA_2007-12-11-m0.u80.p2.sent5	Таким чином, всі регламентні підготовчі норми щодо попередніх дій перед голосуванням за відповідну кандидатуру здійснені.
ParlaMint-UA_2007-12-11-m0.u80.p3.sent1	Шановні народні депутати, я прошу уваги!
ParlaMint-UA_2007-12-11-m0.u80.p3.sent2	У нас внесений проект Постанови Верховної Ради реєстраційний номер 1005 „Про призначення Тимошенко Юлії Володимирівни Прем’єр-міністром України”.
ParlaMint-UA_2007-12-11-m0.u80.p3.sent3	Він знаходиться у вас на руках розданий.
ParlaMint-UA_2007-12-11-m0.u80.p3.sent4	Як Голова Верховної Ради я би хотів зазначити, що в тому проекті, який у вас зараз на руках знаходиться, відсутній другий пункт, а саме: „на момент набуття чинності постанови”.
ParlaMint-UA_2007-12-11-m0.u80.p4.sent1	Тому я хотів би сформулювати текст постанови.
ParlaMint-UA_2007-12-11-m0.u80.p5.sent1	Постанова Верховної Ради України „Про призначення Тимошенко Юлії Володимирівни Прем’єр-міністром України”.
ParlaMint-UA_2007-12-11-m0.u80.p6.sent1	Пункт перший.
ParlaMint-UA_2007-12-11-m0.u80.p6.sent2	„Відповідно до пункту 12 частини першої статті 85 Конституції України Верховна Рада України постановляє.
ParlaMint-UA_2007-12-11-m0.u80.p7.sent1	Перше.
ParlaMint-UA_2007-12-11-m0.u80.p7.sent2	Призначити Тимошенко Юлію Володимирівну Прем’єр-міністром України.
ParlaMint-UA_2007-12-11-m0.u80.p8.sent1	Друге.
ParlaMint-UA_2007-12-11-m0.u80.p8.sent2	Постанова набуває чинності з моменту її прийняття”.
ParlaMint-UA_2007-12-11-m0.u80.p9.sent1	Це буде юридично коректна нормопроектувальна техніка постанови.
ParlaMint-UA_2007-12-11-m0.u80.p10.sent1	З огляду на це, відповідно до статті 85 Конституції України та статті 200 Регламенту Верховної Ради України ставлю на голосування Постанову Верховної Ради з правками, щойно мною внесеними, щодо призначення Тимошенко Юлії Володимирівни Прем’єр-міністром України.
ParlaMint-UA_2007-12-11-m0.u80.p10.sent2	Голосування відбувається у відкритому та поіменному режимі.
ParlaMint-UA_2007-12-11-m0.u80.p11.sent1	Прошу поставити дане питання на голосування.
ParlaMint-UA_2007-12-11-m0.u80.p11.sent2	Прошу голосувати.
ParlaMint-UA_2007-12-11-m0.u80.p12.sent1	За-225
ParlaMint-UA_2007-12-11-m0.u80.p13.sent1	Я прошу показати по фракціях.
ParlaMint-UA_2007-12-11-m0.u80.p14.sent1	Шановні народні депутати!
ParlaMint-UA_2007-12-11-m0.u80.p14.sent2	Ви.
ParlaMint-UA_2007-12-11-m0.u80.p14.sent3	я прошу.
ParlaMint-UA_2007-12-11-m0.u80.p14.sent4	Виступили заперечення з боку народних депутатів, вибачте, про те, що не встигли поставити картку, півхвилини.
ParlaMint-UA_2007-12-11-m0.u80.p15.sent1	Я прошу заспокоїтись, я прошу заспокоїтись народних депутатів.
ParlaMint-UA_2007-12-11-m0.u80.p15.sent2	Турчинов Олександр Валентинович!
ParlaMint-UA_2007-12-11-m0.u80.p15.sent3	Турчинов Олександр Валентинович, ви просили слова.
ParlaMint-UA_2007-12-11-m0.u80.p15.sent4	Вибачте, заспокоїтесь, нічого не буде нерегламентних дій.
ParlaMint-UA_2007-12-11-m0.u80.p16.sent1	Я прошу сісти.
ParlaMint-UA_2007-12-11-m0.u81.p1.sent1	Шановні колеги, у нас, Арсеній Петрович, Арсеній Петрович, я до вас звертаюсь.
ParlaMint-UA_2007-12-11-m0.u81.p1.sent2	У нас, на жаль, у депутата Деньковича не спрацювала картка.
ParlaMint-UA_2007-12-11-m0.u81.p1.sent3	І ми просимо в зв’язку із технічною проблемою поставити на голосування це питання.
ParlaMint-UA_2007-12-11-m0.u82.p1.sent1	Повторна процедура.
ParlaMint-UA_2007-12-11-m0.u82.p1.sent2	Я почув.
ParlaMint-UA_2007-12-11-m0.u82.p2.sent1	Катеринчук Микола Дмитрович.
ParlaMint-UA_2007-12-11-m0.u82.p2.sent2	Товариші, я прошу, ну, заспокойтеся.
ParlaMint-UA_2007-12-11-m0.u82.p2.sent3	Ну, якщо проголосують - проголосують, не проголосують – не проголосують.
ParlaMint-UA_2007-12-11-m0.u82.p2.sent4	Не переживайте, сідайте!
ParlaMint-UA_2007-12-11-m0.u82.p3.sent1	Будь ласка, Катеринчук Микола Дмитрович.
ParlaMint-UA_2007-12-11-m0.u82.p3.sent2	Заспокойтесь, будь ласка.
ParlaMint-UA_2007-12-11-m0.u83.p1.sent1	Шановний Арсеній Петрович, я хотів би, щоб зараз всі заспокоїлися, тому що, дійсно, картка Олександра Олександр.
ParlaMint-UA_2007-12-11-m0.u83.p1.sent2	Омельченка не спрацювала.
ParlaMint-UA_2007-12-11-m0.u83.p1.sent3	В таких випадках проводиться повторне голосування.
ParlaMint-UA_2007-12-11-m0.u83.p1.sent4	Я просив би вас як Голову Верховної Ради України, поставити ще раз це питання на голосування, тому що Олександр Олександрович Омельченко готовий підтвердити, що його картка не спрацювала з технічних причин.
ParlaMint-UA_2007-12-11-m0.u84.p1.sent1	Шановні народні депутати, я прошу спокійно!
ParlaMint-UA_2007-12-11-m0.u84.p1.sent2	Я хотів би зазначити про те, що є позиція народного депутата про те, що його картка не спрацювала.
ParlaMint-UA_2007-12-11-m0.u85.p1.sent1	З огляду на це, я хочу поставити на голосування питання щодо повернення до голосування на призначення на кандидатуру Прем’єр-міністра.
ParlaMint-UA_2007-12-11-m0.u85.p1.sent2	Поставити на голосування питання.
ParlaMint-UA_2007-12-11-m0.u86.p1.sent1	Карточку дай.
ParlaMint-UA_2007-12-11-m0.u86.p2.sent1	За-225
ParlaMint-UA_2007-12-11-m0.u86.p3.sent1	З огляду на те, що рішення по голосуванню по Прем’єр-міністру не переглянуто та відповідно по Регламенту ми зобов’язані взяти перерву на 30 хвилин.
ParlaMint-UA_2007-12-11-m0.u86.p3.sent2	Дякую.
ParlaMint-UA_2007-12-11-m0.u87.p1.sent1	фракцій знаходяться на зустрічі з Президентом України.
ParlaMint-UA_2007-12-11-m0.u87.p1.sent2	Щойно тільки висловився поки що Симоненко Петро Миколайович.
ParlaMint-UA_2007-12-11-m0.u87.p1.sent3	Зараз дійшла черга до фракції Партії регіонів, яка, власне кажучи, наполягала і просила зустрічі з Президентом України.
ParlaMint-UA_2007-12-11-m0.u87.p2.sent1	Значить, наступний порядок денний пропонується.
ParlaMint-UA_2007-12-11-m0.u87.p2.sent2	Зрозуміло, що зараз відкрити вечірнє засідання Верховної Ради не представляється можливим у силу того, що я навіть зараз не поставлю питання щодо реєстрації народних депутатів.
ParlaMint-UA_2007-12-11-m0.u87.p2.sent3	Якщо я його поставлю, то знову буде те саме, що вже щойно відбувалося.
ParlaMint-UA_2007-12-11-m0.u87.p2.sent4	Тому я не хотів би зараз, щоб ми інспірували внутрішній тут розбрат і ще одні сюжети для українських телеканалів по шоу у Верховній Раді.
ParlaMint-UA_2007-12-11-m0.u87.p2.sent5	Більше того, така позиція, власне кажучи, зараз знаходиться на узгодженні між Президентом і керівниками депутатських фракцій.
ParlaMint-UA_2007-12-11-m0.u87.p2.sent6	Тобто пропозиція наступна: перше – вони завершать консультації; друге – в межах конституційної процедури Президентом України буде прийняте рішення щодо подання кандидатури на пост Прем’єр-міністра України.
ParlaMint-UA_2007-12-11-m0.u87.p2.sent7	Так як ми провели відповідне голосування, я поставив на голосування два рази це запитання.
ParlaMint-UA_2007-12-11-m0.u87.p2.sent8	Щодо другого голосування у мене, м’яко кажучи, ну не те щоб стурбованість викликає, а просто, знаєте, жахлива ситуація, коли вже у Голови Верховної Ради карточку витягують з машини по голосуванню.
ParlaMint-UA_2007-12-11-m0.u87.p3.sent1	Вибачте, колеги, це було голосування про повернення до питання.
ParlaMint-UA_2007-12-11-m0.u87.p3.sent2	Знаєте я не хочу до цього вертатися.
ParlaMint-UA_2007-12-11-m0.u87.p3.sent3	По Регламенту я ще готовий з вами посперечатися.
ParlaMint-UA_2007-12-11-m0.u87.p3.sent4	Разом будемо вивчати.
ParlaMint-UA_2007-12-11-m0.u87.p4.sent1	Тому ще раз зазначаю, що зараз пройдуть політичні консультації.
ParlaMint-UA_2007-12-11-m0.u87.p4.sent2	З огляду на це, наступне засідання Верховної Ради завтра о 10-й годині ранку.
ParlaMint-UA_2007-12-11-m0.u87.p5.sent1	Дякую.
